# STATIONID: 205
# STARTTIME: 1123764836.340000
# SAMPLERATE: 100
# NUMSAMPLES: 8268
0.021374
0.030831
0.010597
0.007400
0.013802
0.021194
0.023988
0.005618
-0.021762
-0.035167
-0.041074
-0.039831
-0.032566
-0.007179
0.007619
0.005526
0.017403
0.023706
0.011660
0.000373
0.002644
0.007068
-0.001398
-0.008926
-0.007475
0.005853
0.007306
-0.001033
-0.000642
0.001198
0.002068
0.000691
0.001625
-0.004614
-0.020754
-0.018607
-0.014218
-0.015709
-0.010325
-0.003367
0.003298
0.011642
0.013343
0.000237
0.000404
-0.000520
0.000961
-0.004122
-0.023983
-0.030718
-0.042247
-0.034988
-0.032208
-0.054328
-0.069849
-0.068578
-0.041206
-0.011373
0.012480
0.032822
0.046657
0.054596
0.056505
0.053345
0.045544
0.033143
0.006596
-0.018886
-0.033146
-0.041617
-0.046237
-0.054381
-0.053114
-0.048090
-0.038743
-0.029103
-0.007863
0.010689
0.020096
0.018037
0.015439
0.001530
-0.015414
-0.005548
0.007140
0.003421
0.000946
-0.006306
-0.023264
-0.032125
-0.036011
-0.032131
-0.028148
-0.015999
-0.000899
0.011380
0.017494
0.016455
0.011217
-0.002156
-0.018507
-0.031764
-0.032104
-0.030821
-0.028190
-0.025446
-0.013398
-0.004883
-0.002924
0.004082
0.010543
0.015219
0.018268
0.018654
0.012209
-0.001298
-0.019454
-0.036854
-0.040326
-0.030897
-0.022052
-0.019330
-0.016414
-0.018637
-0.016430
-0.005460
0.002183
-0.007573
-0.014508
-0.013787
-0.012695
-0.008917
-0.001453
0.001909
0.004472
0.008971
0.008894
0.001818
-0.013337
-0.021924
-0.029062
-0.045206
-0.050854
-0.047948
-0.038711
-0.025207
-0.019071
-0.007373
0.009695
0.031276
0.048991
0.047527
0.044928
0.037718
0.015663
-0.015713
-0.035268
-0.038156
-0.033394
-0.022074
-0.012565
-0.007374
-0.005201
-0.006739
-0.010722
-0.015853
-0.024182
-0.033795
-0.039500
-0.037667
-0.033891
-0.028724
-0.017433
-0.004971
0.005630
0.013163
0.017768
0.019803
0.019402
0.017044
0.013060
0.007925
0.003205
-0.000515
-0.005556
-0.011685
-0.016410
-0.019385
-0.020524
-0.020382
-0.019710
-0.018478
-0.017701
-0.017008
-0.015811
-0.014364
-0.012312
-0.009263
-0.005439
-0.002180
-0.001002
-0.000592
0.000345
0.001705
0.002542
0.002000
-0.000265
-0.002892
-0.004869
-0.005711
-0.007365
-0.012936
-0.021146
-0.018977
-0.007545
0.003359
0.014191
0.022314
0.026832
0.027101
0.024830
0.015961
0.013052
0.010282
0.011386
0.016375
0.011351
0.003872
-0.000608
0.005823
0.010586
0.002143
0.001598
-0.008170
-0.018221
-0.011507
-0.002206
0.000827
-0.001578
0.000226
0.010478
0.013362
0.014042
0.023057
0.026769
0.018967
0.008558
-0.002301
-0.025297
-0.040381
-0.050461
-0.050301
-0.029624
-0.006109
0.005643
0.018027
0.039739
0.057874
0.069471
0.069150
0.055252
0.036740
0.019928
0.002813
-0.007766
-0.006730
0.000490
0.007689
0.011953
-0.003452
-0.016942
-0.007613
0.001180
0.008406
0.019447
0.026232
0.017660
0.013268
0.014090
0.002874
-0.023729
-0.041140
-0.047668
-0.054914
-0.058077
-0.049000
-0.045129
-0.036204
-0.017691
-0.006186
0.004581
0.019407
0.025360
0.004747
-0.034012
-0.059172
-0.071537
-0.069245
-0.052844
-0.033783
-0.016128
-0.000887
0.010158
0.016757
0.018743
0.016802
0.012312
0.004442
-0.001727
0.001878
0.012298
0.017016
0.026188
0.041438
0.051504
0.051962
0.029262
0.005027
-0.018969
-0.033420
-0.024803
-0.014826
-0.006052
0.005115
0.007103
-0.011358
-0.010508
0.002612
-0.006355
-0.013414
-0.008075
-0.000506
0.009857
0.019373
0.020620
0.000666
-0.024294
-0.041509
-0.048428
-0.048362
-0.045136
-0.040331
-0.034954
-0.028794
-0.021823
-0.010932
0.001856
0.012004
0.017242
0.018859
0.019010
0.016145
0.009264
0.000755
-0.005833
-0.009641
-0.008369
-0.007680
-0.013153
-0.019172
-0.022337
-0.011695
-0.000974
0.001294
0.004229
0.006642
0.004964
0.000853
-0.001616
-0.000803
0.002837
0.011436
0.019083
0.019601
0.017225
0.016082
0.015410
0.013028
0.010590
0.009207
0.008005
0.004874
-0.007238
-0.019055
-0.023823
-0.026210
-0.024633
-0.022506
-0.019587
-0.013207
-0.007078
-0.002479
0.002869
0.011394
0.018935
0.021900
0.021464
0.015601
0.008581
0.003974
0.000371
-0.003574
-0.005762
-0.005969
-0.005585
-0.004327
-0.001535
0.002014
0.004992
0.008119
0.009339
0.007244
0.005430
0.008364
0.013613
0.017536
0.020434
0.020803
0.019850
0.017368
0.013882
0.010478
0.007214
0.003815
0.001490
0.001203
0.000834
0.001298
0.003579
-0.002242
-0.007937
-0.004708
0.002232
0.008107
0.012730
0.018434
0.022866
0.025154
0.014495
-0.001533
-0.001166
-0.006396
-0.034201
-0.066205
-0.082181
-0.075746
-0.037541
0.009803
0.043612
0.047603
0.032396
0.016161
0.006479
0.011609
0.023179
0.031723
0.035661
0.035791
0.032920
0.024579
0.016694
0.010309
0.003968
-0.001044
-0.003509
-0.004956
-0.005398
-0.004789
-0.011932
-0.016505
-0.010419
-0.001702
0.004618
0.010045
0.016795
0.023171
0.026262
0.026497
0.025097
0.022200
0.019432
0.016739
0.013364
0.010590
0.007889
0.005883
0.005837
0.006569
0.007624
0.008410
0.009840
0.011443
0.013114
0.013096
0.010366
0.010067
0.011775
0.012513
0.012876
0.013675
0.013764
0.013589
0.013525
0.012707
0.010938
0.010885
0.010634
0.009591
0.002394
-0.009435
-0.009409
-0.002181
0.004277
0.009960
0.014251
0.017622
0.019789
0.020098
0.018964
0.017024
0.015278
0.013119
0.010621
0.008507
0.008070
0.000368
-0.016046
-0.024989
-0.026715
-0.025777
-0.022218
-0.015743
-0.009464
-0.002903
0.002957
0.008414
0.012966
0.017190
0.025412
0.036135
0.042160
0.031818
0.014497
0.012041
0.014955
0.016545
0.009479
-0.008884
-0.024217
-0.033144
-0.043222
-0.041941
-0.021042
0.002495
0.023380
0.039161
0.049857
0.053911
0.053170
0.049851
0.044240
0.036249
0.027100
0.020230
0.015388
0.009310
0.004074
0.001737
0.000460
0.000229
0.001342
0.002450
0.004408
0.008138
0.011591
0.013159
0.013224
0.011420
0.009675
0.008753
0.007966
0.007106
0.007981
0.009345
0.010259
0.012774
0.016049
0.017576
0.017414
0.014855
0.012509
0.012597
0.012716
0.011208
0.010382
0.011279
0.012014
0.011880
0.012420
0.014651
0.016267
0.016025
0.015581
0.015985
0.015442
0.014034
0.012246
0.011324
0.011369
0.010401
0.008956
0.007859
0.007087
0.006543
0.006290
0.007107
0.008326
0.008800
0.010265
0.012065
0.013684
0.014110
0.007459
-0.010010
-0.019056
-0.016549
-0.011642
-0.006094
-0.003516
-0.001726
0.000857
0.002693
0.005546
0.007484
0.007630
0.007701
0.008364
0.008499
0.008070
0.007236
0.007872
0.008934
0.009469
0.007566
0.005317
0.003467
0.002539
0.002126
0.002885
0.005038
0.006053
0.006078
0.005718
0.006901
0.007983
0.004343
-0.002747
-0.009187
-0.013711
-0.015652
-0.015056
-0.012834
-0.010346
-0.008252
-0.006364
-0.004419
-0.002866
-0.001486
-0.000162
0.000886
0.001484
0.001387
0.000921
0.000123
-0.000522
-0.000551
-0.003898
-0.016714
-0.025413
-0.025765
-0.024582
-0.022803
-0.020915
-0.017687
-0.013132
-0.008048
-0.003637
-0.000268
-0.000007
-0.000785
-0.000914
-0.000087
0.000665
-0.000616
-0.002412
-0.003124
-0.003812
-0.004368
-0.003794
-0.003203
-0.004597
-0.006265
-0.006690
-0.007022
-0.007673
-0.008939
-0.008978
-0.008664
-0.007077
-0.003786
0.000532
0.003893
0.005094
0.004774
0.002750
0.000637
-0.000690
-0.002059
-0.003111
-0.004421
-0.005543
-0.006388
-0.003112
0.002828
0.007539
0.010418
0.011044
0.010666
0.010035
0.009176
0.006740
0.004675
0.003822
0.002645
0.001561
0.001739
0.004755
0.008760
0.005433
-0.016738
-0.013156
0.002451
0.001213
0.010264
0.021887
0.014378
0.008924
0.012668
0.017849
0.023584
0.025958
0.025723
0.025394
0.024578
0.022983
0.021138
0.015099
-0.005288
-0.025747
-0.039713
-0.047119
-0.046169
-0.038721
-0.026565
-0.014855
-0.004681
0.003892
0.010831
0.015826
0.020293
0.022045
0.020838
0.018562
0.015448
0.011379
0.007611
0.004800
0.003410
0.003845
0.006831
0.009023
0.009629
0.010445
0.012176
0.013291
0.014395
0.015001
0.014081
0.006979
-0.010554
-0.027331
-0.041181
-0.040887
-0.023430
-0.002511
0.018184
0.033867
0.044493
0.051856
0.056246
0.057186
0.055019
0.051600
0.044865
0.035726
0.013472
-0.009376
-0.016660
-0.019446
-0.017439
-0.012056
-0.005705
-0.000541
0.004598
0.010258
0.014860
0.017753
0.019458
0.019886
0.019314
0.018977
0.018780
0.017516
0.016373
0.015453
0.014572
0.013512
0.012521
0.012266
0.010965
0.008888
0.006902
0.006255
0.006270
0.006364
0.007061
0.009016
0.011118
0.011609
0.011929
0.011753
0.011719
0.013077
0.013284
0.013216
0.013464
0.013025
0.012158
0.011242
0.010050
0.008509
0.006657
0.005491
0.005033
0.004617
0.005910
0.008376
0.008658
0.008141
0.008885
0.010852
0.005906
-0.014853
-0.021951
-0.013581
0.000209
0.012329
0.020644
0.014902
-0.006605
-0.009537
0.001502
0.013360
0.024924
0.032154
0.035032
0.023950
0.005006
0.002458
0.002169
0.003587
0.005403
0.009057
0.011059
0.013300
0.015819
0.016686
0.015727
0.005503
-0.002038
-0.008288
-0.017895
-0.013393
-0.017403
-0.034365
-0.031610
-0.020917
-0.007112
0.007334
0.020216
0.028982
0.034316
0.035924
0.032625
0.027872
0.023282
0.018170
0.012422
0.007400
0.004456
0.003376
0.003319
0.003721
0.004732
0.005689
0.007801
0.009414
0.010001
0.012268
0.014584
0.014492
0.014093
0.005310
-0.011036
-0.014218
-0.013371
-0.010000
-0.005526
-0.007602
-0.013109
-0.014082
-0.006940
0.002443
0.012933
0.021948
0.028379
0.031240
0.031022
0.030057
0.026854
0.022579
0.017323
0.010156
-0.002988
-0.016661
-0.027027
-0.045290
-0.057576
-0.059208
-0.058625
-0.055527
-0.050186
-0.030975
-0.001234
0.024060
0.040779
0.038379
0.024826
0.019465
0.019060
0.016121
0.011251
0.003195
-0.018491
-0.044085
-0.058901
-0.063576
-0.067230
-0.061002
-0.043410
-0.029885
-0.023574
-0.019083
-0.014497
-0.010395
-0.004723
-0.000202
0.002597
0.004239
0.002993
0.000406
-0.003679
-0.008298
-0.011370
-0.013143
-0.012630
-0.011792
-0.010553
-0.008358
-0.006609
-0.007134
-0.008732
-0.013434
-0.022170
-0.027824
-0.028846
-0.025276
-0.011275
-0.001145
0.000637
0.000526
0.002103
0.010540
0.018570
0.021910
0.022042
0.020262
0.016264
0.011111
0.005938
0.000409
-0.003988
-0.006997
-0.008826
-0.009341
-0.008931
-0.008742
-0.008696
-0.008079
-0.007054
-0.005673
-0.003371
-0.001050
0.001169
0.003463
0.003211
0.001440
0.000706
0.000515
-0.000293
0.000719
0.005519
0.008730
0.007933
0.005080
0.003154
0.001888
0.001076
0.000165
0.000077
-0.000498
-0.002740
-0.003535
-0.002845
-0.000620
-0.000366
0.000707
0.006298
0.013050
0.022569
0.033383
0.040904
0.031338
0.006817
-0.007516
-0.020537
-0.030263
-0.026458
-0.016113
-0.005841
0.004345
0.012792
0.021874
0.028789
0.031678
0.031544
0.028695
0.021488
0.009784
0.002419
-0.000714
-0.007042
-0.022471
-0.028772
-0.026009
-0.021499
-0.013344
-0.004457
0.004884
0.013603
0.021403
0.027519
0.030518
0.031756
0.030165
0.026029
0.008039
-0.017149
-0.032707
-0.043677
-0.050081
-0.049225
-0.040779
-0.025119
-0.013783
-0.015574
-0.016634
-0.014489
-0.011146
-0.008438
-0.006073
-0.003704
-0.000785
0.001382
0.001081
-0.000599
-0.002323
-0.003349
-0.000663
0.003250
0.004651
0.004612
0.000994
-0.001478
-0.003508
-0.007971
-0.012252
-0.013641
-0.012762
-0.011071
-0.008546
-0.009079
-0.012070
-0.011184
-0.006476
-0.003841
-0.002555
-0.000612
0.000573
0.000717
-0.000369
-0.002175
-0.004014
-0.005475
-0.009534
-0.011965
-0.008888
-0.003431
0.002365
0.004050
0.003547
0.000703
-0.002427
-0.004474
-0.006630
-0.008472
-0.009734
-0.010178
-0.009581
-0.008555
-0.006561
-0.004870
-0.003133
-0.001913
0.001594
0.015393
0.027881
0.037462
0.049407
0.060597
0.061233
0.043741
0.030334
0.027676
0.027295
0.027043
0.025312
0.019465
0.013466
0.010454
0.010012
0.010262
0.013050
0.015549
0.015817
0.015772
0.016517
0.016181
0.015841
0.016210
0.017016
0.017843
0.018723
0.018984
0.019097
0.018858
0.019059
0.019634
0.019963
0.018266
0.015980
0.013768
0.013150
0.012854
0.011824
0.011755
0.013048
0.016773
0.019651
0.019795
0.019237
0.017576
0.015561
0.013737
0.014242
0.016161
0.017363
0.017611
0.016256
0.013722
0.012547
0.012016
0.011547
0.011970
0.013401
0.014696
0.014753
0.014648
0.013896
0.014422
0.015837
0.016382
0.016460
0.016798
0.017423
0.017903
0.017504
0.018299
0.019000
0.018727
0.016429
0.012774
0.010960
0.011237
0.014818
0.020267
0.023249
0.023693
0.022546
0.019626
0.015658
0.011346
0.009172
0.008557
0.007626
0.007538
0.008138
0.009250
0.010905
0.011718
0.011862
0.012570
0.014089
0.015319
0.015489
0.016274
0.017195
0.017316
0.016602
0.015831
0.014852
0.013346
0.012942
0.012567
0.013036
0.014159
0.013863
0.013748
0.014053
0.014456
0.014642
0.014628
0.013983
0.012661
0.010086
0.008452
0.009194
0.010847
0.011756
0.013144
0.015205
0.016242
0.017050
0.018120
0.017288
0.013353
0.008062
0.003696
0.000158
-0.003556
-0.006368
-0.008399
-0.010075
-0.011427
-0.012412
-0.012644
-0.009243
-0.002670
0.002861
0.007682
0.008904
0.007073
-0.007657
-0.018915
-0.019206
-0.015626
-0.008413
-0.001031
0.004564
0.005629
0.007030
0.007717
0.006238
0.003067
0.000333
-0.001451
-0.003060
-0.003911
-0.004501
-0.004955
-0.003140
-0.001621
-0.000737
-0.000618
-0.002061
-0.020378
-0.047076
-0.051803
-0.050194
-0.041971
-0.032321
-0.025334
-0.013717
-0.005613
-0.010935
-0.017997
-0.025381
-0.030894
-0.028869
-0.024994
-0.027940
-0.022998
0.001353
0.023989
0.028363
0.016634
0.005067
-0.000596
0.003266
0.015192
0.022837
0.027587
0.030328
0.030344
0.027393
0.023717
0.020088
0.017006
0.013963
0.010007
0.004627
-0.008010
-0.027148
-0.038634
-0.044790
-0.044139
-0.033569
-0.018628
0.000159
0.019646
0.036915
0.047159
0.050279
0.050945
0.049625
0.044142
0.037188
0.029882
0.022213
0.014291
0.007192
0.004242
0.002823
0.002893
-0.010908
-0.039575
-0.043820
-0.034012
-0.022373
-0.008675
0.004773
0.017695
0.028714
0.037004
0.042063
0.043279
0.041561
0.037306
0.028934
0.020376
0.013741
0.007521
0.003094
0.000408
-0.002100
-0.002960
-0.001810
-0.001137
0.000502
0.001220
0.001172
-0.022333
-0.048265
-0.046908
-0.037975
-0.031184
-0.032311
-0.033174
-0.031115
-0.022659
-0.010200
0.002265
0.011641
0.018033
0.020872
0.014406
0.001652
-0.001985
-0.008051
-0.024191
-0.034947
-0.039623
-0.040853
-0.039919
-0.037812
-0.034832
-0.031202
-0.027339
-0.021714
-0.014246
-0.006139
0.003773
0.012393
0.016720
0.018656
0.020022
0.019569
0.017749
0.010768
-0.002942
-0.015573
-0.018960
-0.014290
-0.011652
-0.009071
-0.005247
-0.001016
0.002275
0.004711
0.006809
0.008400
0.008028
0.007066
0.005430
0.002978
-0.000144
-0.007874
-0.017538
-0.022096
-0.023344
-0.023899
-0.024137
-0.023445
-0.020912
-0.016195
-0.012213
-0.008699
-0.005727
-0.004672
-0.004510
-0.003708
0.000751
0.010258
0.019669
0.026192
0.031307
0.034155
0.020750
0.007291
0.008673
0.010438
0.011800
0.011070
0.009022
0.007471
0.006470
0.004999
0.004670
0.005559
0.006849
0.008232
0.008923
0.008606
0.008943
0.009509
0.009383
0.008577
0.007531
0.005441
0.003231
0.002848
0.003703
0.004678
0.005173
0.004678
0.003758
0.002214
0.001335
0.001740
0.001989
0.001502
-0.001404
-0.019243
-0.033209
-0.028484
-0.019522
-0.010410
-0.001331
0.006792
0.014763
0.022462
0.028883
0.032923
0.033449
0.032369
0.030548
0.026199
0.019036
0.012344
0.006938
0.002133
-0.001127
-0.003329
-0.004666
-0.004985
-0.004924
-0.004636
-0.003214
-0.000284
0.002390
0.005347
0.007335
0.008447
0.010175
0.010904
0.011162
0.011087
0.010014
0.008102
0.006115
0.004358
0.002441
0.000638
-0.000246
-0.000433
-0.000852
-0.000368
0.000962
0.002999
0.005374
0.007532
0.008619
0.010221
-0.001576
-0.025378
-0.030586
-0.028598
-0.024514
-0.018807
-0.012215
-0.005896
0.000713
-0.004628
-0.008263
0.002476
0.013901
0.021310
0.027735
0.033346
0.037879
0.038515
0.036004
0.032587
0.029011
0.023668
0.018382
0.014450
0.012151
0.010196
0.008614
0.008363
0.009141
0.010084
0.009030
0.007512
0.006974
0.007053
0.008010
0.008737
0.008902
0.008836
0.008827
0.009112
0.008919
0.010015
0.012025
0.012685
0.012437
0.011387
0.011636
0.012734
0.013614
0.005904
-0.020228
-0.046255
-0.052481
-0.047680
-0.038208
-0.027431
-0.020078
-0.014942
-0.007513
0.001562
0.010774
0.018186
0.022065
0.023904
0.024593
0.023232
0.020020
0.014801
0.010882
-0.002673
-0.032851
-0.057785
-0.079735
-0.084647
-0.070295
-0.053742
-0.052791
-0.062996
-0.064255
-0.054711
-0.039476
-0.026849
-0.019879
-0.009126
0.008021
0.019707
0.027884
0.030308
0.028658
0.023237
0.016090
0.007014
-0.000892
-0.006301
-0.011015
-0.014199
-0.016945
-0.019678
-0.020191
-0.018699
-0.016085
-0.013169
-0.010785
-0.008962
-0.006564
-0.002910
0.000934
0.003487
0.003979
0.003914
0.002254
-0.000805
-0.004757
-0.009375
-0.012289
-0.014770
-0.016575
-0.016716
-0.015562
-0.014430
-0.013627
-0.011610
-0.008132
-0.005218
-0.003004
-0.001205
-0.000500
-0.001975
-0.006389
-0.012000
-0.014114
-0.013478
-0.013155
-0.013230
-0.013291
-0.010949
-0.007962
-0.005764
-0.003537
-0.002972
-0.003127
-0.002194
-0.000721
-0.000287
-0.000346
-0.001299
-0.003306
-0.005387
-0.007075
-0.009031
-0.010876
-0.011250
-0.010302
-0.008673
-0.006752
-0.005305
-0.004025
-0.002334
-0.000709
0.001464
0.004125
0.006584
0.007063
0.005538
0.003465
0.002144
0.000976
-0.001562
-0.004906
-0.007289
-0.010466
-0.013018
-0.013893
-0.013722
-0.012981
-0.011773
-0.009531
-0.007136
-0.003809
0.000458
0.001698
0.001705
0.001436
-0.000400
-0.002030
-0.001835
-0.001520
-0.001311
-0.002620
-0.003896
-0.004399
-0.005181
-0.006003
-0.006339
-0.006678
-0.006225
-0.004565
-0.004597
-0.005077
-0.004366
-0.002759
-0.000805
-0.000023
-0.000195
-0.000532
-0.002463
-0.003448
-0.001749
0.000172
0.000259
-0.001377
-0.001290
-0.000727
-0.001310
-0.002052
-0.002248
-0.001508
-0.000749
-0.001608
-0.002562
-0.002977
-0.003275
-0.003136
-0.001487
0.002605
0.006908
0.009112
0.008343
0.005024
0.001921
-0.000154
-0.001544
-0.002969
-0.004612
-0.007110
-0.009728
-0.012582
-0.014384
-0.014229
-0.013927
-0.014588
-0.015760
-0.017497
-0.014653
-0.008720
-0.003700
0.000425
0.004572
0.007545
0.010518
0.014689
0.015500
0.013464
0.010742
0.006352
0.002812
0.000003
-0.002836
-0.004551
-0.006329
-0.007191
-0.006973
-0.007077
-0.007252
-0.007486
-0.005980
-0.002612
0.001469
0.005363
0.006606
0.006281
0.005764
0.005999
0.006441
0.006792
0.005313
0.003126
0.002169
0.002840
0.004105
0.005050
0.005394
0.005573
0.006001
0.005773
0.004598
0.003022
0.001388
0.000012
-0.000512
-0.000864
0.000700
0.002404
0.001919
0.000417
0.000186
0.000199
-0.000273
-0.000596
0.000406
0.002432
0.003749
0.005071
0.006659
0.007566
0.007083
0.006248
0.005702
0.005654
0.005501
0.003786
0.001891
0.000993
0.000476
0.001201
0.002384
0.002378
0.001961
0.000818
0.000174
-0.000473
-0.001809
-0.001873
-0.001258
-0.000609
0.000374
0.000788
0.001183
0.001357
0.000679
0.001061
0.001090
0.000695
0.000851
0.001074
0.001823
0.002764
0.003503
0.003972
0.004673
0.004201
0.003885
0.004700
0.004729
0.003638
0.003303
0.002889
0.001407
0.001803
0.002816
0.002482
0.002843
0.003163
0.003431
0.004209
0.004504
0.004714
0.004148
0.002455
0.000856
0.000574
0.000876
0.001486
0.001835
0.001927
0.001836
0.002424
0.004816
0.004973
0.003356
0.002511
0.001729
0.000344
-0.002928
-0.005815
-0.007439
-0.008135
-0.007997
-0.006990
-0.005141
-0.003868
-0.003049
-0.001257
0.000123
-0.000108
0.000101
0.000807
0.000903
0.001526
0.003613
0.005623
0.006662
0.006294
0.005376
0.004990
0.004193
0.003530
0.002307
0.000330
-0.000452
-0.001054
-0.003249
-0.005709
-0.006142
-0.005657
-0.005315
-0.004732
-0.002180
0.001405
0.003938
0.005625
0.006405
0.006323
0.005045
0.004212
0.003570
0.002741
0.002074
0.001635
0.001760
0.001707
0.000208
-0.001586
-0.001567
-0.000177
0.001268
0.001827
0.001360
0.000423
-0.000127
0.000578
0.001170
0.001981
0.002848
0.004389
0.005812
0.005027
0.004043
0.004495
0.004251
0.003344
0.002557
0.001973
0.002338
0.002722
0.002370
0.003008
0.003934
0.004171
0.003564
0.004226
0.005042
0.004699
0.004801
0.004672
0.003800
0.003088
0.002347
0.000995
0.000019
0.000055
0.000340
-0.000635
-0.001302
-0.002256
-0.002739
-0.002405
-0.002668
-0.002496
-0.000566
0.000913
0.001416
0.002790
0.004553
0.005652
0.006457
0.006830
0.006438
0.005538
0.004773
0.004985
0.004695
0.003891
0.003971
0.003970
0.003510
0.003322
0.003712
0.003052
0.002357
0.001580
-0.000082
0.000162
0.001067
0.001307
0.001572
0.001553
0.000529
0.000734
0.000993
0.000512
0.000389
-0.000290
-0.000663
0.000077
0.001795
0.002263
0.001961
0.001563
0.000867
0.001109
0.001601
0.002184
0.002434
0.002288
0.002480
0.002553
0.000417
-0.002343
-0.003029
-0.003176
-0.003951
-0.004770
-0.004361
-0.003265
-0.001591
0.001052
0.004236
0.006273
0.007805
0.008370
0.008093
0.007498
0.006709
0.004983
0.002479
-0.000529
-0.003339
-0.005251
-0.006696
-0.007045
-0.007185
-0.006617
-0.007028
-0.008532
-0.008986
-0.008451
-0.007037
-0.005954
-0.004819
-0.003534
-0.002891
-0.004087
-0.006753
-0.010000
-0.012630
-0.012744
-0.011468
-0.010094
-0.008631
-0.006613
-0.004580
-0.002344
-0.000513
0.000760
0.000337
-0.000704
-0.000659
-0.002539
-0.005338
-0.006750
-0.007615
-0.007497
-0.006984
-0.005400
-0.003257
0.001618
0.007680
0.013060
0.017647
0.022382
0.025696
0.026474
0.027017
0.026769
0.024359
0.020940
0.017855
0.016915
0.018662
0.020325
0.020615
0.019491
0.017441
0.015712
0.014227
0.014525
0.015154
0.015100
0.015171
0.014944
0.014319
0.014612
0.014699
0.014366
0.013662
0.012872
0.012985
0.012819
0.013535
0.015419
0.016718
0.016381
0.015505
0.015757
0.015615
0.015466
0.015460
0.014720
0.014050
0.013628
0.013603
0.014435
0.015310
0.015984
0.015938
0.015502
0.014529
0.013643
0.013467
0.013655
0.014445
0.015094
0.016090
0.017574
0.018813
0.019937
0.019733
0.018464
0.016678
0.014720
0.013320
0.012471
0.011957
0.011067
0.010636
0.011062
0.011232
0.011581
0.012820
0.013283
0.014714
0.015640
0.016018
0.017653
0.019553
0.020257
0.020165
0.020072
0.019365
0.016780
0.014774
0.015118
0.014645
0.012834
0.012380
0.012399
0.012534
0.012818
0.012643
0.012911
0.012246
0.011412
-0.007225
-0.045803
-0.070104
-0.083519
-0.090196
-0.089142
-0.073968
-0.046651
-0.019845
0.004288
0.025834
0.042083
0.050827
0.052589
0.049889
0.042952
0.033400
0.024798
0.014558
-0.000071
-0.013455
-0.018310
-0.016791
-0.012513
-0.006353
0.001977
0.009098
0.013581
0.015356
0.015900
0.015824
0.015560
0.016770
0.017369
0.018633
0.020916
0.021545
0.018835
0.014614
0.010913
0.007119
0.004117
0.003754
0.003939
0.003264
0.001548
-0.000231
-0.001464
-0.001776
-0.001338
0.000892
0.002393
0.003432
0.005537
0.007840
0.009144
0.009416
0.009023
0.008473
0.006309
0.002854
0.000813
-0.000219
0.000430
0.001055
0.000875
0.001419
0.001786
0.002480
0.003525
0.004494
0.005666
0.006598
0.008451
0.009475
0.007603
0.006442
0.006441
0.005440
0.003793
0.002108
0.000752
0.000199
0.000953
0.001960
0.002977
0.005416
0.011647
0.017708
0.018809
0.015465
0.011389
0.007512
0.004846
0.001812
0.000380
-0.000154
-0.000217
-0.019375
-0.044528
-0.046093
-0.037478
-0.026677
-0.016292
-0.005764
0.003962
0.013684
0.019012
0.019963
0.017576
0.012266
0.003077
-0.006215
-0.015028
-0.024119
-0.026146
-0.022305
-0.011607
-0.000435
0.008091
0.015015
0.018826
0.020621
0.021317
0.019021
0.014318
0.009714
0.005857
0.002790
0.000329
-0.000552
-0.001322
-0.002374
-0.002266
-0.001393
-0.000475
-0.000335
-0.000768
0.000245
0.002598
0.004668
0.006229
0.007324
0.008220
0.008173
0.008181
0.009171
0.009325
0.009037
0.009046
0.008473
0.007524
0.006414
0.004881
0.003668
0.004773
0.008363
0.011559
0.014393
0.016806
0.018809
0.020501
0.020485
0.019033
0.017219
0.015383
0.012927
0.011255
0.009614
0.008317
0.007505
0.007581
0.007183
0.006125
0.006147
0.006727
0.008744
0.010889
0.011749
0.012527
0.012760
0.012235
0.012145
0.012997
0.012290
0.010617
0.010033
0.010032
0.010533
0.012103
0.013291
0.013045
0.011620
0.010847
0.011668
0.011483
0.008841
0.005597
0.003592
0.001361
-0.002646
-0.005085
-0.006317
-0.005119
-0.004170
-0.003269
-0.018554
-0.046188
-0.048937
-0.041951
-0.032524
-0.021612
-0.010330
0.001763
0.012875
0.011318
-0.008842
-0.027507
-0.039216
-0.049290
-0.054068
-0.052748
-0.039397
-0.023229
-0.022078
-0.032072
-0.030175
-0.023819
-0.024920
-0.025837
-0.025283
-0.025357
-0.022756
-0.010067
0.002450
0.011508
0.018015
0.020288
0.020118
0.018108
0.014981
0.007774
-0.002288
-0.010552
-0.016855
-0.022734
-0.028756
-0.032961
-0.035025
-0.035107
-0.033532
-0.029827
-0.024859
-0.018711
-0.012554
-0.008275
-0.004922
-0.002380
-0.000715
-0.000515
-0.001071
-0.002325
-0.006548
-0.012407
-0.017345
-0.020447
-0.023977
-0.025789
-0.026469
-0.028089
-0.027231
-0.022791
-0.017505
-0.012154
-0.005565
0.000826
0.007380
0.014378
0.015710
0.010615
0.004154
-0.001033
-0.006698
-0.014534
-0.019903
-0.022226
-0.022145
-0.020021
-0.016348
-0.012672
-0.009449
-0.005894
-0.003996
-0.003709
-0.004737
-0.006208
-0.007096
-0.007661
-0.009580
-0.011933
-0.013964
-0.014879
-0.013990
-0.012865
-0.011005
-0.007832
-0.005819
-0.005622
-0.005200
-0.005527
-0.008052
-0.009930
-0.011583
-0.012153
-0.010712
-0.008188
-0.007082
-0.006926
-0.006035
-0.005471
-0.004935
-0.004193
-0.002738
-0.001153
-0.000657
-0.000999
0.000012
0.001542
0.002677
0.002691
0.000144
-0.002962
-0.004583
-0.005726
-0.007290
-0.008766
-0.009698
-0.010774
-0.012295
-0.014141
-0.014162
-0.012404
-0.012371
-0.011923
-0.008202
-0.004752
-0.003970
-0.004722
-0.006929
-0.010162
-0.012747
-0.013075
-0.012201
-0.011801
-0.011845
-0.010859
-0.008786
-0.006833
-0.004854
-0.004560
-0.005982
-0.005763
-0.004432
-0.003261
-0.001968
-0.001267
-0.001464
-0.002715
-0.004527
-0.006316
-0.006885
-0.006838
-0.006506
-0.007610
-0.010045
-0.010548
-0.009622
-0.004880
0.000187
0.001053
0.000458
0.000845
0.001797
0.003599
0.005267
0.004436
0.000579
-0.004277
-0.008310
-0.010112
-0.010038
-0.009500
-0.008278
-0.004866
-0.000103
0.002928
0.004339
0.004097
0.001992
-0.000306
-0.002463
-0.006589
-0.011442
-0.013390
-0.013213
-0.010182
-0.006340
-0.006273
-0.006012
-0.005574
-0.005030
-0.004041
-0.003393
-0.002983
-0.003858
-0.005723
-0.008049
-0.009309
-0.007211
-0.003729
0.000247
0.004291
0.006076
0.005884
0.002939
-0.001992
-0.006550
-0.011160
-0.013755
-0.011540
-0.001728
0.009210
0.014380
0.012028
0.004430
-0.002275
-0.004922
-0.006649
-0.008390
-0.013639
-0.019902
-0.022209
-0.021277
-0.019395
-0.018232
-0.016803
-0.013419
-0.007551
-0.003738
-0.003018
-0.006769
-0.012703
-0.012612
-0.005701
0.005426
0.012493
0.011900
0.004822
-0.006165
-0.016883
-0.023247
-0.022882
-0.017267
-0.008281
-0.000729
0.000440
-0.003508
-0.013168
-0.023288
-0.026320
-0.021901
-0.010447
0.004068
0.014368
0.015856
0.012199
0.005889
0.001122
-0.003218
-0.006073
-0.006113
-0.005907
-0.008934
-0.013768
-0.015331
-0.012332
-0.005808
-0.000006
0.002348
-0.000081
-0.004910
-0.007410
-0.007393
-0.005076
-0.001659
-0.000312
-0.001221
-0.002227
-0.001476
0.000474
0.000741
-0.001202
-0.006211
-0.010501
-0.009533
-0.003055
0.005067
0.007896
0.004502
-0.005658
-0.017565
-0.025908
-0.025788
-0.017236
-0.004953
0.004467
0.008149
0.009725
0.010907
0.010079
0.005887
0.001586
-0.002281
-0.007907
-0.012998
-0.014424
-0.012642
-0.007213
0.000113
0.010367
0.023929
0.035544
0.037695
0.029441
0.011408
-0.010316
-0.027726
-0.031322
-0.025269
-0.016369
-0.009635
-0.008832
-0.011559
-0.015148
-0.018491
-0.020551
-0.019783
-0.014286
-0.003246
0.010776
0.024360
0.032885
0.032643
0.024213
0.011849
0.001889
-0.002432
-0.003078
-0.002958
-0.007044
-0.019193
-0.033069
-0.045090
-0.053571
-0.057810
-0.058155
-0.049749
-0.032763
-0.015236
0.000456
0.008278
0.008720
0.003336
-0.004362
-0.010543
-0.009247
0.007648
0.027344
0.041810
0.049732
0.051221
0.047384
0.036551
0.023787
0.014033
0.007753
0.006092
0.006082
0.002653
-0.004616
-0.015258
-0.026982
-0.036746
-0.045978
-0.052869
-0.054707
-0.049749
-0.040049
-0.033494
-0.028662
-0.018736
-0.005153
0.006037
0.010001
0.009143
0.005797
0.002205
0.000577
-0.002137
-0.005680
-0.007621
-0.008501
-0.006346
-0.001010
0.008281
0.016148
0.017557
0.013459
0.004176
-0.008442
-0.019169
-0.027299
-0.032921
-0.034941
-0.030975
-0.020862
-0.008289
0.000613
0.004895
0.006876
0.008251
0.010881
0.014685
0.016943
0.016953
0.012963
0.005473
-0.003072
-0.010484
-0.015952
-0.018598
-0.018443
-0.016697
-0.015506
-0.017420
-0.020029
-0.021382
-0.022105
-0.019477
-0.013326
-0.005941
0.002920
0.013233
0.021876
0.028334
0.031480
0.029389
0.021768
0.007657
-0.010358
-0.026896
-0.038126
-0.041737
-0.038528
-0.031918
-0.025040
-0.017854
-0.010352
-0.002948
0.004520
0.011122
0.017046
0.020152
0.019885
0.017630
0.011581
0.002013
-0.011426
-0.024700
-0.030830
-0.030325
-0.022974
-0.010713
0.000820
0.009993
0.014742
0.014044
0.008078
-0.001793
-0.011930
-0.018713
-0.020023
-0.015336
-0.005674
0.003160
0.007837
0.006488
0.001441
-0.005284
-0.010895
-0.014254
-0.015790
-0.017319
-0.018096
-0.016435
-0.011500
-0.004200
0.004617
0.012785
0.017358
0.016890
0.012386
0.004884
-0.003843
-0.012490
-0.019498
-0.023098
-0.021624
-0.016636
-0.009647
-0.003055
-0.000938
-0.003050
-0.006972
-0.009426
-0.010181
-0.007914
-0.004210
-0.001481
-0.000172
0.000201
0.001809
0.004840
0.007585
0.007153
0.004421
0.000306
-0.004152
-0.008365
-0.011244
-0.012419
-0.012931
-0.013266
-0.014089
-0.016299
-0.017625
-0.017434
-0.015675
-0.010101
-0.002829
0.004582
0.010827
0.012842
0.012261
0.009315
0.004969
0.001205
-0.001367
-0.001322
0.000448
0.000557
-0.002025
-0.006285
-0.012223
-0.019160
-0.022783
-0.022691
-0.020115
-0.014675
-0.010544
-0.008082
-0.013045
-0.028395
-0.043068
-0.054099
-0.060063
-0.058690
-0.049939
-0.037632
-0.027097
-0.020285
-0.016437
-0.014811
-0.016560
-0.020117
-0.022558
-0.027024
-0.032084
-0.039287
-0.048438
-0.065628
-0.089153
-0.102515
-0.104236
-0.099558
-0.090453
-0.079368
-0.062067
-0.039771
-0.009490
0.029461
0.059730
0.072752
0.070898
0.058476
0.041059
0.022925
0.005560
-0.012243
-0.029707
-0.042457
-0.047965
-0.047267
-0.041033
-0.034608
-0.027975
-0.024093
-0.016258
-0.008687
-0.010108
-0.011256
-0.011366
-0.013733
-0.018037
-0.024287
-0.032699
-0.036602
-0.034942
-0.028126
-0.017766
-0.010434
-0.007173
-0.005252
-0.005760
-0.008774
-0.011639
-0.011987
-0.011715
-0.011277
-0.018815
-0.026135
-0.025553
-0.025307
-0.044460
-0.080567
-0.104904
-0.117044
-0.118083
-0.112192
-0.098275
-0.079256
-0.055972
-0.030059
-0.011769
0.001093
0.011865
0.022857
0.039046
0.046724
0.042693
0.033863
0.030304
0.030837
0.034372
0.035167
0.029187
0.019181
0.008825
0.001689
-0.004263
-0.009904
-0.014186
-0.022567
-0.037134
-0.049495
-0.057279
-0.059546
-0.059429
-0.059642
-0.059014
-0.052479
-0.040846
-0.025803
-0.013024
-0.004754
0.001494
0.002003
-0.005857
-0.015096
-0.026054
-0.045070
-0.068521
-0.090997
-0.103160
-0.106872
-0.103802
-0.093166
-0.074791
-0.055058
-0.038181
-0.025665
-0.014302
-0.000992
0.007197
0.012544
0.031185
0.058048
0.070999
0.074616
0.069443
0.059121
0.044609
0.027710
0.010079
-0.004792
-0.016540
-0.025506
-0.031592
-0.034866
-0.037536
-0.038290
-0.035594
-0.030679
-0.023634
-0.014003
-0.005569
0.000515
0.003393
0.003161
0.000738
-0.002380
-0.003827
-0.004584
-0.006486
-0.007448
-0.007255
-0.007061
-0.007045
-0.007765
-0.008562
-0.009119
-0.008699
-0.009448
-0.010960
-0.012617
-0.015234
-0.016187
-0.014307
-0.010762
-0.004942
0.002127
0.008077
0.011725
0.012596
0.009242
0.002289
-0.005215
-0.012227
-0.016157
-0.016449
-0.012843
-0.007086
-0.002239
0.001902
0.004904
0.008105
0.009087
0.007239
0.005444
0.002825
-0.000610
-0.004336
-0.006917
-0.005729
0.002761
0.011826
0.017627
0.022568
0.024734
0.024316
0.022675
0.020070
0.017999
0.015816
0.013453
0.011212
0.007726
0.004682
0.003153
0.001336
-0.001618
-0.002862
-0.003976
-0.005407
-0.005315
-0.003321
0.000426
0.004253
0.006130
0.005229
0.002357
-0.000730
-0.001176
-0.000570
0.000911
0.001934
0.002492
0.004540
0.007064
0.008418
0.007959
0.005579
0.002920
0.001705
0.000362
-0.000794
-0.001575
-0.000634
0.000794
0.000018
-0.007390
-0.031871
-0.052935
-0.059652
-0.061488
-0.060017
-0.055030
-0.046222
-0.035587
-0.024678
-0.015114
-0.006421
0.001174
0.006230
0.008139
0.006303
0.002546
-0.001865
-0.007315
-0.012493
-0.016821
-0.020481
-0.023234
-0.024696
-0.024690
-0.021591
-0.013402
-0.005127
0.000446
0.004606
0.005543
0.004073
0.000838
-0.002161
-0.003121
-0.001494
-0.000404
-0.003811
-0.010234
-0.017444
-0.023992
-0.027207
-0.028172
-0.027094
-0.023154
-0.017646
-0.011235
-0.005023
0.000864
0.005274
0.007201
0.006120
-0.000483
-0.010079
-0.018159
-0.024137
-0.031757
-0.039801
-0.042112
-0.042083
-0.037439
-0.026708
-0.017684
-0.011838
-0.008425
-0.006872
-0.003475
0.002463
0.006668
0.008105
0.007409
0.004652
0.002414
0.002159
0.001760
0.001529
0.002611
0.002746
0.002205
0.001323
0.000054
-0.001927
-0.004979
-0.009579
-0.008175
-0.000603
0.005155
0.010058
0.011565
0.011843
0.006405
-0.004679
-0.012629
-0.018420
-0.022967
-0.027679
-0.030547
-0.029967
-0.027006
-0.023194
-0.018428
-0.014529
-0.010371
-0.005807
-0.003120
-0.000761
0.000298
-0.000482
-0.003209
-0.008208
-0.013588
-0.018026
-0.020844
-0.019652
-0.013388
-0.005912
0.001052
0.006565
0.011377
0.014651
0.015022
0.013311
0.010644
0.010150
0.009415
0.006274
0.007361
0.010667
0.010996
0.008222
0.002985
-0.001787
-0.006358
-0.010179
-0.010147
-0.007772
-0.005394
-0.004687
-0.004492
-0.004658
-0.005487
-0.006525
-0.007360
-0.006507
-0.002788
0.004916
0.012190
0.018680
0.025143
0.030537
0.032390
0.031432
0.027540
0.021391
0.014402
0.008235
0.002852
-0.002821
-0.005900
-0.006252
-0.005325
-0.002902
0.001330
0.005978
0.010402
0.014578
0.016918
0.016822
0.014639
0.011620
0.009349
0.006780
0.003810
0.002316
0.001696
0.001169
0.002446
0.004119
0.006471
0.008655
0.010163
0.012041
0.012975
0.014007
0.014252
0.012373
0.010346
0.007760
0.004756
0.001598
-0.001106
-0.001358
-0.000692
0.000383
0.002931
0.005661
0.007431
0.008626
0.010391
0.012806
0.014794
0.015794
0.015649
0.011999
0.006004
0.001575
-0.001783
-0.004226
-0.005337
-0.005088
-0.004345
-0.002205
0.000551
0.002451
0.004899
0.007061
0.007850
0.008203
0.007313
0.005744
0.004054
0.003668
0.003660
0.004404
0.006403
0.008670
0.009957
0.010125
0.009235
0.007645
0.005747
0.003415
0.002304
0.002197
0.001879
0.001915
0.002551
0.003452
0.003956
0.004789
0.005219
0.004485
0.005323
0.006303
0.006491
0.006591
0.005606
0.005522
0.008248
0.013449
0.017744
0.020927
0.022277
0.022762
0.021292
0.016919
0.012662
0.010629
0.009518
0.007894
0.005726
0.004611
0.004176
0.003977
0.004328
0.005118
0.005363
0.006272
0.005673
0.001951
-0.001207
-0.003236
-0.002698
-0.000445
-0.000043
-0.004382
-0.015041
-0.026849
-0.036727
-0.042459
-0.044742
-0.043547
-0.040936
-0.036991
-0.031262
-0.025017
-0.019346
-0.018212
-0.020039
-0.011489
0.005462
0.017959
0.025953
0.029536
0.029318
0.027485
0.024487
0.019406
0.012835
0.006526
0.000539
-0.005223
-0.009511
-0.012917
-0.015675
-0.017459
-0.017057
-0.014826
-0.011058
-0.006053
-0.000318
0.006064
0.010651
0.012881
0.014364
0.013605
0.011020
0.006965
0.003408
0.000813
-0.002804
-0.005569
-0.006659
-0.006457
-0.006270
-0.007464
-0.008056
-0.007045
-0.005276
-0.003688
-0.002496
-0.001040
-0.000041
0.002492
0.005642
0.005986
0.003031
-0.003201
-0.004744
-0.002723
0.000164
0.004286
0.009061
0.013367
0.016987
0.019241
0.020285
0.019113
0.014968
0.011843
0.008951
0.005079
0.000409
-0.004353
-0.006222
-0.005766
-0.004149
-0.002219
-0.000331
0.001344
0.002144
0.003638
0.006716
0.008494
0.009158
0.009725
0.011082
0.012010
0.012595
0.012858
0.011401
0.009519
0.008024
0.005831
0.003498
0.002425
0.001332
-0.000365
-0.001052
-0.000353
0.003041
0.006284
0.008515
0.010193
0.010790
0.010637
0.011154
0.011659
0.009959
0.007572
0.005192
0.003061
0.002799
0.003207
0.002331
0.001988
0.001886
0.003418
0.005661
0.006253
0.006762
0.006583
0.005717
0.005844
0.007350
0.009497
0.011069
0.011591
0.010890
0.008625
0.005081
0.000815
-0.001843
-0.002677
-0.001461
0.001259
0.003283
0.004458
0.004876
0.004503
0.003970
0.004349
0.005218
0.006340
0.006764
0.005758
0.004130
0.003797
0.003998
0.004049
0.005743
0.007963
0.009484
0.010291
0.011112
0.010871
0.009727
0.008433
0.006908
0.005519
0.004782
0.005481
0.005837
0.006254
0.007427
0.008105
0.008054
0.008074
0.007436
0.006488
0.004421
0.003233
0.003876
0.004633
0.004552
0.005006
0.005720
0.003738
0.002329
0.002580
0.003169
0.003220
0.003390
0.003378
0.003012
0.004493
0.007238
0.009824
0.011111
0.011714
0.012562
0.012019
0.010041
0.008159
0.006276
0.005266
0.003894
0.002542
0.002513
0.002213
0.002458
0.003871
0.004831
0.006423
0.008654
0.010805
0.012716
0.013223
0.012468
0.011776
0.010899
0.009588
0.007970
0.006809
0.007426
0.011707
0.015134
0.018406
0.020999
0.020310
0.018262
0.016457
0.015070
0.014001
0.012447
0.010409
0.008369
0.007242
0.005258
0.004177
0.004542
0.006014
0.007565
0.008940
0.011362
0.013893
0.014913
0.014462
0.013446
0.012425
0.011528
0.010823
0.008966
0.007068
0.005625
0.005887
0.007900
0.009213
0.008467
0.008120
0.010016
0.011676
0.011450
0.011576
0.011857
0.011135
0.011806
0.014835
0.016869
0.016274
0.015037
0.014582
0.014512
0.015382
0.015873
0.014749
0.012732
0.011417
0.010390
0.009738
0.009636
0.009751
0.009764
0.010185
0.010351
0.009970
0.009311
0.009083
0.009115
0.008241
0.008255
0.009446
0.010095
0.010192
0.011052
0.013002
0.013737
0.013105
0.011163
0.009133
0.008093
0.007625
0.008847
0.010877
0.010703
0.010778
0.010761
0.010293
0.010227
0.009531
0.008651
0.008044
0.007965
0.008408
0.008714
0.008861
0.010341
0.012464
0.015386
0.019073
0.020807
0.021434
0.020249
0.017222
0.014113
0.011634
0.009737
0.008228
0.007415
0.006942
0.006342
0.006786
0.008728
0.010457
0.012447
0.012270
0.010875
0.010235
0.010433
0.011315
0.011595
0.011393
0.010934
0.010729
0.010173
0.009245
0.010085
0.013343
0.014523
0.013544
0.012582
0.011985
0.011162
0.011299
0.011459
0.011723
0.012113
0.011557
0.010917
0.010837
0.012859
0.014156
0.014127
0.015513
0.016904
0.017886
0.017185
0.014159
0.011238
0.009808
0.008398
0.008629
0.008291
0.006281
0.006149
0.007766
0.010296
0.013011
0.014770
0.014682
0.015187
0.015646
0.014083
0.013271
0.014064
0.014063
0.012629
0.011824
0.010667
0.009103
0.007873
0.006586
0.006277
0.005277
0.004897
0.007021
0.009640
0.011677
0.013916
0.014431
0.014045
0.014385
0.013266
0.012413
0.012615
0.011438
0.011156
0.011857
0.012922
0.013033
0.012688
0.012357
0.012046
0.012074
0.010490
0.008973
0.009116
0.010871
0.012557
0.014673
0.016235
0.016303
0.016280
0.017310
0.017486
0.016988
0.016446
0.013447
0.011482
0.012592
0.015207
0.017147
0.018103
0.018388
0.017673
0.016451
0.015390
0.013766
0.013057
0.011601
0.008072
0.007228
0.008251
0.008519
0.007907
0.007038
0.006302
0.006552
0.007823
0.009564
0.011756
0.013560
0.012523
0.007876
0.006675
0.009309
0.013683
0.016153
0.016733
0.017046
0.010787
-0.028324
-0.070975
-0.078496
-0.068151
-0.053341
-0.042704
-0.038090
-0.037214
-0.033378
-0.025274
-0.017244
-0.009921
-0.001003
0.008785
0.015773
0.020233
0.024156
0.025637
0.025029
0.022452
0.016588
0.010153
0.004361
-0.001153
-0.007204
-0.010080
-0.009237
-0.006701
-0.003114
0.000757
0.004394
0.005688
0.004368
0.002318
0.001378
0.001593
0.001811
-0.000429
-0.003629
-0.005467
-0.007902
-0.010247
-0.011105
-0.010290
-0.008502
-0.006748
-0.004263
-0.002324
-0.000618
0.002451
0.005072
0.005194
0.002982
0.000473
-0.000215
-0.000485
-0.000007
0.000966
0.003117
0.006083
0.007172
0.005656
-0.001749
-0.014834
-0.026019
-0.030186
-0.022191
-0.005399
0.011924
0.024725
0.033117
0.039200
0.042056
0.042429
0.040442
0.035485
0.028824
0.020705
0.010352
-0.006592
-0.034465
-0.062923
-0.081849
-0.086807
-0.078932
-0.062797
-0.043134
-0.021991
-0.002362
0.011903
0.020172
0.024956
0.026038
0.024853
0.020740
0.014108
0.007477
0.001201
-0.004048
-0.007957
-0.011204
-0.011331
-0.009813
-0.008696
-0.008041
-0.006799
-0.005679
-0.004382
-0.003614
-0.003490
-0.004157
-0.005511
-0.005244
-0.004559
-0.003510
-0.001823
-0.001219
-0.000419
-0.000726
-0.002554
-0.010670
-0.019635
-0.025259
-0.029149
-0.029220
-0.027906
-0.025326
-0.021317
-0.016655
-0.011699
-0.007117
-0.004858
-0.003076
-0.001002
-0.000679
-0.001620
-0.002127
-0.003008
-0.004577
-0.005406
-0.004980
-0.003619
-0.002752
-0.002171
0.000164
0.002067
0.003390
0.004549
0.003834
0.001444
0.001276
0.000677
-0.002880
-0.004393
-0.005374
-0.008858
-0.011754
-0.011503
-0.011633
-0.012226
-0.011428
-0.010009
-0.008648
-0.007741
-0.007360
-0.006761
-0.004502
-0.000285
0.003676
0.008534
0.015329
0.020538
0.023757
0.026355
0.026671
0.025354
0.022401
0.018324
0.011896
0.003566
-0.003567
-0.008761
-0.012626
-0.015068
-0.016323
-0.017550
-0.017682
-0.015709
-0.013140
-0.012438
-0.012066
-0.010246
-0.007712
-0.004906
-0.002250
-0.000411
0.000317
0.000822
0.001299
0.000758
-0.001571
-0.004304
-0.005183
-0.005653
-0.006524
-0.007575
-0.006905
-0.005231
-0.004285
-0.003686
-0.003627
-0.003906
-0.004299
-0.004263
-0.004529
-0.004750
-0.004732
-0.005357
-0.004902
-0.003517
-0.002770
-0.002965
-0.004591
-0.006057
-0.006377
-0.005864
-0.005591
-0.005235
-0.005055
-0.004909
-0.004482
-0.004165
-0.003124
-0.001243
-0.000184
0.000848
0.002140
0.002857
0.002597
0.001470
0.000738
-0.000022
-0.001271
-0.002684
-0.004626
-0.006997
-0.008309
-0.008138
-0.007196
-0.005846
-0.004585
-0.003982
-0.003252
-0.002707
-0.003231
-0.004316
-0.004832
-0.004500
-0.003839
-0.003501
-0.002373
-0.000785
-0.000739
-0.001200
-0.001573
-0.001642
-0.001870
-0.001992
-0.001688
-0.001668
-0.002570
-0.002793
-0.000980
-0.000882
-0.001868
-0.002439
-0.002428
-0.000737
0.000699
0.000868
0.000458
-0.000861
-0.001698
-0.001861
-0.003741
-0.004675
-0.004703
-0.004780
-0.003750
-0.002451
-0.002442
-0.004381
-0.006487
-0.009571
-0.011757
-0.012101
-0.010126
-0.007590
-0.006772
-0.006935
-0.006169
-0.005732
-0.005234
-0.004402
-0.005334
-0.007695
-0.010110
-0.010779
-0.010500
-0.010729
-0.010435
-0.010215
-0.011004
-0.012438
-0.012761
-0.012214
-0.011617
-0.010914
-0.010840
-0.010159
-0.008155
-0.007538
-0.007428
-0.005716
-0.003630
-0.000983
0.001459
0.002562
0.003825
0.004499
0.003182
0.002173
0.002076
-0.000034
-0.002744
-0.004692
-0.007222
-0.009750
-0.011818
-0.013542
-0.015512
-0.017504
-0.018659
-0.017982
-0.016569
-0.016372
-0.014122
-0.011966
-0.010635
-0.006419
-0.003252
-0.002128
-0.001399
-0.001283
-0.003917
-0.006508
-0.008020
-0.008857
-0.008032
-0.006904
-0.005507
-0.005124
-0.006376
-0.007433
-0.006855
-0.005180
-0.004589
-0.004922
-0.005294
-0.006688
-0.007321
-0.007575
-0.008738
-0.009993
-0.008811
-0.005490
-0.002238
0.000789
0.003172
0.004306
0.004764
0.004290
0.002564
0.001148
0.000138
-0.001029
-0.002767
-0.004833
-0.006286
-0.008394
-0.009675
-0.009307
-0.008489
-0.008056
-0.006691
-0.004676
-0.002969
-0.001241
-0.000942
-0.001896
-0.003902
-0.005825
-0.007324
-0.006950
-0.006781
-0.005553
-0.003731
-0.003505
-0.003467
-0.003529
-0.003316
-0.003712
-0.004374
-0.005070
-0.004746
-0.003884
-0.003417
-0.002188
-0.001270
-0.001587
-0.002695
-0.003506
-0.004627
-0.004630
-0.005385
-0.006985
-0.006682
-0.005140
-0.003590
-0.003242
-0.002628
-0.003062
-0.003298
-0.002283
-0.001332
-0.000901
-0.001488
-0.002312
-0.002603
-0.002478
-0.002668
-0.003806
-0.004906
-0.004552
-0.004701
-0.004962
-0.004690
-0.004874
-0.004777
-0.005104
-0.005667
-0.004974
-0.003577
-0.002680
-0.002103
-0.002095
-0.002912
-0.004045
-0.005036
-0.006575
-0.007152
-0.007169
-0.007586
-0.008010
-0.007976
-0.006400
-0.004155
-0.004161
-0.004403
-0.003301
-0.002625
-0.003212
-0.003189
-0.003657
-0.004759
-0.003563
-0.001965
-0.001991
-0.001927
-0.002066
-0.001864
-0.000891
-0.000172
-0.000519
-0.002228
-0.003621
-0.004954
-0.006869
-0.007516
-0.007273
-0.006204
-0.004405
-0.002506
-0.000330
0.000896
0.001275
0.000832
-0.000658
-0.001248
-0.001548
-0.003140
-0.003941
-0.004282
-0.005160
-0.005266
-0.005359
-0.005280
-0.004930
-0.004334
-0.003884
-0.004283
-0.004365
-0.004763
-0.004827
-0.003203
-0.001234
-0.000410
-0.000516
-0.000802
-0.000674
-0.000361
-0.000582
-0.001377
-0.002433
-0.002744
-0.002377
-0.001933
-0.002275
-0.002604
-0.002187
-0.002129
-0.003655
-0.005220
-0.005782
-0.005698
-0.005046
-0.004389
-0.003922
-0.004300
-0.005381
-0.005503
-0.005499
-0.005570
-0.004394
-0.004097
-0.004226
-0.003773
-0.002621
-0.002745
-0.003414
-0.003330
-0.003831
-0.004585
-0.004300
-0.002497
-0.001409
-0.000813
-0.000914
-0.002978
-0.004848
-0.005905
-0.006139
-0.005588
-0.005041
-0.004082
-0.002888
-0.001898
-0.000613
0.000328
0.000699
-0.000032
-0.000411
-0.001036
-0.002147
-0.002659
-0.003556
-0.004172
-0.005120
-0.005724
-0.005439
-0.005577
-0.004986
-0.003894
-0.003118
-0.002953
-0.002048
-0.001802
-0.002476
-0.001950
-0.002427
-0.003296
-0.002864
-0.002819
-0.003528
-0.003474
-0.003452
-0.003735
-0.003761
-0.003973
-0.004041
-0.004724
-0.004891
-0.004903
-0.004566
-0.003545
-0.002440
-0.000362
0.001205
0.001191
0.000501
-0.000197
-0.000690
-0.001388
-0.001400
-0.000934
-0.000865
-0.000719
-0.001125
-0.002100
-0.002713
-0.002327
-0.001698
-0.000510
0.000404
0.000690
0.001084
0.001429
0.002095
0.001790
-0.000483
-0.002493
-0.004397
-0.005869
-0.004984
-0.004149
-0.003025
-0.001527
-0.001010
-0.001212
-0.001794
-0.002027
-0.001435
-0.001090
-0.000882
-0.000643
-0.001048
-0.001826
-0.002278
-0.001738
-0.001122
-0.000653
-0.000384
-0.000895
-0.001176
-0.000792
-0.000088
0.000580
-0.000005
-0.001224
-0.001389
-0.001121
-0.001129
0.000291
0.001699
0.001100
0.000182
-0.000348
0.000120
0.001207
0.001077
0.000653
0.000165
-0.000125
0.000376
0.000891
0.001562
0.001126
-0.000071
-0.001398
-0.002195
-0.001979
-0.000771
0.000986
0.002986
0.003869
0.004498
0.003282
0.001928
0.002331
0.003000
0.002500
0.001585
0.001649
0.001756
0.001739
0.001177
0.000594
0.000845
0.000806
0.000391
0.000396
0.000097
-0.000895
-0.002168
-0.004296
-0.005533
-0.005820
-0.005608
-0.005704
-0.005562
-0.005136
-0.004220
-0.002830
-0.002318
-0.000781
0.002615
0.004102
0.003802
0.004030
0.005397
0.005691
0.005051
0.004005
0.001966
0.000283
-0.001091
-0.002421
-0.004216
-0.006731
-0.008354
-0.009455
-0.010087
-0.010746
-0.010807
-0.010783
-0.010962
-0.009789
-0.008359
-0.006148
-0.002777
-0.000350
0.001299
0.000571
-0.000731
-0.000827
-0.001168
-0.001567
-0.001931
-0.002394
-0.003329
-0.004219
-0.004331
-0.004841
-0.005498
-0.005909
-0.006437
-0.006546
-0.006560
-0.006623
-0.005868
-0.004835
-0.005135
-0.006196
-0.006626
-0.006414
-0.005361
-0.003834
-0.002656
-0.001144
0.000779
0.001161
0.000406
0.000483
0.000665
-0.000200
-0.001879
-0.002744
-0.003904
-0.005083
-0.005584
-0.006056
-0.007012
-0.006809
-0.006706
-0.007169
-0.006177
-0.004727
-0.003310
-0.002538
-0.001889
-0.002203
-0.003383
-0.004112
-0.004654
-0.005432
-0.005720
-0.005258
-0.005065
-0.004071
-0.003378
-0.003711
-0.002706
-0.002542
-0.003110
-0.003312
-0.005023
-0.006246
-0.006216
-0.005731
-0.004179
-0.003064
-0.002140
-0.001114
0.000268
0.001778
0.002056
0.002042
0.000835
-0.000204
-0.000596
-0.002826
-0.004373
-0.005540
-0.006047
-0.005573
-0.005134
-0.003556
-0.001945
-0.000962
0.000711
0.003548
0.005835
0.005897
0.004759
0.004082
0.003275
0.001931
-0.000011
-0.001523
-0.003162
-0.004273
-0.004631
-0.005078
-0.004881
-0.003495
-0.002713
-0.002216
-0.000885
0.000060
0.000386
0.000190
0.000237
0.000731
0.000720
0.000795
0.000999
0.001365
0.002024
0.001267
0.000569
-0.000040
-0.000787
-0.001727
-0.002721
-0.003525
-0.004145
-0.004821
-0.005218
-0.004463
-0.003322
-0.002268
-0.001530
-0.001708
-0.001826
-0.001311
-0.000917
-0.001075
-0.001123
-0.001374
-0.001992
-0.002505
-0.003426
-0.004155
-0.003932
-0.004758
-0.005846
-0.006199
-0.006651
-0.007214
-0.007879
-0.008253
-0.008967
-0.009239
-0.009092
-0.008563
-0.007095
-0.005107
-0.003918
-0.003664
-0.002481
-0.001891
-0.002911
-0.003659
-0.003167
-0.004032
-0.005082
-0.005180
-0.005268
-0.005788
-0.006038
-0.007014
-0.007767
-0.007522
-0.006670
-0.004418
-0.002103
-0.000659
-0.000537
0.000089
-0.000068
0.000524
0.001575
0.001396
-0.000112
-0.001889
-0.002952
-0.004014
-0.005217
-0.005928
-0.006624
-0.006361
-0.005163
-0.004122
-0.003778
-0.003327
-0.002628
-0.002427
-0.003700
-0.004461
-0.004373
-0.005201
-0.005763
-0.005655
-0.005490
-0.005033
-0.003326
-0.001835
-0.000844
-0.000003
-0.000069
-0.000313
-0.000567
-0.000810
-0.001564
-0.002464
-0.003592
-0.004380
-0.004007
-0.004033
-0.004683
-0.006125
-0.007877
-0.008898
-0.008426
-0.005557
-0.002850
-0.000282
0.001475
0.001933
0.002316
0.002296
0.001956
0.000479
-0.000987
-0.002009
-0.002627
-0.003319
-0.004045
-0.004615
-0.006361
-0.008339
-0.009526
-0.009399
-0.008305
-0.006578
-0.005445
-0.004603
-0.003412
-0.002885
-0.002115
-0.001962
-0.003069
-0.003447
-0.002877
-0.002797
-0.003170
-0.003516
-0.004166
-0.004629
-0.004872
-0.004526
-0.003647
-0.002691
-0.001876
-0.001609
-0.001854
-0.001736
-0.001256
-0.001802
-0.002887
-0.002869
-0.002536
-0.001854
-0.001082
-0.000716
-0.000383
-0.000075
0.000062
0.000255
0.000165
0.000166
0.000808
0.000518
0.000016
0.000490
0.001231
0.001665
0.002500
0.002690
0.002907
0.003160
0.003252
0.003981
0.003588
0.003456
0.004173
0.003684
0.002211
0.001418
0.001100
0.000045
-0.000392
-0.000569
-0.000891
-0.000892
-0.001652
-0.002061
-0.001463
-0.000027
0.001390
0.001987
0.002188
0.002234
0.001727
0.001563
0.001945
0.002493
0.002952
0.002359
0.000756
0.000099
0.000054
-0.000434
-0.000268
0.001213
0.003128
0.004836
0.006054
0.006826
0.006994
0.007112
0.007161
0.005131
0.002542
0.001318
0.000094
-0.001277
-0.002337
-0.002960
-0.002551
-0.001381
-0.001312
-0.001408
-0.000879
0.000329
0.001362
0.003028
0.004897
0.008092
0.011313
0.012560
0.013549
0.013411
0.012883
0.012976
0.012597
0.011980
0.011085
0.009253
0.007368
0.004857
0.004153
0.003753
0.002106
-0.000076
-0.002731
-0.004428
-0.004796
-0.004835
-0.004612
-0.003561
-0.002777
-0.001455
-0.000213
0.000937
0.001996
0.002476
0.003349
0.003713
0.003130
0.002546
0.001656
0.001014
0.002341
0.002546
0.001496
0.001171
0.000219
0.000136
0.000159
-0.000377
0.000370
0.001792
0.002553
0.002831
0.003590
0.003885
0.003630
0.004341
0.005619
0.005074
0.003879
0.004708
0.005939
0.006266
0.005513
0.005064
0.005969
0.006728
0.005814
0.003848
0.002593
0.001184
0.000070
-0.000569
-0.000956
-0.000950
-0.000742
0.000393
0.001365
0.002081
0.002837
0.004024
0.004802
0.006128
0.007962
0.008118
0.007923
0.008648
0.009203
0.009402
0.009466
0.008799
0.006634
0.005170
0.004472
0.003870
0.004388
0.004414
0.003732
0.004922
0.005698
0.004812
0.004316
0.003743
0.003820
0.005275
0.006730
0.007902
0.010077
0.011765
0.011798
0.009079
0.005847
0.004471
0.003074
0.001834
0.000290
-0.000451
-0.001403
-0.001770
-0.000744
0.000182
0.001884
0.003430
0.004084
0.005946
0.006797
0.006721
0.007121
0.006831
0.006723
0.007457
0.007807
0.008258
0.008419
0.008776
0.008989
0.008394
0.007603
0.007336
0.006833
0.006288
0.005574
0.004611
0.004686
0.004990
0.004203
0.002782
0.002144
0.001609
0.000993
0.002022
0.003377
0.004424
0.005424
0.005572
0.004630
0.003014
0.001848
0.001981
0.003823
0.005707
0.007231
0.007850
0.008173
0.008829
0.008240
0.007183
0.007263
0.006841
0.006151
0.005908
0.005210
0.004187
0.005005
0.006501
0.008258
0.010231
0.009365
0.006419
0.003613
0.001921
-0.000134
-0.001756
-0.001669
-0.001367
-0.000457
0.000659
-0.001467
-0.004269
-0.005083
-0.005792
-0.005284
-0.005645
-0.006308
-0.005683
-0.003734
-0.002139
-0.001238
-0.000480
-0.000260
0.000669
0.002161
0.002290
0.001747
0.000824
-0.000659
-0.000933
-0.002082
-0.003445
-0.005773
-0.010509
-0.017775
-0.021738
-0.016608
-0.001037
0.020219
0.038988
0.049769
0.055561
0.059354
0.058767
0.054719
0.048572
0.039585
0.029834
0.020783
0.012831
0.007119
0.004774
0.003153
0.002230
0.003488
0.006423
0.009398
0.011113
0.011264
0.010968
0.011810
0.012750
0.013652
0.015663
0.017903
0.020644
0.024373
0.028924
0.030655
0.030263
0.029224
0.028475
0.026085
0.017939
-0.014579
-0.044814
-0.052760
-0.052923
-0.045422
-0.035607
-0.024572
-0.013418
-0.002300
0.008294
0.017303
0.023528
0.026575
0.028596
0.029096
0.026554
0.022733
0.018498
0.014269
0.010813
0.008076
0.005377
0.003868
0.004207
0.004156
0.002822
-0.000887
-0.004088
-0.003942
-0.002165
-0.000124
0.002736
0.009205
0.016900
0.022389
0.024985
0.024703
0.024201
0.024884
0.024332
0.023693
0.023477
0.020678
0.017078
0.012906
0.008344
0.004949
0.001874
-0.000409
-0.000561
0.001368
0.002686
0.003640
0.005442
0.007243
0.008913
0.009970
0.010012
0.009508
0.008623
0.006271
0.004028
0.002412
0.000006
-0.000475
0.001208
0.004373
0.008046
0.011935
0.013597
0.010469
0.006102
0.001761
-0.001148
-0.001406
-0.001499
-0.002548
-0.002321
-0.002089
-0.001627
0.002149
0.004665
0.006226
0.007224
0.007281
0.007995
0.008894
0.008919
0.008543
0.009879
0.010123
0.010049
0.010337
0.010049
0.008630
0.006077
0.004990
0.004856
0.004923
0.005878
0.007044
0.007824
0.008882
0.009533
0.009860
0.010334
0.009818
0.008297
0.007585
0.008208
0.007702
0.007379
0.007212
0.005953
0.005257
0.006299
0.007290
0.007161
0.007457
0.007842
0.008595
0.010282
0.010495
0.010551
0.010522
0.010539
0.012339
0.013555
0.013988
0.016274
0.017994
0.017301
0.015980
0.013329
0.011487
0.009966
0.007484
0.006167
0.006060
0.006192
0.005694
0.004332
0.003053
0.002994
0.003911
0.004757
0.004842
0.004822
0.005464
0.007427
0.008342
0.008570
0.008393
0.007601
0.007177
0.006836
0.007402
0.010771
0.012171
0.012124
0.011450
0.010412
0.010404
0.009805
0.009149
0.009577
0.008597
0.007425
0.007358
0.006245
0.006991
0.009253
0.015145
0.021406
0.025067
0.026306
0.026572
0.026756
0.025803
0.024417
0.022123
0.020240
0.019014
0.018066
0.016726
0.014404
0.013260
0.013661
0.015023
0.015749
0.015786
0.014715
0.013711
0.014318
0.015445
0.016302
0.016382
0.015802
0.014325
0.011660
0.008916
0.006548
0.004627
0.003221
0.003286
0.003727
0.003446
0.003800
0.004839
0.004889
0.005090
0.003558
-0.002191
-0.007355
-0.009388
-0.009773
-0.008858
-0.006684
-0.004393
-0.001915
-0.000286
0.001352
0.003508
0.004436
0.004027
0.003000
-0.000055
-0.003714
-0.002344
-0.000033
0.002740
0.005877
0.007120
0.010470
0.015948
0.021686
0.027177
0.032177
0.035119
0.032535
0.027417
0.025047
0.020330
0.013711
0.007861
0.002770
-0.001392
-0.004945
-0.006551
-0.005955
-0.003037
0.000888
0.004754
0.008207
0.011231
0.014379
0.017232
0.018701
0.018653
0.018268
0.016978
0.014971
0.012142
0.007212
0.003659
0.001421
-0.000787
-0.001773
-0.001457
0.000774
0.003605
0.005247
0.007095
0.008847
0.008945
0.007636
0.007079
0.008136
0.007754
0.006040
0.004752
0.003794
0.002817
0.003457
0.004943
0.004405
0.002340
0.001578
0.000336
-0.001786
-0.002902
-0.003772
-0.003677
-0.002972
-0.000257
0.001025
0.001973
0.003774
0.004170
0.005901
0.008218
0.008883
0.008731
0.008584
0.008830
0.009115
0.007940
0.005092
0.003580
0.003137
0.002503
0.002545
0.002800
0.001103
-0.001219
-0.002762
-0.003412
-0.003162
-0.001599
-0.000330
0.000819
0.004836
0.009210
0.011615
0.012131
0.011623
0.011457
0.010612
0.007983
0.006575
0.007147
0.007433
0.006010
0.005065
0.004370
0.002851
0.002217
0.001975
0.001840
0.001566
-0.000219
-0.001063
-0.000929
-0.000139
0.000469
0.001221
0.002232
0.002964
0.004743
0.006235
0.006320
0.006284
0.006823
0.006599
0.006667
0.006748
0.006155
0.005471
0.003481
0.000545
-0.001860
-0.004852
-0.006993
-0.007817
-0.008344
-0.007577
-0.005164
-0.001508
0.001527
0.003686
0.003644
0.000253
-0.004211
-0.006255
-0.004427
-0.000431
0.002638
0.006136
0.008901
0.009326
0.009304
0.009721
0.009645
0.009136
0.008263
0.006246
0.003357
0.000023
-0.001684
-0.002292
-0.003421
-0.003406
-0.002005
-0.000973
-0.000132
0.000691
0.001805
0.003062
0.004550
0.006535
0.007976
0.008723
0.008962
0.008690
0.007721
0.006361
0.004686
0.003440
0.003402
0.003795
0.003785
0.003421
0.004126
0.006437
0.009060
0.010808
0.011724
0.011136
0.008360
0.006336
0.005328
0.005408
0.006018
0.005639
0.005011
0.003304
0.002366
0.003148
0.004030
0.004734
0.007867
0.013798
0.018725
0.021350
0.022439
0.021253
0.018512
0.017007
0.016571
0.015763
0.014561
0.014178
0.012853
0.010947
0.009336
0.007598
0.006363
0.003775
0.000786
-0.000415
-0.000479
0.000524
0.001785
0.002896
0.004967
0.007051
0.008722
0.009929
0.009782
0.010266
0.010160
0.010128
0.010174
0.010475
0.010176
0.009173
0.007569
0.006258
0.005395
0.005350
0.006274
0.007234
0.006793
0.006129
0.006332
0.006375
0.006364
0.006225
0.005415
0.005331
0.006259
0.006957
0.007319
0.007761
0.009000
0.010162
0.010638
0.010979
0.010699
0.009586
0.008359
0.007759
0.007890
0.007692
0.007759
0.008465
0.009609
0.009984
0.010556
0.013372
0.016771
0.018796
0.020373
0.020300
0.018613
0.014480
0.010088
0.007250
0.005486
0.005219
0.003836
0.001719
0.001247
0.001820
0.002788
0.003870
0.006159
0.008545
0.009658
0.008263
0.004831
0.003802
0.003225
-0.000194
-0.003424
-0.004051
-0.004711
-0.004323
-0.001974
0.001136
0.003426
0.005586
0.007726
0.008796
0.008731
0.008806
0.010360
0.011285
0.012115
0.013237
0.014339
0.013671
0.011858
0.010052
0.008473
0.007383
0.006034
0.004825
0.004779
0.006078
0.006606
0.006022
0.005462
0.004765
0.004430
0.005121
0.005796
0.006101
0.005269
0.004380
0.005067
0.004434
0.002349
0.002395
0.003633
0.004554
0.006523
0.008783
0.010076
0.011149
0.011734
0.013014
0.015748
0.017084
0.015480
0.009665
0.002809
-0.003362
-0.007485
-0.008298
-0.007830
-0.006702
-0.005738
-0.004972
-0.002554
-0.000376
-0.000206
0.001660
0.004858
0.007986
0.011320
0.013241
0.013561
0.012843
0.012235
0.011462
0.010561
0.010079
0.009144
0.007602
0.007399
0.007254
0.006229
0.004687
0.003743
0.003089
0.002934
0.003959
0.004792
0.006205
0.007829
0.009110
0.010849
0.011467
0.010959
0.010364
0.010004
0.010080
0.009909
0.009857
0.010065
0.009743
0.008760
0.008126
0.008383
0.008474
0.009088
0.011228
0.013119
0.014186
0.015347
0.016479
0.016623
0.014011
0.010376
0.008159
0.006306
0.004341
0.002114
0.001972
0.003573
0.003890
0.003882
0.002681
0.000997
-0.000580
-0.001260
0.000675
0.001848
0.001277
0.000407
0.000328
0.000295
0.001065
0.002192
0.002194
0.003571
0.005414
0.005762
0.005709
0.005994
0.005588
0.003830
0.001968
0.001165
0.002313
0.005380
0.008430
0.010296
0.012188
0.012868
0.012002
0.010809
0.007515
0.005711
0.004927
0.004042
0.003781
0.003025
0.002794
0.003862
0.005189
0.007547
0.008094
0.009306
0.008545
0.012685
0.005707
-0.018776
-0.000424
0.007303
0.015782
0.014731
0.014686
0.014510
0.015227
0.013635
0.012944
0.014041
0.012481
0.009138
0.006222
0.003604
0.002379
0.002579
0.004096
0.005944
0.008116
0.009559
0.011322
0.014504
0.016283
0.017667
0.019925
0.021322
0.024948
0.029393
0.032386
0.034549
0.034010
0.031570
0.027072
0.022531
0.018129
0.012916
0.009203
0.007711
0.007400
0.008847
0.011039
0.012091
0.012144
0.012152
0.011600
0.012099
0.011871
0.011530
0.011527
0.012166
0.013152
0.013608
0.013229
0.013270
0.013584
0.013647
0.013308
0.012641
0.014001
0.015546
0.016453
0.017280
0.016367
0.014757
0.015539
0.016668
0.017205
0.018141
0.017456
0.015055
0.012074
0.010550
0.009682
0.009912
0.011248
0.012250
0.012141
0.011446
0.012062
0.013244
0.013739
0.014243
0.015106
0.015194
0.014142
0.014317
0.015725
0.016255
0.016246
0.014990
0.013286
0.012437
0.012561
0.012362
0.012485
0.013930
0.015545
0.017002
0.016921
0.015922
0.015203
0.014349
0.013393
0.012038
0.011513
0.011402
0.011148
0.011191
0.011712
0.012981
0.014460
0.015039
0.013598
0.010596
0.007945
0.006125
0.006475
0.007276
0.008362
0.009460
0.009957
0.009685
0.008897
0.007972
0.007190
0.006370
0.006136
0.006848
0.007185
0.008023
0.010958
0.014240
0.015818
0.017346
0.018606
0.017746
0.017089
0.018459
0.019518
0.019913
0.019830
0.018795
0.017462
0.015102
0.011535
0.009217
0.008832
0.008736
0.009905
0.011341
0.012575
0.014040
0.014908
0.015588
0.015252
0.013758
0.012215
0.011604
0.011666
0.010278
0.008325
0.006568
0.005978
0.007794
0.009444
0.011451
0.013910
0.014858
0.015287
0.015016
0.013045
0.011955
0.012089
0.013141
0.014488
0.014803
0.014381
0.013108
0.011288
0.009533
0.008870
0.008010
0.007983
0.009803
0.011674
0.012974
0.014230
0.015217
0.015434
0.015394
0.015752
0.015119
0.014725
0.015472
0.014179
0.011940
0.009522
0.007497
0.007366
0.006795
0.006379
0.007923
0.009647
0.010126
0.010300
0.010335
0.008994
0.007728
0.006205
0.005780
0.006348
0.006282
0.006661
0.007320
0.008491
0.008910
0.009130
0.009591
0.009358
0.008331
0.006644
0.005494
0.005385
0.006422
0.007637
0.007471
0.006821
0.007171
0.007966
0.007674
0.007593
0.009516
0.010169
0.010262
0.010167
0.008269
0.005645
0.004034
0.003461
0.003132
0.003052
0.003819
0.005442
0.005846
0.006984
0.009594
0.011438
0.012592
0.013135
0.012848
0.011151
0.011169
0.013111
0.013857
0.013484
0.012725
0.009779
0.007172
0.006698
0.006316
0.005465
0.004685
0.004824
0.004214
0.003330
0.004128
0.004804
0.005089
0.005991
0.007014
0.007838
0.008832
0.010097
0.010945
0.010906
0.011773
0.013526
0.013531
0.012115
0.010615
0.009235
0.008519
0.008382
0.009150
0.010067
0.010035
0.009826
0.010438
0.011295
0.011747
0.012098
0.013719
0.015470
0.016056
0.015734
0.015439
0.015049
0.014023
0.013719
0.013063
0.012740
0.012750
0.011821
0.011346
0.011648
0.011897
0.011988
0.012099
0.011641
0.011566
0.012201
0.012402
0.013291
0.014847
0.016411
0.017694
0.018304
0.018404
0.017261
0.016354
0.015469
0.014714
0.013978
0.013310
0.012430
0.011773
0.012925
0.012564
0.011149
0.010970
0.010484
0.010822
0.012345
0.013397
0.013778
0.014451
0.014646
0.013571
0.011943
0.011658
0.011227
0.011914
0.012696
0.012474
0.011703
0.010971
0.011689
0.012143
0.012652
0.014323
0.015369
0.015090
0.015948
0.016305
0.015473
0.015582
0.014658
0.012381
0.011083
0.010408
0.009800
0.010299
0.013301
0.018072
0.021176
0.022629
0.021233
0.017310
0.013755
0.011253
0.008060
0.004921
0.003263
0.002850
0.003823
0.006332
0.009246
0.011968
0.013693
0.015063
0.015706
0.015074
0.014832
0.014388
0.013488
0.012994
0.012222
0.011934
0.011885
0.011446
0.011128
0.011558
0.012594
0.013022
0.012089
0.011336
0.009878
0.008227
0.008161
0.008891
0.009458
0.010054
0.011337
0.011591
0.010793
0.009950
0.010179
0.010387
0.010757
0.010970
0.010909
0.011152
0.011505
0.011135
0.010316
0.010319
0.010737
0.012123
0.013297
0.014250
0.014761
0.014505
0.014649
0.015571
0.016894
0.017647
0.017123
0.016666
0.015304
0.012573
0.011887
0.012157
0.012015
0.011423
0.010987
0.009883
0.009571
0.009148
0.008410
0.008533
0.008630
0.008490
0.008993
0.010011
0.011438
0.014099
0.015762
0.016796
0.016861
0.016017
0.015994
0.016441
0.017190
0.017744
0.017277
0.016078
0.014764
0.012697
0.011311
0.010099
0.008845
0.008640
0.009023
0.009251
0.009082
0.009986
0.010737
0.011694
0.012572
0.012073
0.011636
0.011586
0.012054
0.011742
0.010034
0.009755
0.010804
0.013467
0.016265
0.016910
0.017106
0.016967
0.014674
0.013827
0.015511
0.015875
0.014819
0.013091
0.011521
0.009791
0.008841
0.009735
0.012052
0.013084
0.012426
0.011748
0.013118
0.015529
0.015962
0.015772
0.015558
0.014748
0.014021
0.013589
0.013489
0.013857
0.014795
0.014367
0.012919
0.012375
0.011372
0.010849
0.011406
0.010706
0.010341
0.011328
0.012414
0.013971
0.015400
0.015391
0.015070
0.014787
0.014368
0.013756
0.012494
0.011673
0.012528
0.014007
0.014493
0.014280
0.013934
0.013279
0.012799
0.013740
0.014935
0.015533
0.015362
0.015405
0.015397
0.015295
0.015889
0.016637
0.016819
0.016114
0.014794
0.013566
0.013029
0.014151
0.015480
0.014684
0.013274
0.013216
0.014065
0.013267
0.012608
0.012473
0.011362
0.010488
0.010725
0.012069
0.014968
0.016779
0.017129
0.017119
0.016137
0.015484
0.014951
0.014354
0.014644
0.015019
0.015146
0.014809
0.013790
0.013191
0.013083
0.012834
0.015087
0.018960
0.022324
0.023398
0.021382
0.018734
0.015806
0.013615
0.012041
0.010593
0.009343
0.008760
0.008481
0.008194
0.010635
0.013895
0.016611
0.018731
0.019912
0.019576
0.018446
0.016558
0.016041
0.015735
0.013558
0.011522
0.010977
0.010940
0.011970
0.012764
0.013171
0.013210
0.012903
0.012220
0.012531
0.013187
0.013449
0.014059
0.015283
0.014439
0.013189
0.013065
0.013686
0.014392
0.014177
0.013725
0.012553
0.012459
0.013884
0.015135
0.015630
0.014556
0.012525
0.010879
0.010619
0.011988
0.012812
0.012092
0.011419
0.009506
0.006854
0.006316
0.007500
0.010180
0.012152
0.012836
0.013566
0.014575
0.015920
0.015989
0.015723
0.016057
0.015582
0.015454
0.016353
0.017142
0.016187
0.014498
0.012708
0.010037
0.008073
0.007835
0.008579
0.008979
0.009734
0.010373
0.011264
0.013367
0.014767
0.014782
0.015464
0.016486
0.018381
0.020212
0.019322
0.016237
0.013040
0.009883
0.007684
0.007673
0.008538
0.010248
0.011462
0.011891
0.012493
0.013216
0.014247
0.015371
0.015393
0.014629
0.013278
0.011963
0.011076
0.010120
0.009727
0.009482
0.010230
0.011039
0.011453
0.013358
0.015776
0.016782
0.016367
0.014723
0.012803
0.011749
0.010779
0.010639
0.011654
0.012602
0.011595
0.009528
0.008497
0.008878
0.010253
0.011897
0.013915
0.015480
0.016559
0.017515
0.016285
0.013171
0.010348
0.008861
0.008869
0.009027
0.010892
0.012680
0.013731
0.014002
0.013439
0.013248
0.013483
0.013135
0.012229
0.012196
0.012307
0.012477
0.012522
0.012773
0.013646
0.014388
0.014466
0.014090
0.013999
0.012871
0.010941
0.010054
0.010269
0.010535
0.010285
0.009173
0.008292
0.009868
0.012084
0.013011
0.012986
0.013811
0.016333
0.016750
0.015194
0.012463
0.008883
0.005202
0.001505
0.000571
0.002208
0.004035
0.005279
0.006585
0.008844
0.010108
0.010428
0.011699
0.012956
0.013067
0.010639
0.006414
0.004689
0.005089
0.006886
0.009617
0.010921
0.010724
0.010824
0.011546
0.012108
0.012250
0.012144
0.011475
0.010713
0.008209
0.006716
0.007711
0.010262
0.011542
0.012144
0.013029
0.012926
0.011800
0.010677
0.011297
0.014296
0.015976
0.016025
0.013856
0.011047
0.010494
0.010615
0.010859
0.013299
0.015513
0.017413
0.021111
0.024223
0.026507
0.028498
0.029137
0.027028
0.023317
0.018646
0.014322
0.010843
0.006899
0.002829
0.000511
-0.001609
-0.002883
-0.001748
-0.000112
0.001590
0.003585
0.005313
0.007395
0.010544
0.013714
0.016153
0.018893
0.020528
0.020297
0.019140
0.017557
0.015051
0.012483
0.011033
0.010801
0.009698
0.009269
0.007611
0.006422
0.006623
0.007957
0.009346
0.010965
0.013830
0.016335
0.018200
0.018626
0.017096
0.012718
0.008615
0.005239
0.003674
0.004554
0.005154
0.006041
0.007417
0.008593
0.010183
0.012844
0.014310
0.014082
0.013386
0.013298
0.012998
0.013079
0.013507
0.012951
0.011796
0.010366
0.009086
0.008675
0.008714
0.009607
0.010509
0.010993
0.012406
0.013666
0.014376
0.014371
0.013829
0.013870
0.013983
0.014324
0.012963
0.011133
0.010620
0.010823
0.010492
0.009573
0.009194
0.008466
0.008083
0.008720
0.010334
0.012084
0.013618
0.014387
0.013627
0.014290
0.014049
0.013003
0.013159
0.013172
0.012243
0.010823
0.010045
0.009293
0.008237
0.006920
0.005296
0.004465
0.004482
0.005776
0.008715
0.011305
0.013470
0.015005
0.016358
0.016152
0.015130
0.013120
0.010675
0.009857
0.009966
0.010775
0.012272
0.013333
0.014256
0.015334
0.014920
0.013186
0.011562
0.010598
0.010015
0.009444
0.008924
0.008980
0.009757
0.011446
0.013220
0.013709
0.013405
0.013344
0.013853
0.015325
0.017070
0.017865
0.017680
0.018217
0.017079
0.014197
0.013269
0.013728
0.013868
0.013505
0.013693
0.013401
0.012783
0.013230
0.013955
0.015572
0.017481
0.018852
0.019917
0.019800
0.018203
0.016696
0.014166
0.010620
0.008675
0.008420
0.012132
0.018446
0.023467
0.024512
0.022854
0.020131
0.017239
0.014132
0.011148
0.009476
0.009238
0.010264
0.011281
0.012132
0.013107
0.014356
0.016008
0.017007
0.017369
0.017422
0.017578
0.017070
0.015327
0.013501
0.013647
0.013742
0.014115
0.015810
0.016714
0.018449
0.020238
0.020567
0.019866
0.018772
0.017293
0.014931
0.013490
0.012783
0.012205
0.011603
0.011593
0.011855
0.012567
0.013823
0.015066
0.016652
0.017321
0.018328
0.019311
0.019243
0.018589
0.017704
0.016322
0.014381
0.012695
0.011521
0.010476
0.010068
0.010757
0.011181
0.012705
0.014041
0.014255
0.014777
0.015967
0.016417
0.015978
0.016094
0.014746
0.013463
0.013675
0.013356
0.012861
0.012695
0.013031
0.013098
0.011842
0.010280
0.008682
0.008844
0.010656
0.011490
0.011507
0.010903
0.009101
0.008110
0.008736
0.009888
0.009997
0.010597
0.011431
0.011365
0.012447
0.014576
0.015208
0.014510
0.013983
0.012784
0.012134
0.011155
0.010800
0.011578
0.011647
0.011041
0.011198
0.011977
0.011337
0.010863
0.011141
0.011996
0.013942
0.016935
0.019138
0.020893
0.021622
0.020180
0.017768
0.014956
0.011490
0.008177
0.006340
0.005785
0.006387
0.007087
0.006767
0.006908
0.009219
0.011446
0.011816
0.013247
0.015327
0.015892
0.015595
0.015299
0.014793
0.013906
0.013162
0.011418
0.010019
0.009638
0.010081
0.010461
0.011290
0.013652
0.015479
0.016119
0.016650
0.016464
0.015723
0.015635
0.016174
0.017891
0.019265
0.019847
0.019954
0.019715
0.018594
0.018363
0.016929
0.014668
0.013833
0.013445
0.013596
0.013895
0.012586
0.011544
0.011383
0.011959
0.013180
0.014650
0.016336
0.017844
0.018858
0.019248
0.018110
0.017392
0.016129
0.012730
0.010372
0.008290
0.007099
0.007120
0.006280
0.006521
0.008616
0.011152
0.013153
0.015340
0.017253
0.017548
0.016521
0.016525
0.015537
0.014315
0.014595
0.014508
0.014048
0.013810
0.012616
0.011303
0.010526
0.009253
0.008362
0.008989
0.010254
0.010539
0.010075
0.010273
0.011406
0.013614
0.013990
0.012656
0.012383
0.013025
0.012769
0.011914
0.011874
0.011390
0.011855
0.012292
0.013420
0.014696
0.014455
0.013926
0.013986
0.014416
0.014293
0.014154
0.014349
0.014858
0.014736
0.014700
0.016011
0.016441
0.015222
0.012423
0.010507
0.010693
0.011678
0.013258
0.013571
0.013137
0.012981
0.012677
0.013063
0.013424
0.013686
0.014312
0.015601
0.015664
0.016417
0.015384
0.016482
-0.014322
-0.088704
-0.167247
-0.038306
0.014197
0.004850
0.006190
0.007879
-0.123637
-0.156209
-0.101494
-0.078696
-0.046536
-0.029102
-0.012397
-0.006863
-0.004685
-0.007957
-0.015488
-0.025854
-0.036897
-0.047583
-0.057750
-0.065623
-0.071435
-0.074778
-0.076133
-0.075963
-0.074102
-0.071962
-0.069137
-0.064940
-0.061556
-0.059013
-0.055976
-0.053558
-0.052368
-0.051694
-0.051660
-0.051703
-0.051873
-0.053455
-0.055147
-0.056161
-0.057266
-0.058089
-0.058357
-0.058788
-0.059316
-0.058674
-0.058081
-0.057569
-0.056438
-0.055629
-0.054517
-0.053997
-0.053897
-0.053884
-0.054173
-0.054525
-0.055174
-0.055558
-0.055914
-0.056771
-0.057167
-0.057459
-0.058144
-0.057843
-0.057265
-0.057235
-0.056547
-0.056327
-0.056704
-0.056418
-0.055238
-0.054469
-0.053515
-0.052951
-0.053757
-0.054308
-0.054031
-0.054182
-0.054715
-0.054692
-0.055893
-0.056913
-0.056934
-0.057522
-0.057529
-0.057124
-0.057043
-0.056905
-0.055938
-0.055178
-0.054217
-0.051690
-0.050331
-0.049249
-0.048356
-0.048328
-0.048711
-0.049463
-0.050092
-0.051261
-0.052574
-0.054353
-0.055260
-0.055417
-0.055739
-0.055283
-0.054937
-0.054604
-0.054257
-0.054155
-0.053802
-0.053092
-0.051625
-0.050227
-0.049533
-0.049529
-0.049695
-0.050103
-0.050866
-0.052026
-0.052802
-0.053470
-0.053801
-0.053740
-0.053872
-0.053628
-0.053832
-0.053965
-0.054145
-0.053895
-0.053657
-0.053517
-0.052540
-0.050858
-0.050295
-0.050910
-0.050728
-0.050963
-0.051839
-0.052496
-0.053224
-0.053350
-0.052724
-0.051954
-0.045291
-0.021471
0.013240
0.049274
0.077704
0.094153
0.098821
0.094689
0.083055
0.066347
0.046966
0.026707
0.008576
-0.004907
-0.014138
-0.019001
-0.031824
-0.057280
-0.072763
-0.077136
-0.067958
-0.053416
-0.039554
-0.026725
-0.013320
-0.001754
0.006670
0.012909
0.015057
0.014562
0.011145
0.005119
-0.005401
-0.023971
-0.038376
-0.046722
-0.050098
-0.049959
-0.045865
-0.032178
-0.017777
-0.007218
0.001132
0.006583
0.009287
0.008587
0.004129
-0.000698
-0.004477
-0.008509
-0.011611
-0.014029
-0.014530
-0.014566
-0.015437
-0.015104
-0.014077
-0.013404
-0.012706
-0.012063
-0.010940
-0.009591
-0.008115
-0.006814
-0.006514
-0.006710
-0.007592
-0.008070
-0.007573
-0.006917
-0.006878
-0.007270
-0.007228
-0.006524
-0.005154
-0.005167
-0.006414
-0.006825
-0.007298
-0.008255
-0.008317
-0.007975
-0.008146
-0.007299
-0.006374
-0.005572
-0.004880
-0.004599
-0.004428
-0.002980
0.000449
-0.000346
-0.003331
-0.005733
-0.008306
-0.010928
-0.013016
-0.015072
-0.015659
-0.015069
-0.014383
-0.011719
-0.008396
-0.006899
-0.004391
-0.003162
-0.002683
-0.002257
-0.001272
-0.000251
-0.000036
-0.000811
-0.003004
-0.005247
-0.007094
-0.007164
-0.006928
-0.007389
-0.017536
-0.031636
-0.037879
-0.041180
-0.041908
-0.040938
-0.037829
-0.035162
-0.025526
-0.008801
0.006263
0.018885
0.026673
0.029954
0.029026
0.023490
0.015460
0.006792
-0.000885
-0.007366
-0.012153
-0.015871
-0.017541
-0.017616
-0.016295
-0.013916
-0.011448
-0.008645
-0.005665
-0.003525
-0.001726
-0.002061
-0.005136
-0.005559
-0.003639
-0.002662
-0.002549
-0.001351
-0.000067
-0.000011
0.000082
-0.000582
-0.000740
0.000474
0.001525
0.000803
-0.000500
-0.002029
-0.004039
-0.004096
-0.003048
-0.003365
-0.003008
-0.001969
-0.002359
-0.003671
-0.005666
-0.007729
-0.007729
-0.006727
-0.006774
-0.005799
-0.004853
-0.003430
-0.006587
-0.016203
-0.015750
-0.011233
-0.007614
-0.003696
-0.000927
0.002251
0.003704
0.003737
0.005179
-0.001787
-0.020125
-0.021373
-0.008154
0.004702
0.013755
0.017878
0.018309
0.015000
0.012335
0.012185
0.006471
-0.003496
-0.009440
-0.013757
-0.017329
-0.018241
-0.017180
-0.014485
-0.011318
-0.007539
-0.002821
0.000133
0.002016
0.003661
0.003909
-0.001353
-0.011861
-0.012308
-0.005708
-0.004419
-0.005320
-0.005266
-0.003393
-0.003937
-0.014059
-0.024766
-0.029105
-0.030420
-0.029675
-0.026985
-0.024388
-0.020917
-0.016674
-0.012718
-0.008085
-0.004512
-0.003507
-0.006085
-0.006200
-0.002443
0.000762
0.001820
-0.000779
-0.004215
-0.008112
-0.011497
-0.012953
-0.014730
-0.018872
-0.020685
-0.020187
-0.015681
-0.004196
0.009438
0.019409
0.025320
0.027230
0.027232
0.025332
0.019904
0.012989
0.006877
0.001490
-0.003803
-0.007238
-0.008281
-0.008538
-0.008007
-0.006830
-0.005298
-0.003392
-0.001726
0.000034
0.002040
0.003068
0.002843
0.001899
0.001581
0.002541
0.002971
0.002798
0.002036
0.000431
0.000555
0.001901
0.002212
0.005424
0.011035
0.014236
0.016216
0.017053
0.014844
0.012721
0.011549
0.010019
0.005171
-0.002187
-0.017046
-0.041150
-0.054258
-0.058535
-0.057598
-0.052499
-0.041941
-0.027236
-0.013608
-0.002110
0.006419
0.009790
0.011326
0.012655
0.012235
0.009214
0.003542
-0.002064
-0.005635
-0.008981
-0.011096
-0.011655
-0.010795
-0.008798
-0.006800
-0.004623
-0.002582
-0.001251
-0.001164
-0.002080
-0.003096
-0.004399
-0.005346
-0.006945
-0.008040
-0.009613
-0.010645
-0.010621
-0.010763
-0.008974
-0.008006
-0.008562
-0.008655
-0.007775
-0.006014
-0.005047
-0.003979
-0.003476
-0.003466
-0.003129
-0.003716
-0.004705
-0.004620
-0.004797
-0.003739
-0.003172
-0.002909
-0.002979
-0.004490
-0.005860
-0.006762
-0.006323
-0.005413
-0.003873
-0.002372
-0.000530
0.000780
0.001258
0.001956
0.002095
0.002402
0.002411
0.001693
0.000044
-0.003030
-0.005745
-0.005848
-0.006538
-0.006626
-0.006197
-0.006345
-0.006539
-0.006359
-0.004661
-0.003652
-0.003193
-0.002651
-0.001344
0.000245
-0.000142
-0.001941
-0.004303
-0.005465
-0.005661
-0.005796
-0.005196
0.000867
0.009377
0.015430
0.019431
0.020315
0.017685
0.013333
0.009653
0.005926
0.002135
-0.001389
-0.003324
-0.004672
-0.006009
-0.005698
-0.004598
-0.002844
-0.001039
0.000034
0.000267
0.000306
0.000882
0.001810
0.002528
0.002734
0.002836
0.002527
0.001413
0.001073
0.001270
0.001374
0.001374
0.001853
0.002447
0.002797
0.003775
0.003663
0.003353
0.003061
0.002700
0.001807
-0.001096
-0.003430
-0.003684
-0.003126
-0.002954
-0.002827
-0.001670
-0.000725
-0.000596
-0.000404
-0.000154
0.000036
-0.000447
-0.000429
0.000956
0.002426
0.004426
0.006836
0.007641
0.007553
0.006447
0.004522
0.003736
0.003659
0.003328
0.002933
0.002108
0.001548
0.001521
0.000995
-0.000164
-0.000474
-0.000225
-0.000700
-0.001643
-0.002678
-0.003080
-0.001712
0.000650
0.001927
0.002874
0.004326
0.004600
0.004254
0.004074
0.003718
0.003363
0.002704
0.001769
0.000530
-0.000898
-0.002233
-0.003204
-0.003573
-0.002948
-0.001811
-0.000765
0.000047
-0.000251
-0.000821
-0.001433
-0.002736
-0.003602
-0.003137
-0.002800
-0.003740
-0.003400
-0.002901
-0.003077
-0.003150
-0.003217
-0.002605
-0.000888
0.001624
0.003257
0.004374
0.005342
0.005714
0.004954
0.004038
0.003481
0.002647
0.002218
0.001955
0.001130
0.000341
-0.000449
-0.002615
-0.003484
-0.003217
-0.003069
-0.003112
-0.002944
-0.002891
-0.002838
-0.002784
-0.002419
-0.001972
-0.001728
-0.000851
-0.001185
-0.001194
-0.000391
-0.000524
-0.000750
-0.000375
0.000942
0.001467
0.001279
0.001250
0.000690
0.000885
0.000837
0.000592
0.002477
0.005144
0.006809
0.007237
0.006428
0.005617
0.005378
0.004917
0.003443
0.001699
-0.000452
-0.003490
-0.005661
-0.006563
-0.006771
-0.006445
-0.005049
-0.003118
-0.001313
-0.000928
-0.000690
-0.000385
-0.000785
-0.001013
-0.002097
-0.003173
-0.003844
-0.003710
-0.003287
-0.003619
-0.002966
-0.002306
-0.001624
-0.000087
0.001221
0.003150
0.004378
0.004096
0.004112
0.005413
0.005302
0.004137
0.003871
0.003497
0.003260
0.002304
0.001352
-0.000300
-0.001955
-0.001710
-0.001512
-0.001520
-0.003414
-0.007996
-0.011150
-0.014057
-0.015383
-0.015100
-0.013734
-0.012292
-0.010884
-0.008273
-0.006255
-0.004935
-0.002622
-0.000009
0.001477
0.001360
0.001126
0.000977
0.000128
-0.001257
-0.002722
-0.005141
-0.006672
-0.007745
-0.007368
-0.006182
-0.006057
-0.004203
-0.001952
-0.000462
0.000856
0.002488
0.006066
0.010068
0.013045
0.014434
0.013306
0.008966
0.003403
-0.000233
-0.000411
-0.003162
-0.005776
-0.007976
-0.009345
-0.009005
-0.008755
-0.007410
-0.006178
-0.003956
-0.001716
-0.001497
-0.001263
-0.000749
0.000213
0.001296
0.001593
0.001573
0.000563
-0.000973
-0.001943
-0.002410
-0.003755
-0.005071
-0.005787
-0.006023
-0.004302
-0.000326
0.003049
0.004536
0.005732
0.005017
0.002765
-0.000135
-0.003717
-0.004525
-0.003811
-0.003735
-0.003808
-0.003967
-0.004203
-0.003357
-0.002267
-0.003233
-0.004208
-0.003979
-0.004078
-0.003896
-0.003730
-0.002502
-0.000428
0.000481
0.001307
0.003054
0.005266
0.009347
0.013096
0.013622
0.011667
0.008717
0.006388
0.004653
0.004113
0.003864
0.003507
0.004524
0.005042
0.003399
0.001529
0.000019
-0.001219
-0.001364
-0.000764
0.000016
0.000531
0.000387
0.000728
0.000228
-0.001765
-0.004419
-0.006137
-0.005615
-0.001955
0.000757
-0.000415
-0.001327
-0.000798
0.001456
0.004224
0.006420
0.010077
0.009579
0.005894
0.003928
0.002379
0.001309
0.000421
-0.001053
-0.001587
-0.002408
-0.002423
-0.000119
0.002134
0.002564
0.002166
0.001583
0.001326
0.001488
0.002542
0.003004
0.003175
0.003969
0.003997
0.003296
0.002902
0.001910
0.000335
-0.001264
-0.001738
-0.001313
-0.000731
0.000725
0.001020
0.000795
0.001043
0.001333
0.001729
0.002691
0.003509
0.003776
0.003891
0.003826
0.003490
0.003096
0.002697
0.002835
0.003715
0.004504
0.004962
0.004888
0.003999
0.002461
0.001108
-0.000392
-0.001099
-0.000512
-0.000056
-0.000525
-0.000846
0.000312
0.001270
0.001278
0.002206
0.003046
0.003056
0.002113
0.001742
0.002422
0.002383
0.001962
0.002485
0.003360
0.003006
0.002657
0.001971
0.000415
-0.000373
-0.000302
-0.000551
-0.001167
-0.001047
-0.001146
-0.001772
-0.001844
-0.001920
-0.001673
-0.001159
-0.000826
0.000703
0.001935
0.002868
0.003148
0.003460
0.003896
0.003326
0.002896
0.002345
0.001617
0.001011
-0.000408
-0.001446
-0.002651
-0.004105
-0.006435
-0.011385
-0.016362
-0.018044
-0.015689
-0.011100
-0.005771
-0.001877
0.001786
0.004345
0.006092
0.006957
0.006854
0.005323
0.003379
0.001911
0.000103
-0.002094
-0.004267
-0.007599
-0.009782
-0.010517
-0.011953
-0.012314
-0.012182
-0.009214
-0.003099
0.002940
0.006169
0.007851
0.008025
0.008905
0.005992
