# STATIONID: 201
# STARTTIME: 1123778195.670000
# SAMPLERATE: 100
# NUMSAMPLES: 8268
-0.000064
-0.000449
-0.000885
0.000199
0.000397
0.000371
0.000049
-0.000421
-0.000215
0.000023
-0.000034
0.000002
-0.000006
0.000018
-0.000001
-0.000341
-0.000171
-0.000371
-0.000209
0.000062
-0.000464
-0.000319
0.000108
0.000222
0.000556
0.000703
0.000635
0.000474
0.000365
0.000437
0.000193
-0.000471
-0.000911
-0.000312
-0.000010
-0.000385
-0.000578
0.000377
0.000790
0.000368
0.000337
0.000448
0.000031
-0.000447
-0.000805
-0.000387
0.000191
0.000319
0.000612
0.001209
0.000813
0.000030
0.000104
0.000700
0.000465
0.000394
0.000841
0.000659
0.000232
-0.000457
-0.000200
0.000085
-0.000042
0.000080
0.000405
0.000500
0.000780
0.000849
0.000311
-0.000508
-0.000209
0.000479
0.000920
0.000050
-0.000522
-0.000250
-0.000546
-0.000366
-0.000004
-0.000047
-0.000485
-0.001075
-0.000431
0.000098
0.000419
0.000595
-0.000072
-0.000114
0.000078
0.000352
0.000620
0.000537
0.000305
-0.000306
-0.000207
0.000388
0.000233
0.000611
0.000920
-0.000028
-0.000119
0.000018
-0.000360
-0.000667
-0.000352
-0.000574
-0.000612
-0.000450
-0.000548
-0.000971
-0.000851
-0.000284
-0.000024
0.000111
0.000415
0.000231
-0.000032
-0.000114
-0.000418
-0.000440
-0.000267
0.000018
-0.000170
-0.000026
0.000150
-0.000045
-0.000202
0.000012
0.000382
0.000402
0.000552
0.000657
0.000372
0.000018
0.000016
0.000839
0.000918
0.000294
0.000424
0.000300
0.000170
0.000935
0.000761
0.000122
0.000604
0.000954
0.000176
-0.000332
-0.000012
0.000296
0.000752
0.000874
0.000707
0.000024
0.000060
0.000766
0.000244
-0.000383
-0.000558
-0.000940
-0.001013
-0.001451
-0.001334
-0.000339
-0.000305
-0.000425
0.000142
0.000065
-0.000395
-0.000336
0.000308
0.000202
-0.000189
0.000359
0.000205
0.000343
0.000515
-0.000280
-0.000375
-0.000283
-0.000077
-0.000155
0.000221
0.000444
-0.000073
0.000252
0.000511
0.000225
0.000212
0.000209
0.000012
-0.000351
-0.000392
-0.000268
-0.000421
0.000312
0.000645
0.000604
0.001173
0.000817
0.000920
0.000977
0.000362
0.000430
0.000428
0.000191
-0.000211
0.000509
0.000424
-0.000047
0.000358
0.000005
-0.000745
-0.000502
0.000090
-0.000152
0.000530
0.001068
0.000542
0.000279
0.000359
0.000316
-0.000196
-0.000151
-0.000439
-0.000182
0.000070
0.000083
0.000568
0.000151
0.000035
0.000041
-0.000275
-0.000353
-0.000533
-0.000763
-0.000509
-0.000014
0.000206
0.000516
0.001243
0.001900
0.001659
0.000973
0.001121
0.001539
0.001173
0.000227
0.000253
0.000449
0.000334
0.000194
0.000090
0.000458
0.000559
0.000760
0.000229
-0.000621
-0.000555
-0.000859
-0.000798
-0.000635
-0.000713
-0.000649
-0.000656
-0.000704
0.000227
0.000884
0.000805
0.000524
0.000733
0.000778
0.000688
0.000744
0.000246
-0.000051
-0.000319
-0.000120
-0.000183
-0.000471
0.000159
0.000120
0.000274
0.000137
0.000323
0.000889
0.000814
0.001063
0.001322
0.001432
0.001272
0.000789
0.000281
0.000034
0.000298
0.000338
0.000345
0.000825
0.000894
0.000894
0.001406
0.000995
0.000785
0.000601
-0.000001
0.000225
0.000501
0.000507
0.001455
0.002464
0.002400
0.001686
0.000767
0.000241
0.000165
0.000071
0.000273
0.000439
-0.000070
-0.000122
-0.000139
-0.000442
-0.000471
-0.000641
-0.000436
0.000055
0.000741
0.000541
0.000305
0.000279
0.000641
0.000888
0.000584
0.000233
0.000730
0.000807
0.000268
-0.000569
-0.001310
-0.001541
-0.001566
-0.001736
-0.001344
-0.001004
-0.000713
-0.000305
0.000105
0.000576
0.000497
0.001154
0.001682
0.001692
0.002066
0.002263
0.001670
0.000720
-0.000209
-0.000605
-0.000353
-0.000763
-0.000714
-0.000406
-0.000022
0.000349
0.000101
0.000719
0.001399
0.001490
0.001338
0.000713
0.000394
0.000066
0.000128
0.000158
0.000732
0.001132
0.000754
0.000833
0.000350
-0.000415
-0.000609
-0.000257
-0.000385
-0.000370
0.000007
-0.000320
-0.000392
-0.000004
-0.000235
0.000295
0.000918
0.000629
0.000667
0.001198
0.000587
-0.000499
-0.000340
-0.000816
-0.000915
-0.000392
-0.000310
0.000165
0.000634
0.000394
-0.000482
-0.000639
-0.000104
0.000024
0.000104
0.000674
0.001612
0.001734
0.001546
0.001207
0.000359
0.000320
0.000296
0.000320
0.000382
0.000201
0.000335
-0.000039
-0.000132
0.000484
0.000510
0.000367
0.000966
0.001074
0.001074
0.001088
0.001073
0.000999
0.000152
0.000446
0.000732
0.000513
0.000479
-0.000050
0.000271
-0.000492
-0.000398
0.000075
0.000160
0.000923
0.001272
0.001328
0.001186
0.000617
0.000334
0.000508
0.000269
0.000419
0.000107
-0.000229
0.000295
0.000132
0.000178
0.000383
0.000143
0.000337
0.001097
0.001155
0.000993
0.001043
0.000470
-0.000131
-0.000599
-0.000335
-0.000053
0.000282
0.000448
0.000839
0.001112
0.000676
0.000936
0.000909
0.000554
0.000202
0.000065
0.000166
0.000734
0.001013
0.000456
0.000699
0.000961
0.000602
0.000786
0.000803
0.000390
-0.000143
-0.000293
-0.000295
-0.000591
-0.000286
0.000095
0.000141
0.000314
0.000127
0.000266
0.000197
0.000035
0.000648
0.000802
0.000738
0.000121
-0.000180
-0.000161
-0.000933
-0.000444
0.000397
0.000081
0.000254
0.000590
0.000527
0.000246
0.000117
0.000127
0.000058
0.000115
0.000275
0.000983
0.001386
0.001421
0.001343
0.001063
0.001245
0.001279
0.000950
0.000771
0.001049
0.000929
0.000082
-0.000323
-0.000119
0.001569
0.001989
0.001350
0.001163
0.000448
0.000196
0.000607
0.000323
0.000437
0.000784
0.001261
0.001522
0.000666
0.000501
0.000495
0.000136
0.000171
-0.000035
-0.000598
-0.000794
-0.001203
-0.001258
-0.000932
-0.000580
-0.000896
-0.001148
-0.000740
0.000068
0.000606
0.000484
0.000390
0.000959
0.001065
0.001279
0.001161
0.000864
0.000648
0.000179
0.000457
0.000442
-0.000301
-0.000423
-0.000247
-0.000163
0.000289
-0.000055
0.000074
0.000773
0.000700
0.001015
0.001272
0.001406
0.001381
0.001557
0.001667
0.000984
0.000903
0.000421
-0.000121
-0.000836
-0.000884
-0.000145
0.000294
-0.000534
-0.000995
-0.000322
0.000358
0.000737
0.001190
0.001092
0.000921
0.000787
0.001477
0.001963
0.001213
0.000469
0.000608
0.000561
0.000404
0.000347
0.000859
0.001562
0.000952
0.000183
-0.000313
-0.001022
-0.000870
0.000270
0.000426
0.000730
0.001487
0.001503
0.001441
0.001855
0.001576
0.001340
0.000754
0.000728
0.000977
0.000900
0.000334
-0.000346
-0.000305
-0.000075
-0.000078
-0.000174
-0.000756
-0.000716
-0.000092
0.000240
0.000004
0.000210
0.000415
0.000360
0.000355
0.000184
0.000580
0.001085
0.000903
0.000811
0.000814
0.000665
0.000675
0.000438
0.000079
0.000862
0.000726
0.000002
0.000139
0.000096
0.000335
0.000655
0.001087
0.001141
0.001506
0.001719
0.001611
0.001232
0.000347
-0.000200
-0.000191
-0.000746
-0.001153
-0.000977
-0.000040
0.000585
0.000652
0.000453
0.000295
0.000479
0.000692
0.000654
0.000213
0.000820
0.001202
0.000737
0.000625
0.000543
0.000580
0.000879
0.001011
0.000133
-0.000655
-0.000347
0.000162
0.000783
0.000925
0.000397
0.000352
0.000323
-0.000032
-0.000722
-0.000756
-0.000618
-0.000577
-0.000372
-0.000096
0.000142
-0.000087
-0.000153
-0.000286
-0.000594
-0.000608
-0.000438
0.000136
0.000725
0.000905
0.001415
0.001148
0.000869
0.000958
0.000619
0.000098
-0.000138
-0.000210
-0.000576
-0.000399
-0.000387
-0.000418
-0.000415
-0.000323
-0.000002
-0.000282
-0.000285
0.000045
-0.000302
-0.000094
0.000596
0.000997
0.001573
0.002501
0.002855
0.002027
0.001441
0.001224
0.001502
0.001925
0.001464
0.000772
0.000685
-0.000312
-0.000834
-0.000655
-0.000779
-0.000845
-0.000483
-0.000302
-0.000552
0.000297
0.000988
0.000830
0.000327
0.000205
0.000625
0.000375
0.000552
0.000799
0.000078
-0.000076
0.000040
0.000310
-0.000034
-0.000099
-0.000201
-0.000586
-0.000401
-0.000550
-0.000411
-0.000221
0.000118
0.000287
0.000036
0.000241
0.000324
0.000107
0.000026
0.000289
0.000165
0.000306
0.000153
-0.000814
-0.001079
-0.001062
-0.001050
-0.000338
0.000127
-0.000090
0.000543
0.000661
0.000645
0.000929
0.000579
0.000886
0.000872
0.000734
0.000351
0.000012
0.000590
0.000809
0.000527
0.000832
0.001354
0.001180
0.001240
0.000677
0.000536
0.000735
-0.000052
-0.000395
0.000473
0.000867
-0.000367
-0.000767
0.000322
0.000467
0.000573
0.000565
0.000195
0.000342
0.000230
0.000038
0.000266
0.000451
-0.000005
-0.000256
0.000074
0.000040
0.000193
0.000325
-0.000027
-0.000096
0.000113
0.000239
0.000025
-0.000256
0.000172
0.000588
0.000251
-0.000191
0.000209
0.000428
0.000607
0.000539
0.000117
0.000514
-0.000082
-0.000836
-0.000853
-0.000634
-0.000361
-0.000649
-0.000741
-0.000617
-0.000129
0.000774
0.000800
0.000840
0.001023
0.001639
0.001298
0.000302
0.000368
0.000952
0.000973
0.000649
0.000768
0.000523
0.000190
0.000498
0.000531
0.000268
0.000467
0.000687
-0.000055
-0.000522
-0.000341
-0.000021
-0.000453
-0.000490
0.000220
0.000168
-0.000651
-0.000833
-0.000388
-0.000011
0.000296
0.001205
0.001919
0.001259
0.000788
0.000817
0.000357
-0.000026
0.000281
0.001178
0.000069
-0.000456
-0.000066
0.000013
0.000172
-0.000414
-0.000927
-0.000788
0.000066
0.000382
0.000297
0.000240
0.000315
0.000489
0.000440
-0.000274
-0.001052
-0.000868
-0.000467
-0.000168
-0.000063
0.000153
0.000613
0.000046
-0.000366
0.000040
0.000425
0.001185
0.001527
0.001161
0.001284
0.001287
0.000932
0.001178
0.000660
-0.000047
-0.000085
-0.000455
-0.000259
0.000625
0.000428
0.000051
0.000440
0.000573
0.000333
-0.000083
0.000289
0.001015
0.000945
0.001124
0.001145
0.000445
0.000489
0.000481
0.000603
0.000571
-0.000075
-0.000524
-0.000019
0.000045
-0.000907
-0.000881
-0.000459
-0.000278
-0.000163
-0.000005
-0.000289
-0.000428
0.000221
0.000129
0.000191
0.000553
0.000059
-0.000114
0.000219
-0.000234
0.000019
0.000272
0.000410
-0.000167
-0.000357
-0.000635
-0.000145
0.000497
0.000025
-0.000000
-0.000079
-0.000235
0.000401
0.001219
0.000932
0.000094
-0.000164
0.000415
0.001019
0.001438
0.001910
0.002167
0.001677
0.001241
0.001281
0.001193
0.000816
0.000115
0.000011
-0.000243
-0.000452
-0.000604
-0.001351
-0.001588
-0.001395
-0.000655
0.000023
0.000642
0.001070
0.001260
0.001920
0.002017
0.001144
0.000749
0.000800
0.001108
0.001292
0.001088
0.001008
0.000897
0.000208
0.000127
0.000032
-0.000409
-0.000360
0.000044
0.000121
-0.001061
-0.000832
-0.000057
-0.000474
-0.000538
-0.000371
-0.000255
-0.000179
0.000013
0.000380
0.000306
0.000143
-0.000308
-0.000347
-0.000096
-0.000277
-0.000262
0.000162
0.000823
0.000777
0.000411
-0.000124
-0.000656
0.000111
0.000705
0.000585
0.000784
0.001183
0.001349
0.000608
0.000281
0.000817
0.000617
0.000142
0.000775
0.000886
0.000157
0.000166
0.000343
0.000638
0.001098
0.000779
0.000148
0.000416
0.000653
0.000185
0.000214
0.000177
0.000303
0.000719
0.000300
0.000334
0.000769
0.000293
-0.000169
-0.000221
0.000146
0.000736
0.000269
0.000154
0.000331
0.000411
-0.000546
-0.001005
-0.000649
-0.000654
-0.000293
-0.000149
-0.000048
-0.000003
-0.000261
-0.000224
0.000359
0.000473
0.000585
0.000656
0.000419
0.000049
-0.000081
-0.000155
-0.000426
-0.000170
-0.000207
-0.000281
0.000241
0.000955
0.001034
0.000142
0.000134
0.000277
0.000411
0.000499
0.000552
0.001234
0.001386
0.000864
0.000578
0.000695
0.000531
0.000333
0.000418
-0.000128
-0.000286
-0.000360
-0.000175
-0.000162
0.000329
0.000849
0.000681
0.000409
-0.000021
0.000394
0.000593
0.000310
0.000188
0.000408
-0.000275
-0.001061
-0.000757
0.000103
0.000020
-0.000543
-0.000878
-0.000631
0.000454
0.000953
0.000752
0.000321
0.000300
0.000731
0.000577
0.000263
-0.000160
-0.000296
0.000269
-0.000142
-0.000060
-0.000036
-0.000427
-0.000435
-0.000481
-0.000161
0.000102
0.000391
-0.000025
-0.000592
-0.000949
-0.000433
-0.000216
-0.000213
0.000756
0.001158
0.000329
0.000223
0.000425
0.000476
0.000315
-0.000133
-0.000419
-0.000296
0.000033
-0.000024
-0.000273
-0.000320
-0.000419
-0.000167
0.000536
0.001010
0.000727
0.000726
0.001298
0.001135
0.000593
0.000607
0.000837
0.001083
0.001073
0.000558
0.000316
0.000519
0.000454
-0.000006
-0.000344
-0.000187
-0.000696
-0.000968
-0.000616
-0.000393
-0.000500
-0.000110
-0.000490
-0.001125
-0.000807
0.000110
0.000719
0.000751
0.000770
0.000502
0.000183
0.000498
0.001140
0.001059
0.000677
0.000384
0.000244
0.000189
-0.000146
-0.000295
-0.000481
-0.000818
-0.001031
-0.000807
-0.000502
0.000106
0.000257
0.000602
0.001262
0.001140
0.001035
0.001524
0.000904
-0.000033
0.000543
0.001022
0.000476
-0.000258
-0.000582
-0.000310
0.000173
-0.000234
-0.000574
-0.000577
-0.000303
-0.000383
-0.000826
-0.000642
-0.000202
-0.000549
-0.000869
-0.000422
-0.000225
-0.000359
-0.000197
0.000031
0.000245
0.000126
0.000081
-0.000075
0.000011
0.000434
0.000293
0.000512
0.000242
0.000354
0.000521
0.000188
0.000260
-0.000147
-0.000064
0.000372
0.000952
0.001160
0.001172
0.001437
0.001547
0.000864
0.000846
0.001273
0.000771
0.000508
0.000319
0.000298
0.000385
0.000462
0.000829
0.001238
0.001197
0.001098
0.000836
0.000011
0.000004
0.000468
-0.000258
-0.000807
-0.000042
0.000602
0.000343
0.000275
0.000616
0.000633
0.000264
-0.000509
-0.000675
-0.000667
-0.001531
-0.001493
-0.001066
-0.001355
-0.000994
-0.000077
0.000310
0.000552
0.000743
0.000778
0.000784
-0.000052
-0.000363
-0.000344
-0.000370
0.000526
0.001333
0.001095
0.000192
0.000049
0.000249
0.000245
-0.000312
-0.000396
0.000223
-0.000015
-0.000206
-0.000073
-0.000230
-0.000322
-0.000159
0.000379
0.000772
0.000338
-0.000210
-0.000155
-0.000078
0.000248
0.000782
0.000589
0.000756
0.001165
0.000469
0.000044
0.000203
-0.000242
-0.000383
-0.000474
-0.000218
0.000509
0.000435
0.001038
0.002018
0.002205
0.001931
0.001057
0.000588
0.000436
0.000167
0.000245
-0.000523
-0.001013
-0.000853
-0.000726
-0.001032
-0.001118
-0.000580
-0.000684
-0.000172
-0.000087
-0.000282
-0.000212
-0.000512
-0.000456
-0.000191
0.000030
0.000115
-0.000323
-0.000429
-0.000376
-0.000009
0.000239
0.000515
0.000478
0.000258
0.000622
0.000663
0.000512
0.000734
0.000943
0.000225
0.000062
0.000730
0.000822
0.000872
0.000466
0.000519
0.001087
0.000216
-0.000204
-0.000208
0.000019
0.000013
0.000373
0.000656
0.000661
0.000820
0.000499
0.000291
-0.000406
-0.000939
-0.000874
-0.000467
-0.000031
0.000273
0.000570
0.000631
0.000846
0.000233
0.000427
-0.000191
-0.001379
-0.001474
-0.001215
-0.000771
-0.000571
-0.000251
0.000119
0.000547
0.000897
0.000607
0.000031
0.000321
0.000671
0.000956
0.001108
0.001444
0.001030
0.000528
0.000566
0.000214
-0.000368
-0.000070
0.000434
-0.000004
-0.000492
-0.000124
-0.000047
0.000368
0.001036
0.001089
0.001309
0.001311
0.001275
0.001417
0.001305
0.001061
0.000740
0.000272
0.000290
0.000278
0.000021
-0.000641
-0.001272
-0.000776
-0.000617
-0.000603
-0.000034
0.001090
0.001491
0.001430
0.000487
-0.000759
-0.001337
-0.001129
-0.000087
0.000056
0.000402
0.001226
0.001644
0.002100
0.002161
0.001614
0.001536
0.000814
0.000047
0.000104
0.000068
-0.000168
0.000254
-0.000038
-0.000271
-0.000204
-0.000683
-0.000568
-0.000460
-0.000092
0.000068
-0.000265
-0.000595
-0.000087
0.000375
0.000949
0.001479
0.001292
0.001217
0.001278
0.000715
0.000389
0.000289
0.000321
0.000451
0.000327
-0.000447
-0.000851
-0.000598
-0.000820
-0.000942
-0.000647
-0.000139
0.000494
0.001557
0.001586
0.000652
0.000328
0.000501
0.000321
-0.000113
-0.000085
0.000478
0.000832
0.000486
0.000375
0.000696
0.000316
-0.000514
-0.000667
-0.000951
-0.001136
-0.000967
-0.001047
-0.000639
0.000446
0.000782
0.000957
0.000906
-0.000165
-0.001360
-0.000843
-0.000499
-0.001657
-0.001761
-0.001141
-0.000868
-0.000696
0.000004
0.000441
0.000332
0.000325
0.000078
0.000460
0.001493
0.001258
0.000957
0.001074
0.000688
0.000845
0.001230
0.001048
0.000516
0.000083
-0.000422
-0.000387
0.000166
0.000109
0.000562
0.001147
0.000996
0.000712
0.000230
0.000195
0.000061
-0.000816
-0.000902
-0.000545
-0.000793
-0.000476
0.000489
0.000591
0.000678
0.000578
0.000335
-0.000139
-0.000659
-0.000306
0.000127
0.000324
0.001042
0.000881
0.000495
0.000650
0.000331
-0.000474
-0.000629
-0.000597
-0.001374
-0.001711
-0.001307
-0.000511
-0.000163
0.000389
0.001069
0.000817
0.000422
0.000670
0.000793
0.000508
0.000576
0.000923
0.000758
0.000544
0.000595
0.000643
0.000025
-0.000555
-0.000641
-0.000625
-0.000571
-0.000477
-0.000388
-0.000065
0.000113
-0.000122
0.000279
0.000770
0.001058
0.001045
0.001110
0.001209
0.001443
0.001685
0.001638
0.000634
0.000017
-0.000038
-0.000669
-0.001135
-0.001254
-0.000759
-0.000571
-0.000690
-0.000496
-0.000059
0.000462
0.000125
0.000637
0.000876
0.000487
0.000631
-0.000006
-0.000471
-0.000537
-0.000855
-0.000985
-0.001136
0.000097
0.000729
0.000660
0.000743
0.000914
0.000569
-0.000112
-0.000278
-0.000454
-0.000078
0.000313
0.000209
0.000997
0.001303
0.000430
0.000139
0.000596
0.000490
0.000331
0.001178
0.001383
0.001297
0.001257
0.001052
0.000656
0.000488
0.000783
-0.000203
-0.000714
-0.000141
0.000089
0.000382
0.000582
0.000416
0.000261
0.000524
0.001541
0.001233
0.000536
0.000854
0.000491
0.000382
0.000845
0.000904
0.000653
0.000774
0.000495
-0.000159
-0.000524
-0.000663
0.000218
0.001077
0.001028
0.001723
0.001678
0.000866
0.000517
0.000276
0.000051
0.000328
0.000231
-0.000268
-0.000407
-0.000378
-0.000281
-0.000985
-0.000812
-0.000877
-0.000219
0.000135
-0.000245
0.000129
0.000088
0.000496
0.000746
0.000920
0.001560
0.000938
0.000864
0.001263
0.001141
0.000921
0.000622
0.000268
0.000655
0.000284
-0.000110
-0.000088
0.000253
-0.000435
-0.001116
-0.000767
-0.000515
-0.000200
-0.000319
-0.000340
-0.000208
0.000600
0.001123
0.000759
0.000716
0.000999
0.001126
0.001455
0.001168
0.000698
0.000743
0.000369
0.000581
0.000905
0.000878
0.001015
0.000692
0.000546
0.000476
-0.000306
-0.000126
0.000398
0.000158
-0.000147
-0.000156
0.000102
-0.000408
-0.000601
-0.000373
-0.000142
0.000014
0.000281
0.000794
0.000421
0.000277
-0.000283
-0.000579
-0.000519
-0.000689
-0.000258
0.000173
0.000551
0.001142
0.001003
0.000446
0.000500
0.000879
0.000468
-0.000241
-0.000488
-0.000270
0.000131
0.000329
0.000840
0.000549
0.000326
0.000599
0.000789
0.000313
0.000079
0.000476
0.000793
0.000830
0.000798
0.000795
0.001130
0.001498
0.001212
0.001598
0.001108
-0.000009
-0.000588
-0.000821
-0.000230
0.000118
0.000013
0.000612
0.001501
0.001339
0.001356
0.000571
-0.000346
-0.000277
-0.000358
-0.000478
-0.000973
-0.000994
0.000095
0.000424
-0.000320
-0.000073
0.000328
0.000477
0.000372
0.000316
0.000408
0.000472
0.000417
0.000061
0.000536
0.001097
0.000873
0.000844
0.000688
0.000784
0.001328
0.001562
0.001682
0.001285
0.000965
0.000696
-0.000308
-0.000673
-0.000128
-0.000544
-0.001182
-0.001318
-0.001492
-0.001262
-0.000558
0.000174
0.000392
0.000227
-0.000140
-0.000514
-0.000067
-0.000065
-0.000550
-0.000045
0.000366
0.000046
-0.000346
-0.000013
0.000261
0.000501
0.000273
-0.000070
0.000214
0.000504
0.001134
0.000919
0.000440
0.000896
0.001168
0.001073
0.000579
0.000216
-0.000051
0.000025
0.000034
0.000159
0.000913
0.001384
0.001542
0.001626
0.001556
0.001224
0.001164
0.000942
0.001392
0.001688
0.001641
0.001500
0.000723
0.000325
0.000441
0.000972
0.000749
0.000787
0.000725
0.000215
0.000719
0.000795
0.000708
0.001052
0.000735
0.000083
-0.000540
-0.001022
-0.000316
0.000204
0.000036
-0.000263
0.000190
0.000818
0.000670
0.000332
0.000575
0.000272
-0.000153
-0.000090
-0.000296
-0.000280
-0.000360
-0.000247
0.000265
0.000890
0.001327
0.001947
0.001857
0.001989
0.001997
0.001527
0.001066
0.001008
0.000583
0.000575
0.000455
-0.000038
-0.000130
0.000506
0.000867
-0.000002
0.000020
-0.000164
-0.000184
-0.000318
-0.000697
-0.000125
0.000393
0.000129
0.000129
0.000129
0.000277
0.000863
0.001131
0.000771
0.000418
0.001032
0.001184
0.000780
0.001052
0.001348
0.000613
-0.000235
-0.000614
-0.000437
-0.000309
-0.001097
-0.001047
-0.000812
-0.000665
0.000115
0.000994
0.001295
0.001285
0.001490
0.001927
0.001788
0.001592
0.001260
0.001152
0.000786
0.000315
0.000328
0.000601
0.000913
0.000945
0.000862
0.001302
0.001159
0.000883
0.000985
0.001000
0.001280
0.001580
0.000937
0.000343
-0.000304
-0.000145
-0.000491
-0.000959
-0.000271
-0.000235
0.000382
0.001277
0.001332
0.002208
0.002477
0.001480
0.000397
-0.000279
-0.001125
-0.000189
0.000563
0.000413
0.000157
0.000191
-0.000088
-0.000087
-0.000348
-0.000756
-0.000440
0.000115
0.000678
0.000787
0.000001
-0.000020
0.000600
0.000338
-0.000019
-0.000138
-0.000479
-0.000637
-0.001095
-0.001502
-0.000784
-0.000438
-0.000796
-0.000513
0.000049
0.000157
0.000005
0.000475
0.000757
0.001550
0.002554
0.002339
0.002466
0.002163
0.001230
0.000885
0.000888
0.001013
0.001252
0.001067
0.000408
-0.000080
-0.000818
-0.001280
-0.001202
-0.000647
-0.000717
-0.000213
0.000648
0.000599
0.000564
0.000807
0.001052
0.000504
-0.000546
-0.000030
0.000501
0.001111
0.000865
0.000706
0.001439
0.001076
0.000362
-0.000028
-0.000859
-0.001015
-0.001010
-0.001124
-0.000382
0.000742
0.001176
0.000663
-0.000015
-0.000042
0.000087
-0.000103
-0.000823
-0.001328
-0.000895
0.000396
0.000899
0.001260
0.002188
0.002181
0.001939
0.002140
0.001355
-0.000274
-0.000217
0.000269
-0.000257
-0.000355
0.000019
0.000728
0.000817
0.000608
0.000790
0.000544
0.000255
0.000034
-0.000160
-0.000084
0.000034
0.000520
0.001004
0.001067
0.001270
0.001238
0.001338
0.001038
0.000866
0.000994
0.000775
0.000463
0.000608
0.000931
-0.000247
-0.001080
-0.000656
-0.000791
-0.001018
-0.000493
0.000248
0.001334
0.001755
0.001590
0.001669
0.001722
0.001642
0.001270
0.000591
0.000033
-0.000554
-0.000689
-0.000935
-0.000926
-0.000164
0.000316
0.000307
0.000003
-0.000198
-0.000361
-0.000272
-0.000677
-0.000748
-0.000696
-0.001486
-0.001536
-0.001036
-0.000834
-0.000816
-0.000268
-0.000389
-0.000838
-0.000850
-0.000632
0.000066
0.000408
0.000373
0.000615
0.000631
0.000536
0.000694
0.000751
0.001025
0.000964
0.001284
0.001220
0.001505
0.002294
0.001874
0.001505
0.001566
0.000785
0.000013
-0.000438
-0.000889
-0.001169
-0.000844
-0.000596
-0.001057
-0.000087
0.000454
0.000788
0.001704
0.001417
0.000916
0.001855
0.001787
0.001718
0.002243
0.002545
0.002012
0.000647
0.000120
-0.000089
-0.000821
-0.001449
-0.001650
-0.001324
-0.001044
-0.000867
-0.001070
-0.001132
-0.000994
-0.000754
-0.000660
-0.000798
-0.001123
-0.000842
-0.000198
0.000234
0.000534
0.001059
0.001609
0.002296
0.002199
0.001822
0.001759
0.001954
0.001537
0.000993
0.000754
-0.000255
-0.001097
-0.001214
-0.001249
-0.001151
-0.001212
-0.000622
0.000183
0.000628
0.000517
0.000245
-0.000313
-0.000655
-0.000754
-0.000865
-0.000293
0.000617
0.000638
0.000968
-0.000095
-0.001588
-0.001498
-0.000910
-0.000275
0.000177
0.001185
0.002230
0.002930
0.002796
0.003026
0.004048
0.004382
0.004125
0.003972
0.003337
0.002563
0.000493
-0.000322
0.000002
-0.000465
-0.000381
0.000189
0.000198
-0.000705
-0.001342
-0.002429
-0.003281
-0.004470
-0.005090
-0.004623
-0.003079
-0.001593
-0.000807
0.000754
0.001487
0.000957
0.000095
-0.000132
0.000448
0.000569
0.000261
0.000421
-0.000076
-0.000659
-0.001044
-0.001814
-0.001292
-0.001044
-0.000910
-0.000333
0.000150
-0.000300
-0.000325
-0.000481
-0.001112
-0.001120
-0.000584
-0.000462
-0.000044
0.001205
0.002834
0.004096
0.004598
0.005693
0.006107
0.005797
0.004965
0.003363
0.001739
-0.000080
-0.001837
-0.002649
-0.003549
-0.004783
-0.004167
-0.002667
-0.000615
0.001210
0.001943
0.002608
0.003511
0.003374
0.002508
0.002355
0.001603
0.001468
0.002649
0.003214
0.003063
0.002559
0.001442
-0.000509
-0.002797
-0.004795
-0.005855
-0.005718
-0.005018
-0.004360
-0.002819
-0.001513
-0.000895
0.000198
0.000795
0.000691
0.000775
0.000812
0.000869
0.001386
0.001580
0.001959
0.003009
0.003483
0.003404
0.003530
0.002870
0.001471
0.000254
-0.001498
-0.003002
-0.002852
-0.002716
-0.001956
0.000371
0.001575
0.002162
0.001624
0.001024
0.001109
0.001027
0.001352
0.002823
0.004385
0.005235
0.004766
0.002400
0.000127
-0.001395
-0.002671
-0.002946
-0.002196
-0.001533
-0.001791
-0.002375
-0.003399
-0.005361
-0.005514
-0.004452
-0.002354
0.001558
0.005951
0.009174
0.009812
0.009882
0.009636
0.008144
0.005818
0.003959
0.002189
-0.000044
-0.001826
-0.003610
-0.005414
-0.006124
-0.005493
-0.004322
-0.003025
-0.001694
-0.000812
-0.000467
-0.001212
-0.002012
-0.001426
-0.000110
0.002096
0.005358
0.007301
0.007602
0.006574
0.003646
-0.000652
-0.003711
-0.005659
-0.006341
-0.004633
-0.001552
0.000564
0.000606
-0.000945
-0.002536
-0.002877
-0.001878
0.001053
0.004310
0.007614
0.009783
0.009696
0.008466
0.006739
0.004434
0.003677
0.003870
0.004071
0.004490
0.005600
0.007060
0.007271
0.005977
0.003157
-0.000910
-0.005696
-0.011782
-0.016936
-0.019789
-0.020645
-0.017112
-0.010825
-0.005194
-0.001213
-0.000482
-0.002988
-0.007672
-0.012517
-0.014563
-0.013472
-0.008206
-0.000448
0.006867
0.012483
0.016250
0.016908
0.014576
0.010641
0.007560
0.004910
0.003564
0.003399
0.003157
0.002003
0.000283
-0.001679
-0.004233
-0.005522
-0.005581
-0.002835
0.002171
0.007281
0.011656
0.014796
0.015934
0.014021
0.011328
0.009762
0.008286
0.006917
0.006176
0.004652
0.002187
-0.000714
-0.004264
-0.007718
-0.011811
-0.015511
-0.018231
-0.020378
-0.021223
-0.019587
-0.016653
-0.013787
-0.008974
-0.003932
-0.000727
0.001561
0.003362
0.005074
0.006221
0.006252
0.007383
0.008331
0.008550
0.008788
0.007653
0.006606
0.004788
0.002387
0.000342
-0.001558
-0.002245
-0.001928
-0.000612
0.000626
0.001376
0.002219
0.003316
0.004318
0.005132
0.006013
0.006349
0.006937
0.007027
0.007126
0.008775
0.011091
0.013370
0.014242
0.013402
0.010193
0.004702
-0.000326
-0.004493
-0.008320
-0.010710
-0.011474
-0.012239
-0.013128
-0.013801
-0.015643
-0.017287
-0.017051
-0.015302
-0.012007
-0.007240
-0.003211
-0.000588
0.001248
0.000619
-0.001545
-0.004498
-0.007634
-0.010994
-0.013432
-0.012582
-0.009686
-0.004713
0.002093
0.008781
0.012918
0.014880
0.015069
0.015057
0.014923
0.015506
0.018234
0.021781
0.024364
0.024818
0.023406
0.020245
0.015291
0.010432
0.006386
0.003603
0.001902
0.000002
-0.001695
-0.003142
-0.005586
-0.010085
-0.015428
-0.019882
-0.023626
-0.025514
-0.024827
-0.023743
-0.023545
-0.022996
-0.022188
-0.020120
-0.017536
-0.014247
-0.009759
-0.006098
-0.004091
-0.001961
0.001186
0.005319
0.010536
0.016032
0.020655
0.022100
0.020543
0.016738
0.011575
0.007135
0.004414
0.004129
0.006133
0.008936
0.011788
0.013058
0.012567
0.009031
0.003450
-0.001974
-0.006252
-0.008465
-0.008875
-0.007148
-0.004298
-0.002713
-0.003151
-0.006454
-0.010436
-0.013661
-0.013769
-0.011048
-0.005945
0.000660
0.006363
0.011068
0.012464
0.011634
0.010178
0.009145
0.009038
0.010402
0.013031
0.015804
0.018191
0.018055
0.014456
0.008875
0.001990
-0.005907
-0.012503
-0.015753
-0.015371
-0.011281
-0.005550
-0.001522
-0.000760
-0.001963
-0.003938
-0.006833
-0.009403
-0.011000
-0.010706
-0.007097
-0.001875
0.005268
0.013835
0.020915
0.025503
0.026879
0.025316
0.021320
0.016306
0.011741
0.006626
0.000659
-0.006003
-0.014308
-0.022350
-0.028454
-0.032887
-0.033826
-0.030276
-0.024977
-0.019420
-0.013076
-0.006883
-0.002604
-0.000576
-0.000421
-0.001658
-0.003261
-0.005490
-0.008393
-0.009977
-0.009542
-0.005954
0.001612
0.012182
0.024534
0.034548
0.040835
0.042469
0.038524
0.032116
0.024833
0.017815
0.011394
0.005178
0.000345
-0.003098
-0.006322
-0.009985
-0.012844
-0.014910
-0.016976
-0.018005
-0.017583
-0.016898
-0.016018
-0.015809
-0.016886
-0.017963
-0.018072
-0.017836
-0.016149
-0.012894
-0.006968
0.000293
0.006978
0.012967
0.017603
0.021477
0.023802
0.023960
0.022520
0.020621
0.017453
0.012721
0.007007
0.000165
-0.007768
-0.014163
-0.017836
-0.018931
-0.017069
-0.012836
-0.009506
-0.008731
-0.009403
-0.010631
-0.010692
-0.007960
-0.002668
0.002050
0.006366
0.011600
0.017036
0.021255
0.026021
0.029380
0.030147
0.027309
0.020086
0.009924
-0.000632
-0.009488
-0.014021
-0.014361
-0.011060
-0.006662
-0.005245
-0.008481
-0.014901
-0.022130
-0.028833
-0.032558
-0.032532
-0.028650
-0.022326
-0.014213
-0.004651
0.004638
0.012526
0.018609
0.022024
0.023108
0.022655
0.021685
0.020362
0.019027
0.017579
0.014121
0.009148
0.004265
0.000701
-0.001339
-0.001782
-0.001397
-0.000874
-0.001546
-0.002395
-0.003639
-0.005189
-0.005762
-0.005645
-0.005463
-0.005444
-0.005810
-0.006033
-0.003527
0.000900
0.005679
0.010818
0.014740
0.015908
0.015399
0.012842
0.008980
0.004456
0.002074
0.001884
0.003838
0.007951
0.011445
0.012885
0.011393
0.005982
-0.001501
-0.008745
-0.014797
-0.017713
-0.017929
-0.017241
-0.014453
-0.009827
-0.005653
-0.002459
0.001158
0.003270
0.003015
0.000481
-0.003238
-0.005679
-0.006088
-0.006475
-0.007781
-0.008197
-0.008145
-0.006494
-0.003170
0.000514
0.003459
0.004712
0.003430
-0.001210
-0.006171
-0.011518
-0.018489
-0.024580
-0.028909
-0.030232
-0.028209
-0.023649
-0.017904
-0.012410
-0.005532
0.002080
0.008958
0.016192
0.022872
0.028534
0.031464
0.031231
0.028477
0.023398
0.017852
0.013600
0.012252
0.012773
0.013466
0.012720
0.010740
0.007657
0.004907
0.005142
0.008606
0.013499
0.016985
0.018147
0.017306
0.015529
0.013549
0.011605
0.010043
0.007733
0.003250
-0.002281
-0.009312
-0.017621
-0.024350
-0.029637
-0.033538
-0.035681
-0.035627
-0.033725
-0.031262
-0.029270
-0.026922
-0.024528
-0.020683
-0.014176
-0.006750
0.000131
0.006218
0.011966
0.014950
0.016470
0.018028
0.018813
0.018705
0.016958
0.012838
0.008182
0.004031
0.000692
-0.000839
-0.000890
0.000898
0.005247
0.010396
0.013872
0.013955
0.009835
0.002340
-0.005455
-0.011206
-0.012016
-0.008682
-0.002626
0.005639
0.012912
0.017152
0.019052
0.018862
0.016071
0.012009
0.007275
0.001266
-0.003350
-0.005497
-0.005898
-0.004595
-0.002388
-0.000391
0.000570
0.000391
-0.001855
-0.003598
-0.003833
-0.002521
0.002907
0.009837
0.015642
0.018113
0.017517
0.014204
0.008612
0.000838
-0.006979
-0.013349
-0.017295
-0.018425
-0.016955
-0.012889
-0.007903
-0.003667
-0.001424
0.000172
0.002125
0.006154
0.012302
0.019232
0.023906
0.024518
0.019711
0.010118
-0.001817
-0.013735
-0.022317
-0.027002
-0.028768
-0.027942
-0.024958
-0.022255
-0.019413
-0.015719
-0.011307
-0.006785
-0.002967
-0.000100
0.001766
0.001646
0.000004
-0.001527
-0.003070
-0.004149
-0.006587
-0.011144
-0.015868
-0.018092
-0.017585
-0.013225
-0.005244
0.003425
0.011432
0.016755
0.017775
0.014483
0.008791
0.001848
-0.003740
-0.007372
-0.008504
-0.006819
-0.002928
0.003161
0.010092
0.015894
0.020602
0.023183
0.023269
0.020630
0.016166
0.011805
0.009713
0.009952
0.011497
0.012955
0.012675
0.009723
0.003632
-0.001690
-0.004012
-0.004653
-0.002887
0.001398
0.004766
0.007188
0.009432
0.010543
0.011323
0.011777
0.010733
0.007168
0.001341
-0.003728
-0.007788
-0.010191
-0.009119
-0.006177
-0.002155
0.002977
0.007278
0.008932
0.009554
0.009299
0.008951
0.008818
0.008819
0.007905
0.003809
-0.004452
-0.014651
-0.023819
-0.031622
-0.036177
-0.037601
-0.037166
-0.034521
-0.028989
-0.022000
-0.013620
-0.003478
0.006420
0.013784
0.019378
0.024166
0.027212
0.028572
0.029364
0.029777
0.028377
0.024578
0.018479
0.008158
-0.003087
-0.012910
-0.020571
-0.025278
-0.026951
-0.025480
-0.023089
-0.021317
-0.020491
-0.019452
-0.017804
-0.014521
-0.011131
-0.008867
-0.007331
-0.003950
0.001406
0.007770
0.014132
0.019106
0.023382
0.026604
0.027556
0.026824
0.023892
0.018660
0.013980
0.009249
0.004423
0.000214
-0.003971
-0.008738
-0.013323
-0.014766
-0.013225
-0.008392
-0.000991
0.008253
0.018440
0.027729
0.033833
0.035881
0.033957
0.028183
0.019880
0.010787
0.002384
-0.004821
-0.009673
-0.011743
-0.012700
-0.014299
-0.014779
-0.013691
-0.011451
-0.008823
-0.005950
-0.003914
-0.003907
-0.008305
-0.018673
-0.030453
-0.042988
-0.055719
-0.062934
-0.063572
-0.059264
-0.049554
-0.037932
-0.024784
-0.010390
0.004030
0.016382
0.026442
0.033817
0.037839
0.040225
0.040941
0.041199
0.040591
0.038634
0.037434
0.035931
0.032412
0.026514
0.020879
0.017107
0.014227
0.011977
0.010813
0.012383
0.016455
0.019391
0.019611
0.014881
0.005922
-0.004425
-0.014901
-0.021745
-0.025070
-0.025779
-0.024492
-0.022164
-0.020306
-0.018914
-0.016592
-0.011710
-0.006242
-0.001187
0.003235
0.007005
0.008824
0.008306
0.007844
0.009105
0.011099
0.012691
0.012327
0.009091
0.004658
-0.001293
-0.006871
-0.010034
-0.010342
-0.008563
-0.007024
-0.005104
-0.004006
-0.004547
-0.006838
-0.010134
-0.013599
-0.017262
-0.019872
-0.022421
-0.023525
-0.021661
-0.018901
-0.015128
-0.009716
-0.003560
0.002604
0.007268
0.011480
0.014867
0.018010
0.020104
0.019937
0.017856
0.014434
0.012897
0.013978
0.016342
0.019400
0.024124
0.028428
0.030628
0.031889
0.034158
0.037750
0.039162
0.037475
0.030194
0.018267
0.002941
-0.013987
-0.028889
-0.040509
-0.047715
-0.051808
-0.054358
-0.054659
-0.053441
-0.051276
-0.047712
-0.042712
-0.034554
-0.023091
-0.008317
0.008350
0.021291
0.030810
0.034497
0.032907
0.025568
0.014479
0.002573
-0.007386
-0.012751
-0.013810
-0.010627
-0.004495
0.001042
0.006290
0.012932
0.016519
0.016817
0.013623
0.007843
0.000839
-0.005214
-0.007745
-0.007305
-0.002231
0.005701
0.012248
0.016040
0.017230
0.016141
0.015631
0.018857
0.024535
0.027569
0.026337
0.020668
0.011150
-0.000087
-0.010543
-0.019772
-0.028543
-0.035279
-0.038020
-0.035514
-0.028399
-0.018932
-0.008913
0.001477
0.011398
0.020725
0.027683
0.029979
0.028556
0.024012
0.018914
0.014010
0.009790
0.006154
0.002014
-0.001098
-0.002822
-0.003098
0.000201
0.006245
0.011387
0.012385
0.008797
0.003332
-0.002203
-0.008377
-0.014456
-0.019312
-0.022240
-0.022640
-0.020423
-0.014255
-0.005778
0.000842
0.003773
0.004619
0.004711
0.005494
0.004865
0.003352
0.001647
0.000282
0.000113
0.000368
0.001093
0.000464
-0.001467
-0.003343
-0.005808
-0.007766
-0.007322
-0.007107
-0.008122
-0.009141
-0.009994
-0.008500
-0.005745
-0.002605
0.002715
0.008646
0.011627
0.011463
0.007878
0.000031
-0.008353
-0.016653
-0.022465
-0.023462
-0.021244
-0.015286
-0.008172
-0.000777
0.005704
0.010977
0.014949
0.016422
0.017484
0.019069
0.020277
0.019521
0.018707
0.017305
0.014407
0.009682
0.003767
-0.001461
-0.004731
-0.003870
0.002070
0.011998
0.020645
0.025520
0.027067
0.025791
0.023502
0.020211
0.016400
0.010027
0.001797
-0.006200
-0.012203
-0.016283
-0.020126
-0.023347
-0.028507
-0.034492
-0.039992
-0.043139
-0.042940
-0.039829
-0.033287
-0.024456
-0.016075
-0.009598
-0.004477
-0.000263
0.001822
0.001436
0.000075
-0.001189
-0.000306
0.003227
0.008757
0.015653
0.023033
0.030516
0.037263
0.040767
0.042009
0.042175
0.040453
0.035695
0.028674
0.022201
0.016381
0.011817
0.009961
0.008765
0.005959
0.000277
-0.007571
-0.015398
-0.022943
-0.029696
-0.032388
-0.030598
-0.025410
-0.019458
-0.015964
-0.015252
-0.017272
-0.022921
-0.029675
-0.033436
-0.031259
-0.023205
-0.012551
-0.001932
0.008146
0.016218
0.020880
0.021948
0.020494
0.016121
0.011274
0.007130
0.004559
0.004085
0.004359
0.004574
0.003411
0.002282
0.001893
0.001273
-0.000667
-0.004656
-0.009123
-0.012278
-0.012301
-0.009453
-0.003812
0.004120
0.012624
0.019016
0.021951
0.022600
0.021975
0.019599
0.016750
0.013767
0.011257
0.009527
0.007327
0.003440
-0.003623
-0.012375
-0.020703
-0.024727
-0.024026
-0.019429
-0.013222
-0.006541
0.000222
0.006081
0.011465
0.016331
0.020596
0.023371
0.023966
0.022853
0.018164
0.008168
-0.003595
-0.013833
-0.020777
-0.022741
-0.021945
-0.018708
-0.013149
-0.007630
-0.005078
-0.005943
-0.007775
-0.008033
-0.006496
-0.001575
0.004143
0.009062
0.012079
0.012019
0.008543
0.003453
-0.001635
-0.007227
-0.010696
-0.012025
-0.012050
-0.009929
-0.007905
-0.006332
-0.004290
-0.003291
-0.004605
-0.006841
-0.008608
-0.008657
-0.006280
-0.003357
-0.000202
0.004082
0.008660
0.013631
0.017416
0.018450
0.016913
0.014291
0.011519
0.009783
0.009880
0.012206
0.012991
0.011424
0.007268
0.001653
-0.004099
-0.008830
-0.011552
-0.013372
-0.014029
-0.013220
-0.011757
-0.008283
-0.005581
-0.004958
-0.005149
-0.005356
-0.004757
-0.003335
-0.000913
0.003169
0.007012
0.010276
0.013095
0.015425
0.016982
0.017416
0.016783
0.014636
0.010947
0.004846
-0.003303
-0.011278
-0.016589
-0.018335
-0.016388
-0.010448
-0.003311
0.002782
0.005491
0.004386
0.000073
-0.006758
-0.012161
-0.013154
-0.010634
-0.007216
-0.002049
0.003919
0.007214
0.008898
0.010593
0.011493
0.011750
0.012983
0.015056
0.017693
0.021410
0.025919
0.028231
0.027419
0.023720
0.015493
0.003784
-0.010273
-0.024233
-0.035149
-0.040275
-0.039859
-0.034900
-0.026731
-0.016913
-0.007438
0.000495
0.007146
0.011242
0.012335
0.012706
0.012906
0.012750
0.012327
0.011614
0.011007
0.009964
0.007086
0.001480
-0.005577
-0.013035
-0.020077
-0.027118
-0.031980
-0.033704
-0.034071
-0.033841
-0.031962
-0.028853
-0.023167
-0.015923
-0.008482
0.000103
0.007457
0.012797
0.017454
0.020790
0.022424
0.024239
0.026295
0.027171
0.027330
0.027135
0.026197
0.024477
0.021108
0.017427
0.014241
0.011119
0.008691
0.006851
0.004312
0.003347
0.002661
0.001743
0.001784
0.001753
0.000897
-0.000180
-0.001810
-0.004934
-0.009709
-0.014289
-0.017874
-0.020530
-0.022024
-0.022406
-0.021639
-0.019320
-0.015147
-0.009796
-0.003828
0.001388
0.004480
0.005403
0.005180
0.004796
0.004789
0.005781
0.007308
0.009708
0.011905
0.012261
0.010662
0.006059
0.001284
-0.003198
-0.007759
-0.011272
-0.012425
-0.010456
-0.006379
-0.002425
0.001589
0.003757
0.004163
0.002841
-0.000070
-0.002956
-0.006718
-0.008850
-0.008945
-0.007705
-0.005716
-0.003108
0.000216
0.002862
0.004184
0.004576
0.004255
0.003645
0.004169
0.006815
0.010395
0.014058
0.017812
0.020655
0.022136
0.022142
0.019899
0.016306
0.011573
0.006154
0.000108
-0.005705
-0.009759
-0.012135
-0.013463
-0.013709
-0.012863
-0.011784
-0.010305
-0.008737
-0.007090
-0.005882
-0.004911
-0.004461
-0.004576
-0.004579
-0.005070
-0.005910
-0.005964
-0.005546
-0.005082
-0.003916
-0.001947
0.001189
0.004985
0.008147
0.010957
0.012609
0.012691
0.011185
0.008346
0.006343
0.004878
0.004407
0.004627
0.004142
0.003447
0.001402
-0.001186
-0.002799
-0.003644
-0.004447
-0.005586
-0.007033
-0.008821
-0.010799
-0.012932
-0.013382
-0.012722
-0.010778
-0.007628
-0.004914
-0.002551
-0.000890
-0.000651
-0.001824
-0.003552
-0.003604
-0.002112
0.000516
0.004640
0.008234
0.011100
0.012664
0.012246
0.010299
0.006979
0.003842
0.002513
0.002153
0.002571
0.003456
0.005128
0.005876
0.005043
0.003957
0.002081
-0.000403
-0.003287
-0.005780
-0.007752
-0.008516
-0.007904
-0.006728
-0.003823
0.000870
0.005680
0.009320
0.010419
0.009904
0.008333
0.005416
0.002026
-0.000310
-0.002037
-0.002805
-0.002468
-0.002120
-0.002230
-0.002585
-0.002525
-0.001756
-0.001207
-0.000400
0.000056
-0.000062
-0.001592
-0.003829
-0.006049
-0.007317
-0.007311
-0.006960
-0.005756
-0.003920
-0.002776
-0.002492
-0.001555
-0.000683
0.000066
0.002168
0.004859
0.007001
0.009710
0.012695
0.014051
0.014168
0.014339
0.014381
0.014385
0.013898
0.012252
0.010046
0.007647
0.005521
0.003327
0.001125
-0.000297
-0.002268
-0.004182
-0.005827
-0.006681
-0.006635
-0.005650
-0.004269
-0.001885
0.001166
0.003227
0.004307
0.003862
0.002808
0.000698
-0.002410
-0.004793
-0.006882
-0.008675
-0.009585
-0.011436
-0.013953
-0.015553
-0.017252
-0.018378
-0.017251
-0.016064
-0.014582
-0.013566
-0.013677
-0.013871
-0.014036
-0.013547
-0.010832
-0.006267
0.000281
0.006907
0.013465
0.019311
0.023012
0.024718
0.023816
0.021431
0.017473
0.012174
0.006530
0.001496
-0.002720
-0.005428
-0.006710
-0.005935
-0.003363
-0.000744
0.001645
0.004933
0.007906
0.010328
0.012802
0.013942
0.014152
0.014216
0.013657
0.011793
0.008616
0.005807
0.003264
0.001212
-0.000518
-0.002490
-0.003791
-0.003452
-0.002813
-0.002673
-0.001858
-0.000949
-0.001088
-0.001357
-0.002412
-0.004084
-0.005285
-0.005133
-0.004070
-0.002614
-0.000853
0.000719
0.002272
0.002403
0.001466
0.000344
-0.000913
-0.003095
-0.005683
-0.007679
-0.009785
-0.012223
-0.014807
-0.017227
-0.019129
-0.020241
-0.021190
-0.021121
-0.020268
-0.018431
-0.015122
-0.010647
-0.004919
0.001182
0.007002
0.012583
0.018253
0.022012
0.024836
0.027216
0.027802
0.027039
0.025014
0.021694
0.017874
0.013535
0.008809
0.005369
0.002673
0.000474
-0.001504
-0.004069
-0.005595
-0.005727
-0.005745
-0.005172
-0.003681
-0.001999
-0.000709
-0.000343
-0.000922
-0.001915
-0.004108
-0.006764
-0.008954
-0.010400
-0.010495
-0.009471
-0.006713
-0.002460
0.002258
0.006151
0.009193
0.010611
0.010445
0.008934
0.006519
0.005050
0.004156
0.003143
0.002824
0.002500
0.001593
0.000462
-0.001120
-0.003026
-0.004017
-0.004808
-0.004471
-0.002660
-0.001657
-0.001299
-0.002404
-0.005275
-0.009166
-0.013347
-0.016400
-0.018377
-0.018790
-0.017384
-0.014309
-0.010406
-0.005722
-0.001546
0.003034
0.007602
0.011430
0.015107
0.018680
0.022297
0.024390
0.024159
0.022388
0.019577
0.014353
0.008423
0.001801
-0.005120
-0.010595
-0.014106
-0.015091
-0.014383
-0.011410
-0.007985
-0.004974
-0.001996
0.001484
0.004110
0.005889
0.007927
0.009936
0.011861
0.013354
0.014279
0.014576
0.014083
0.012277
0.008880
0.004239
-0.000356
-0.005017
-0.009162
-0.013116
-0.016203
-0.019344
-0.021526
-0.022072
-0.021818
-0.020469
-0.018610
-0.015606
-0.012389
-0.009240
-0.007144
-0.005045
-0.002327
0.000774
0.004079
0.007964
0.011027
0.013081
0.015056
0.015687
0.015336
0.014361
0.012689
0.010447
0.009146
0.007620
0.006796
0.006939
0.007722
0.008408
0.007983
0.006302
0.004459
0.002615
0.000907
-0.001071
-0.003551
-0.005163
-0.006394
-0.007219
-0.008095
-0.009482
-0.010883
-0.011729
-0.011942
-0.011894
-0.011390
-0.010926
-0.008941
-0.006457
-0.003764
-0.000428
0.002690
0.005822
0.007671
0.008252
0.008622
0.008599
0.008509
0.007229
0.005852
0.004925
0.003377
0.001353
-0.000518
-0.002137
-0.003634
-0.004951
-0.004715
-0.003811
-0.002848
-0.000607
0.001614
0.004613
0.007452
0.008691
0.010256
0.012108
0.013338
0.013573
0.013423
0.011945
0.009676
0.007267
0.004187
0.001432
-0.001225
-0.004048
-0.005617
-0.006476
-0.007741
-0.008050
-0.007615
-0.007531
-0.008012
-0.008155
-0.007932
-0.007385
-0.005591
-0.003279
-0.000681
0.001609
0.003379
0.004419
0.003828
0.002458
-0.000485
-0.003524
-0.006879
-0.009512
-0.010903
-0.012341
-0.012641
-0.010945
-0.008601
-0.005749
-0.002088
0.001367
0.004429
0.005404
0.005636
0.005304
0.004199
0.002548
0.001236
-0.000393
-0.002178
-0.003894
-0.005070
-0.005437
-0.005423
-0.004533
-0.002623
-0.000786
0.001835
0.004570
0.006835
0.009307
0.011320
0.012339
0.012483
0.012836
0.012902
0.013635
0.014065
0.014051
0.013019
0.011027
0.009770
0.008425
0.006368
0.003484
0.000887
-0.002661
-0.006223
-0.008730
-0.011172
-0.013208
-0.014232
-0.013876
-0.013078
-0.011228
-0.008167
-0.004295
-0.000547
0.002391
0.004935
0.005677
0.006137
0.006313
0.005882
0.004573
0.002540
0.000737
-0.001406
-0.004459
-0.007385
-0.009716
-0.012455
-0.014744
-0.015441
-0.015062
-0.013120
-0.010682
-0.008126
-0.004687
-0.000950
0.002308
0.005273
0.007975
0.010105
0.012041
0.012597
0.012444
0.011878
0.011511
0.011815
0.012255
0.011485
0.009689
0.007645
0.005175
0.002809
0.000562
-0.000987
-0.002036
-0.002307
-0.002281
-0.001941
-0.001648
-0.001277
-0.001456
-0.002364
-0.002441
-0.002512
-0.002097
-0.000965
0.001178
0.003314
0.004693
0.006278
0.008033
0.008981
0.008918
0.007429
0.004178
0.001170
-0.002008
-0.005568
-0.008607
-0.010347
-0.010768
-0.010805
-0.010251
-0.009347
-0.008172
-0.006564
-0.005439
-0.004971
-0.004823
-0.003888
-0.002101
-0.000189
0.000987
0.001040
0.000623
0.000243
-0.000110
-0.000872
-0.001256
-0.001294
-0.000242
0.001370
0.003434
0.005981
0.007668
0.008403
0.007937
0.006205
0.005024
0.004687
0.004578
0.004986
0.005150
0.004906
0.003800
0.002816
0.001909
0.000080
-0.001879
-0.004061
-0.006088
-0.006899
-0.007272
-0.007618
-0.006793
-0.005379
-0.005223
-0.004849
-0.004544
-0.004893
-0.003806
-0.002534
-0.001116
0.000168
0.000791
0.001630
0.001579
0.001534
0.002353
0.003365
0.004912
0.005744
0.005958
0.006437
0.006996
0.007761
0.008211
0.008665
0.009749
0.010142
0.010382
0.009988
0.008164
0.006281
0.004657
0.002501
-0.000172
-0.003258
-0.006160
-0.008270
-0.009987
-0.011030
-0.011548
-0.011184
-0.010235
-0.009638
-0.008082
-0.006931
-0.005243
-0.002063
0.000413
0.002772
0.004594
0.005391
0.005564
0.005569
0.005818
0.006105
0.006275
0.006304
0.006326
0.006296
0.005062
0.003946
0.003507
0.001859
-0.000520
-0.002110
-0.003130
-0.003216
-0.002889
-0.002709
-0.002560
-0.002848
-0.004508
-0.007480
-0.009872
-0.010314
-0.009584
-0.008374
-0.006004
-0.003844
-0.002029
-0.000389
0.000146
-0.000167
0.000322
0.000165
-0.001672
-0.003521
-0.003761
-0.004121
-0.005132
-0.005266
-0.004356
-0.002226
-0.000687
0.001620
0.004121
0.006976
0.009391
0.010011
0.011034
0.012036
0.012616
0.012668
0.012435
0.012186
0.010504
0.007549
0.004194
0.001534
-0.000549
-0.002677
-0.003805
-0.004374
-0.004024
-0.002686
-0.001340
-0.000233
0.000567
0.001276
0.002636
0.003882
0.004466
0.004748
0.004361
0.003692
0.002452
0.001664
0.000353
-0.002076
-0.003791
-0.004954
-0.006584
-0.009492
-0.012758
-0.014466
-0.015375
-0.014747
-0.013273
-0.010568
-0.007993
-0.005506
-0.002119
-0.000175
0.000850
0.002093
0.003474
0.004348
0.005231
0.006195
0.007631
0.008649
0.007799
0.006555
0.005032
0.002200
-0.000261
-0.002138
-0.003009
-0.002088
0.000367
0.003680
0.006772
0.009226
0.010687
0.011023
0.010249
0.008761
0.007855
0.006645
0.004937
0.002998
0.001336
-0.000490
-0.002985
-0.004854
-0.006422
-0.008592
-0.009498
-0.009412
-0.008967
-0.008114
-0.007104
-0.005127
-0.003037
-0.001170
0.000319
0.001281
0.001717
0.002197
0.002381
0.001634
0.000580
-0.000380
-0.000941
-0.001066
-0.001176
-0.001656
-0.002524
-0.003241
-0.004376
-0.004386
-0.004103
-0.003726
-0.002766
-0.002281
-0.001531
-0.000236
0.001049
0.001731
0.002614
0.002401
0.001936
0.002546
0.003570
0.004852
0.004979
0.004452
0.004610
0.004436
0.004103
0.003222
0.002129
0.001336
0.000656
0.000501
0.001202
0.002694
0.004118
0.005741
0.006014
0.005476
0.004032
0.001873
0.000763
0.000049
-0.001542
-0.002232
-0.001029
0.000606
0.001164
0.002143
0.003041
0.003075
0.003279
0.003381
0.002718
0.001712
0.001354
0.001432
0.001471
0.001863
0.001950
0.000479
-0.001710
-0.003920
-0.006268
-0.008343
-0.010081
-0.011555
-0.012574
-0.012876
-0.012098
-0.011122
-0.009847
-0.008794
-0.007893
-0.006328
-0.005108
-0.004103
-0.003016
-0.001879
-0.001244
-0.000615
0.000531
0.002606
0.004758
0.005675
0.006897
0.008952
0.010148
0.010509
0.010704
0.010421
0.009175
0.008295
0.008280
0.008359
0.008911
0.009759
0.009872
0.009470
0.008156
0.005461
0.003100
0.002054
0.000618
-0.001735
-0.002598
-0.002989
-0.003318
-0.002983
-0.002372
-0.001931
-0.002073
-0.003050
-0.003190
-0.003979
-0.005935
-0.006136
-0.006373
-0.006554
-0.005882
-0.004979
-0.004302
-0.003374
-0.002549
-0.002092
-0.001938
-0.003424
-0.004236
-0.004163
-0.003499
-0.002458
-0.001910
-0.000577
0.000184
-0.000009
0.000127
0.000278
0.000296
0.000838
0.001504
0.002560
0.002929
0.002657
0.003341
0.003690
0.003175
0.002814
0.003097
0.003267
0.003132
0.003042
0.002875
0.002585
0.002517
0.002739
0.003496
0.004728
0.005244
0.005942
0.006033
0.005073
0.004963
0.004852
0.004373
0.003541
0.001914
0.001068
0.000830
0.000263
0.000528
0.001127
0.000494
-0.000592
-0.000352
-0.001201
-0.002218
-0.003064
-0.003905
-0.004170
-0.005041
-0.005553
-0.005484
-0.005802
-0.005566
-0.005305
-0.005965
-0.007280
-0.008738
-0.009021
-0.008914
-0.009168
-0.008081
-0.005824
-0.003620
-0.000751
0.001792
0.003850
0.005083
0.006379
0.007230
0.007445
0.007865
0.008070
0.006889
0.004898
0.003980
0.003674
0.002901
0.003313
0.004696
0.004727
0.003725
0.003164
0.001443
-0.000723
-0.001488
-0.002144
-0.001952
-0.000453
0.001760
0.003430
0.003516
0.003608
0.003048
0.002450
0.002546
0.001886
0.001769
0.001620
0.001008
0.000270
-0.000424
-0.001277
-0.001719
-0.001455
-0.001141
-0.000749
-0.001118
-0.001685
-0.002138
-0.003311
-0.004932
-0.005493
-0.005232
-0.004644
-0.003323
-0.001782
-0.001110
-0.001059
-0.001837
-0.002974
-0.003410
-0.003114
-0.001777
-0.000101
0.002025
0.003674
0.003880
0.003477
0.003328
0.003161
0.002781
0.002976
0.003056
0.003649
0.004144
0.003856
0.003897
0.004850
0.004197
0.002943
0.001756
-0.000644
-0.003326
-0.005620
-0.005828
-0.006184
-0.007000
-0.007290
-0.007372
-0.006711
-0.005890
-0.004517
-0.003253
-0.000927
0.001455
0.001946
0.001811
0.001891
0.002581
0.003591
0.004834
0.005407
0.005186
0.004815
0.004192
0.003030
0.001964
0.001777
0.001448
0.000702
0.000370
0.000112
0.000116
0.000916
0.002798
0.004496
0.005919
0.007034
0.007192
0.006655
0.005429
0.004023
0.002099
0.000849
0.000267
-0.000217
-0.000671
-0.000110
0.001043
0.000780
0.000672
0.001034
0.001249
0.001053
0.000351
-0.000551
-0.001912
-0.003158
-0.004216
-0.005322
-0.005775
-0.005367
-0.004344
-0.003202
-0.002070
-0.001047
-0.001043
-0.001318
-0.001659
-0.001982
-0.001788
-0.001778
-0.001729
-0.001832
-0.002199
-0.002436
-0.002176
-0.001553
-0.001530
-0.001518
-0.001808
-0.001441
-0.000251
0.000785
0.001743
0.001360
0.000083
-0.001099
-0.001373
-0.000827
0.000883
0.003392
0.006342
0.008044
0.007962
0.006521
0.004423
0.003125
0.002470
0.002455
0.002947
0.004055
0.004398
0.003300
0.001459
-0.000451
-0.002107
-0.003822
-0.005107
-0.005221
-0.005048
-0.004010
-0.002905
-0.001852
-0.001119
-0.001849
-0.002416
-0.002784
-0.002295
-0.001005
-0.000754
-0.000006
0.001068
0.001812
0.002491
0.003187
0.003594
0.003377
0.001812
0.000460
0.000097
-0.000431
-0.001193
-0.001392
-0.001156
-0.000978
-0.000891
-0.001257
-0.001242
-0.001150
-0.001435
-0.001423
-0.000718
0.000813
0.002605
0.004167
0.004712
0.005423
0.006092
0.005752
0.004777
0.003766
0.002490
0.001382
-0.000396
-0.002377
-0.003472
-0.003426
-0.003332
-0.003398
-0.002782
-0.001517
0.000615
0.002130
0.002824
0.003003
0.002385
0.001828
0.001222
0.000713
-0.000244
-0.000858
-0.000841
-0.001822
-0.002971
-0.002815
-0.002409
-0.001951
-0.001646
-0.002194
-0.002918
-0.002666
-0.001611
-0.002065
-0.002649
-0.002258
-0.001591
-0.001212
-0.002135
-0.002369
-0.000595
0.001521
0.002109
0.003125
0.004577
0.004683
0.004166
0.003872
0.003660
0.003555
0.003185
0.002477
0.002349
0.001793
0.001165
0.000556
0.000657
0.001363
0.001682
0.001244
0.000810
0.000643
0.001412
0.002615
0.003471
0.004523
0.006041
0.007159
0.006621
0.005607
0.004499
0.002740
0.002104
0.000715
-0.000835
-0.001246
-0.002630
-0.005225
-0.007589
-0.008500
-0.009114
-0.010021
-0.009537
-0.008759
-0.006523
-0.003265
-0.001628
0.000262
0.001907
0.001408
0.000530
-0.000714
-0.002003
-0.002600
-0.003037
-0.003027
-0.003002
-0.003124
-0.003522
-0.003279
-0.002520
-0.001271
0.000297
0.001519
0.002292
0.002492
0.002310
0.001548
0.001348
0.001914
0.002654
0.003226
0.003442
0.003547
0.003068
0.003019
0.003648
0.003814
0.004454
0.005172
0.005188
0.006123
0.007120
0.006517
0.005779
0.005120
0.003479
0.001708
0.000342
-0.002110
-0.005221
-0.006786
-0.007865
-0.007944
-0.006766
-0.005557
-0.004219
-0.002803
-0.001558
-0.001203
-0.001153
-0.001414
-0.001649
-0.000485
0.001147
0.002343
0.002983
0.003249
0.003038
0.002197
0.001230
0.000721
0.001124
0.001253
0.001280
0.002152
0.003347
0.002576
0.001020
0.000005
-0.001953
-0.003774
-0.004097
-0.003959
-0.003443
-0.002392
-0.000461
0.000828
0.001608
0.003062
0.003033
0.003056
0.003611
0.003587
0.004319
0.004390
0.003550
0.003419
0.002370
0.000980
-0.000634
-0.002718
-0.003336
-0.003193
-0.002851
-0.002242
-0.002027
-0.000130
-0.000478
0.001075
-0.001807
0.011092
0.009513
-0.001970
0.001005
-0.000324
0.002024
0.002777
0.003916
0.003810
0.003595
0.001704
-0.000293
-0.001272
-0.002618
-0.003278
-0.003611
-0.004320
-0.004023
-0.003725
-0.003747
-0.003311
-0.002760
-0.002434
-0.002846
-0.003483
-0.003920
-0.004029
-0.003633
-0.002736
-0.001656
-0.000856
0.000015
0.000995
0.001528
0.001697
0.001501
0.001147
0.000913
0.000791
0.000492
0.000062
0.000383
0.000427
0.000467
0.001314
0.001870
0.002353
0.002622
0.002602
0.003192
0.003296
0.003697
0.005670
0.007675
0.009231
0.009907
0.009424
0.007601
0.004862
0.003061
0.001591
-0.000358
-0.001781
-0.002004
-0.002056
-0.003350
-0.004870
-0.005913
-0.006893
-0.007357
-0.007403
-0.005642
-0.003242
-0.001652
-0.000144
0.001044
0.002175
0.001960
0.001324
0.001239
0.001359
0.001425
0.000500
-0.000198
-0.000330
-0.000326
-0.000466
-0.001246
-0.001739
-0.001638
-0.000418
0.000964
0.001470
0.002582
0.003183
0.002125
0.001862
0.002492
0.002584
0.002191
0.001832
0.002077
0.000792
-0.001073
-0.001714
-0.002008
-0.001724
-0.001028
-0.000688
0.000135
0.000785
0.000864
0.000659
0.000620
0.001059
0.001389
0.001265
0.000945
0.000724
-0.000843
-0.002044
-0.002997
-0.004278
-0.004518
-0.005320
-0.005414
-0.004005
-0.002861
-0.001930
0.000273
0.001763
0.002130
0.001727
0.001004
0.000443
-0.000857
-0.002013
-0.002896
-0.003537
-0.003904
-0.004028
-0.003442
-0.002417
-0.002689
-0.002563
-0.000794
0.000834
0.002447
0.004330
0.005954
0.007074
0.007636
0.006536
0.004738
0.004305
0.004175
0.004000
0.004250
0.004234
0.004278
0.003910
0.002252
0.000637
-0.001126
-0.003794
-0.004992
-0.004854
-0.004215
-0.002925
-0.002127
-0.001447
-0.000930
-0.000359
0.000096
0.000192
0.000389
0.000674
0.001051
0.000627
-0.000282
-0.001095
-0.002415
-0.003475
-0.003953
-0.003753
-0.002997
-0.002642
-0.002243
-0.001810
-0.002155
-0.002634
-0.001641
-0.000483
0.000499
0.002585
0.004372
0.005545
0.005960
0.004888
0.003566
0.003540
0.003022
0.001907
0.001586
0.001338
0.001262
0.001552
0.001028
0.000312
-0.000561
-0.001137
-0.001446
-0.001899
-0.002002
-0.000772
0.000944
0.001943
0.003516
0.004255
0.003986
0.004125
0.004459
0.003608
0.002316
0.001716
-0.000027
-0.001919
-0.002416
-0.002643
-0.003584
-0.004121
-0.004813
-0.005534
-0.005910
-0.005580
-0.004745
-0.003161
-0.000986
-0.000461
-0.000604
-0.000722
-0.000974
-0.001221
-0.002129
-0.001771
-0.001257
-0.001685
-0.001548
-0.001404
-0.001396
-0.002258
-0.002978
-0.002595
-0.002105
-0.001562
-0.000284
0.000837
0.000806
0.001127
0.001755
0.001490
0.001342
0.001452
0.001001
0.001616
0.002635
0.003295
0.004319
0.004654
0.005141
0.005725
0.005609
0.005478
0.004866
0.004449
0.004325
0.003182
0.002292
0.002048
0.001489
0.001337
0.001052
0.000540
0.000244
-0.000227
-0.000438
-0.001211
-0.002338
-0.002331
-0.001897
-0.001533
-0.000677
-0.000017
0.000068
-0.000611
-0.001776
-0.002032
-0.002112
-0.002508
-0.002604
-0.002541
-0.002842
-0.002217
-0.001526
-0.001434
-0.000881
-0.000784
-0.000842
-0.001405
-0.001433
-0.000853
-0.000942
-0.001213
-0.001133
-0.001466
-0.002473
-0.002910
-0.002976
-0.002674
-0.002283
-0.002216
-0.002196
-0.001944
-0.001257
-0.001125
-0.001008
-0.000665
-0.000662
-0.000268
0.000374
0.001152
0.001663
0.002023
0.002200
0.002216
0.002373
0.002374
0.001439
0.001483
0.002616
0.002648
0.002648
0.002805
0.002332
0.001867
0.001069
0.000632
0.000305
-0.000396
-0.000895
-0.000026
0.000730
0.000147
0.000184
0.000986
0.001386
0.000852
-0.000296
-0.001122
-0.001620
-0.001340
-0.000503
-0.000159
0.000967
0.001776
0.001999
0.002677
0.002694
0.002226
0.001998
0.002151
0.001277
-0.000627
-0.001417
-0.001511
-0.001747
-0.002092
-0.001577
-0.000561
-0.000309
0.000976
0.002083
0.002324
0.002453
0.002874
0.003210
0.003203
0.003298
0.003067
0.002675
0.001655
0.000346
-0.000361
-0.001552
-0.002434
-0.002904
-0.003810
-0.004073
-0.003252
-0.002628
-0.002251
-0.001992
-0.001672
-0.001434
-0.000117
0.000577
0.000420
0.001321
0.001930
0.002431
0.002424
0.001322
0.000729
-0.000020
-0.000563
-0.000923
-0.002120
-0.002924
-0.003013
-0.003589
-0.003974
-0.003564
-0.003818
-0.004168
-0.003939
-0.003553
-0.003123
-0.002735
-0.002385
-0.001682
0.000180
0.002093
0.003932
0.005161
0.005400
0.005168
0.004188
0.003283
0.002179
0.001678
0.000756
-0.000024
0.000467
0.000884
0.000977
0.001071
0.001310
0.001118
0.001609
0.001886
0.001881
0.002014
0.002545
0.002168
0.001120
0.000056
-0.000028
-0.000065
-0.000390
-0.000155
0.000155
0.000300
-0.000046
-0.000402
-0.000334
-0.000104
0.000382
0.000395
0.000065
0.000619
0.001334
0.001441
0.001373
0.000921
0.000688
0.000209
-0.000888
-0.001711
-0.002037
-0.002691
-0.003723
-0.003721
-0.003809
-0.003528
-0.002923
-0.003144
-0.002475
-0.000838
0.000072
0.001442
0.003367
0.004310
0.004579
0.004401
0.003491
0.002933
0.002492
0.002497
0.002152
0.001143
0.000568
0.000177
0.000112
-0.000068
0.000158
-0.000131
0.000151
0.000924
0.001536
0.001652
0.001335
-0.000021
-0.000334
-0.000380
-0.000746
-0.000441
0.000317
0.000193
-0.001145
-0.001173
-0.001801
-0.002765
-0.002563
-0.002742
-0.002450
-0.002223
-0.001488
-0.000550
0.000267
0.001550
0.001860
0.001145
-0.000155
-0.001170
-0.002568
-0.004389
-0.005297
-0.005007
-0.003962
-0.003493
-0.003231
-0.002042
-0.000731
-0.000768
-0.000823
0.000163
0.001857
0.002954
0.003392
0.003565
0.003373
0.003178
0.003214
0.003241
0.002826
0.002117
0.001559
0.001204
0.001100
0.001202
0.000783
0.001056
0.001967
0.002408
0.003500
0.003755
0.003801
0.004450
0.004315
0.003479
0.002560
0.001515
0.000596
-0.000222
-0.000938
-0.001303
-0.002273
-0.003130
-0.003148
-0.003523
-0.004046
-0.004063
-0.004438
-0.004717
-0.003903
-0.003004
-0.002559
-0.001746
-0.001225
-0.000801
0.000032
0.000493
0.000495
0.000217
-0.000133
0.000084
0.000602
0.000112
-0.000601
-0.001068
-0.001635
-0.002455
-0.002460
-0.001429
-0.001135
-0.000740
-0.000201
0.000978
0.002156
0.002005
0.002371
0.003487
0.003180
0.003047
0.003819
0.003559
0.003236
0.003293
0.003285
0.002854
0.001975
0.001244
0.000185
-0.001069
-0.001074
-0.001183
-0.001764
-0.001732
-0.002594
-0.003301
-0.002989
-0.002176
-0.001450
-0.000118
0.001119
0.001588
0.001676
0.002098
0.002323
0.002227
0.003264
0.003763
0.002546
0.001763
0.001398
0.000724
0.000579
0.000623
-0.000300
-0.001613
-0.002455
-0.002592
-0.002163
-0.001964
-0.001344
0.000351
0.000846
0.000521
0.000467
0.000918
0.000357
-0.000054
-0.000636
-0.001222
-0.001191
-0.001352
-0.001483
-0.001506
-0.001223
-0.001075
0.000220
0.000897
0.001209
0.001696
0.001564
0.001733
0.002111
0.002363
0.002139
0.001822
0.001842
0.000559
-0.001224
-0.002959
-0.004106
-0.003941
-0.004576
-0.004868
-0.004752
-0.004093
-0.003127
-0.002393
-0.000762
0.000545
0.001508
0.002617
0.002914
0.003019
0.003006
0.002865
0.003415
0.003536
0.003144
0.002762
0.002413
0.002674
0.002517
0.002186
0.001797
0.001561
0.001485
0.001326
0.001152
0.001062
0.001370
0.001175
0.001058
0.001305
0.001660
0.002207
0.002286
0.001834
0.001083
0.000093
-0.001959
-0.002851
-0.003708
-0.004405
-0.003768
-0.003289
-0.002313
-0.001651
-0.001568
-0.001029
-0.000763
-0.000737
-0.000721
-0.000732
-0.000913
-0.001283
-0.001019
-0.001065
-0.001040
-0.000561
-0.000503
0.000298
0.001146
0.001505
0.001291
0.000732
0.000072
-0.000903
-0.001305
-0.001191
-0.001040
-0.001333
-0.000729
0.000417
0.000971
0.000423
0.000096
0.000619
0.000393
-0.000078
0.000080
0.000369
0.000271
0.000058
-0.000120
0.000610
0.000970
0.000753
0.001021
0.001679
0.002017
0.002283
0.002590
0.002622
0.002637
0.002521
0.002806
0.003530
0.003816
0.002872
0.002535
0.002537
0.001512
0.000584
0.000584
0.000062
-0.000537
-0.000739
-0.000453
-0.001011
-0.001560
-0.002118
-0.003454
-0.004070
-0.003871
-0.002766
-0.001468
0.000378
0.001602
0.002171
0.002124
0.000810
-0.000257
-0.001002
-0.001912
-0.002390
-0.002852
-0.002676
-0.001976
-0.001338
-0.001044
-0.000745
-0.000291
0.000117
0.000787
0.000888
0.001375
0.001577
0.001049
0.000792
0.000557
0.000530
0.000859
0.001011
0.000505
0.000289
0.000145
0.000342
0.000839
0.001165
0.001144
0.001526
0.001746
0.001162
0.001123
0.001368
0.001627
0.002358
0.003261
0.002959
0.002440
0.002374
0.001769
0.000933
0.000285
-0.000667
-0.001615
-0.002196
-0.002042
-0.001842
-0.001346
-0.000243
0.000094
0.000545
0.001003
0.001524
0.001653
0.001175
0.000880
0.000135
-0.000220
-0.000096
-0.000536
-0.000746
-0.000826
-0.001815
-0.002715
-0.003628
-0.004022
-0.003291
-0.003213
-0.002979
-0.001639
-0.000003
0.001705
0.002490
0.002516
0.002251
0.001617
0.001341
0.001013
0.000428
0.000856
0.000847
0.001284
0.002509
0.002811
0.003208
0.002162
0.001340
0.001173
0.000458
0.000053
-0.000006
-0.000330
-0.000681
-0.000168
-0.000290
-0.000669
-0.000765
-0.001094
-0.001551
-0.001359
-0.000805
-0.000679
-0.000541
0.000007
0.000273
0.000303
0.000236
0.000295
-0.000740
-0.001070
-0.000592
-0.000696
-0.000198
-0.000066
0.000159
0.001483
0.001594
0.001261
0.001589
0.001632
0.001665
0.001067
0.000731
0.000972
0.001622
0.002239
0.001973
0.001738
0.001947
0.001600
0.001016
0.000577
-0.000183
-0.001072
-0.001441
-0.001467
-0.001307
-0.001338
-0.001136
-0.001092
-0.001193
-0.000240
-0.000370
-0.001083
-0.000919
-0.001346
-0.001204
-0.000437
-0.000291
-0.000347
-0.000528
0.000052
0.000904
0.000501
0.000269
0.000946
0.001542
0.002287
0.002374
0.001735
0.000921
0.000460
0.000031
-0.000350
-0.001861
-0.002926
-0.002718
-0.002513
-0.001858
-0.000441
0.001285
0.001949
0.002087
0.002430
0.002381
0.001297
0.000964
0.000879
0.000744
0.001042
0.001494
0.000914
-0.000318
-0.001694
-0.002098
-0.001912
-0.001235
0.000144
0.001838
0.003121
0.003917
0.003903
0.003018
0.002097
0.001192
0.000615
-0.000092
-0.000858
-0.000453
-0.000159
-0.000818
-0.001705
-0.002505
-0.002389
-0.002631
-0.002853
-0.001653
0.000122
0.001163
0.001489
0.000898
-0.000018
-0.001040
-0.001285
-0.000461
0.000831
0.001675
0.002638
0.003006
0.001804
0.000953
-0.000044
-0.000634
-0.000799
-0.000878
-0.000265
0.000684
0.001576
0.001709
0.001706
0.001242
0.000826
0.001070
0.000858
0.001214
0.001085
0.000582
0.000198
-0.000240
-0.000908
-0.001110
-0.000984
-0.000692
-0.000045
0.000891
0.001661
0.000717
-0.000440
-0.001558
-0.002997
-0.003808
-0.004983
-0.004917
-0.004171
-0.002895
-0.001256
-0.000163
0.000998
0.001753
0.001768
0.001473
0.000664
0.000745
0.001226
0.001560
0.002964
0.003775
0.003715
0.002886
0.002050
0.000960
0.000039
0.000272
0.000067
0.000213
0.001177
0.001357
0.001702
0.002247
0.001561
0.001181
-0.000103
-0.001798
-0.001679
-0.000711
0.000025
0.000406
0.001150
0.001306
0.001026
0.000700
0.000080
-0.000729
-0.000646
-0.000115
0.000818
0.001635
0.001973
0.002415
0.001546
-0.000700
-0.002098
-0.002913
-0.002982
-0.002230
-0.001699
-0.000777
0.000959
0.001746
0.001880
0.001432
0.000298
-0.000193
-0.000681
-0.001282
-0.000942
-0.000201
-0.000329
0.000056
0.001834
0.003501
0.003381
0.002884
0.002590
0.001999
0.001206
0.000216
-0.000925
-0.001331
-0.001123
-0.000819
-0.000041
0.001229
0.001514
0.001268
0.001478
0.001567
0.001122
0.000063
-0.000328
-0.000028
-0.000441
-0.000690
-0.000016
-0.000134
-0.000262
0.000531
0.000924
0.000501
-0.000056
-0.000495
-0.001452
-0.002269
-0.002358
-0.001760
-0.000605
-0.000107
0.000248
0.000833
0.000819
0.000322
0.000067
0.000111
0.000438
0.000782
0.001001
0.001221
0.000617
-0.000042
-0.000217
-0.001035
-0.001495
-0.001829
-0.001974
-0.001232
-0.000591
0.000113
0.000962
0.001520
0.001866
0.002445
0.003492
0.003606
0.002258
0.001456
0.000662
0.000107
0.000168
-0.000145
-0.000443
-0.000098
-0.000056
-0.000535
-0.000752
-0.000852
-0.000506
-0.000428
-0.000041
-0.000176
-0.000615
-0.000541
-0.000454
0.000496
0.000918
0.000815
0.000958
0.001524
0.001964
0.001917
0.001628
0.001277
0.000622
-0.000037
0.000415
0.001118
0.001050
0.000497
0.000102
-0.000280
0.000593
0.000402
0.000539
0.001667
0.001318
0.000410
0.000166
0.000027
-0.000254
-0.000637
-0.000490
-0.000042
0.000412
0.000768
0.001042
0.000788
-0.000013
-0.000183
-0.000079
-0.000320
-0.000121
0.000063
-0.000231
-0.000650
-0.001215
-0.001233
0.000026
0.001143
0.001931
0.002236
0.001644
0.000746
-0.000118
-0.000537
-0.001424
-0.001504
-0.000477
0.000342
0.000302
0.000868
0.001021
0.000711
0.000694
0.001179
0.002034
0.002507
0.003003
0.003116
0.002286
0.001382
0.001444
0.001690
0.001437
0.000740
-0.000198
-0.000866
-0.001136
-0.001639
-0.001042
-0.000590
-0.000160
0.000799
0.000751
-0.000781
-0.001806
-0.002010
-0.002007
-0.001948
-0.001796
-0.001761
-0.000846
-0.000212
-0.000223
0.000278
-0.000343
-0.000968
-0.000694
-0.000303
0.000910
0.002371
0.003118
0.002228
0.001586
0.001517
0.000982
0.001060
0.000914
0.001095
0.001045
0.000068
-0.001374
-0.002444
-0.002894
-0.002472
-0.001097
0.000843
0.002151
0.002793
0.002749
0.001896
0.000871
0.000077
-0.000132
0.000504
0.000518
0.000707
0.001758
0.002098
0.001775
0.001668
0.001563
0.001538
0.000242
-0.000608
-0.000340
-0.000730
-0.001376
-0.001823
-0.001942
-0.001635
-0.001205
-0.001027
-0.001189
-0.001348
0.000290
0.001622
0.001391
0.002266
0.003651
0.003734
0.003507
0.002924
0.002127
0.000717
-0.000934
-0.002050
-0.002599
-0.001721
-0.000855
-0.000837
0.000285
0.001101
0.000680
0.000245
0.000088
0.000320
0.000771
0.000618
0.000380
0.001105
0.001236
0.001099
0.002275
0.002899
0.002237
0.001417
0.000175
-0.001289
-0.002030
-0.002260
-0.002133
-0.000662
0.001605
0.002655
0.002729
0.002417
0.002425
0.002110
0.001061
0.000924
0.000800
0.001062
0.001003
0.001146
0.000950
0.001097
0.001648
0.000796
0.000034
0.000062
-0.000040
-0.000773
-0.000733
-0.000568
-0.000755
-0.000948
-0.001032
-0.001572
-0.001772
-0.001486
-0.001263
-0.000761
-0.000976
-0.001105
-0.001173
-0.000990
-0.000624
-0.001683
-0.001854
-0.000853
-0.000020
0.001420
0.002407
0.002908
0.003134
0.002689
0.001781
0.001510
0.001616
0.000920
-0.000047
0.000022
0.000384
0.001195
0.001648
0.002533
0.003214
0.003344
0.002984
0.002210
0.001961
-0.000127
-0.001655
-0.002438
-0.002810
-0.003000
-0.002994
-0.001995
-0.001260
-0.000058
0.000372
0.000106
-0.000128
-0.001055
-0.001230
-0.000738
-0.000916
-0.000545
0.000361
0.000559
-0.000400
-0.001541
-0.002659
-0.003203
-0.002280
-0.000738
0.000076
0.000681
0.001196
0.001027
0.000691
0.000232
0.000519
0.001697
0.002192
0.002025
0.000877
-0.000219
-0.000314
-0.000334
-0.000441
0.000293
0.000829
0.001519
0.001722
0.001155
0.001471
0.001438
0.000356
0.000458
0.000341
0.000076
0.001104
0.001548
0.001508
0.001566
0.001512
0.001506
0.001010
0.000737
0.000875
0.001256
0.001546
0.002321
0.003286
0.003303
0.003011
0.002317
0.001207
0.000372
-0.001303
-0.002492
-0.002188
-0.001822
-0.000664
-0.000085
-0.000512
-0.000313
-0.000492
-0.001195
-0.001192
-0.000900
-0.000952
-0.000300
0.000372
0.001153
0.001412
0.000762
-0.000024
-0.000393
-0.001261
-0.001855
-0.001396
-0.001136
-0.000766
-0.000741
-0.000630
-0.000732
-0.000443
-0.000139
0.000463
0.001088
0.001525
0.002333
0.002725
0.002648
0.002471
0.002340
0.002388
0.001239
-0.000107
-0.000778
-0.001096
-0.001178
-0.001866
-0.002303
-0.002025
-0.001964
-0.001670
-0.001111
0.000430
0.001541
0.001580
0.001097
0.000476
-0.000213
-0.000558
-0.000552
-0.000461
0.000301
0.000332
0.000493
0.000553
0.000427
0.000937
0.001419
0.001372
0.001023
0.000239
0.000234
0.000734
0.000714
0.001230
0.002129
0.003123
0.003296
0.003146
0.002372
0.001041
0.000568
-0.000048
-0.000405
0.000338
0.000586
-0.000327
-0.000185
0.000769
0.000514
0.000397
-0.000006
-0.000617
-0.000815
-0.000274
0.000521
0.000772
0.000537
0.000666
0.000598
-0.000040
-0.000023
0.000264
0.000181
0.000141
0.000397
-0.000048
-0.000376
-0.000966
-0.001908
-0.001533
-0.001182
-0.001020
-0.000579
-0.000521
-0.000894
-0.000841
-0.000652
-0.001309
-0.001566
-0.000357
0.000251
0.000294
0.001035
0.000534
-0.000442
-0.000444
-0.000163
-0.000247
-0.000132
0.000508
0.000559
-0.000194
-0.000860
-0.000701
0.000362
0.001372
0.002157
0.003667
0.003884
0.003925
0.004627
0.004314
0.003927
0.003501
0.002086
0.000505
-0.001067
-0.002339
-0.002231
-0.001737
-0.000768
0.000625
0.001199
0.001620
0.001411
0.001667
0.002206
0.001605
0.001240
0.000795
0.000937
0.001002
0.000090
-0.000270
-0.000142
0.000175
0.000538
0.000097
-0.000418
-0.000428
-0.000977
-0.001578
-0.001128
-0.000058
0.000282
-0.000253
-0.000504
-0.000280
0.000071
0.000683
0.001064
0.001240
0.000605
0.000408
0.000517
-0.000255
-0.001070
-0.001214
-0.000428
-0.000420
-0.000452
-0.000068
-0.000260
-0.000069
-0.000455
-0.000928
-0.000585
0.000283
0.000474
0.000803
0.001209
0.000200
-0.000226
-0.000078
-0.000168
0.000343
0.001208
0.001426
0.001800
0.002185
0.001421
0.000551
0.000045
-0.000561
-0.000733
-0.000751
-0.000376
0.000038
0.000109
0.000289
-0.000316
-0.002065
-0.002333
-0.001695
-0.001234
-0.000162
0.001017
0.000968
0.000870
0.001315
0.001408
0.002089
0.002323
0.001855
0.001901
0.001885
0.001561
0.000917
0.000726
0.001056
0.001356
0.001470
0.001792
0.001525
0.000604
-0.000057
-0.000734
-0.001360
-0.001746
-0.001447
-0.001229
-0.001913
-0.001884
-0.001367
-0.000267
0.001279
0.001560
0.001266
0.001915
0.002597
0.002057
0.001473
0.000813
-0.000521
-0.000993
-0.000928
-0.000786
-0.000661
-0.000067
0.000862
0.001486
0.002137
0.002375
0.001738
0.001776
0.001996
0.001546
0.000915
0.000985
0.001241
0.001577
0.001680
0.002080
0.001695
0.000981
0.000144
-0.000534
-0.000195
0.000089
-0.000308
-0.000297
0.000520
0.000967
0.000687
0.000241
0.000326
-0.000127
-0.000678
-0.000189
0.000234
-0.000056
-0.000282
-0.000926
-0.002240
-0.002951
-0.003463
-0.003916
-0.004123
-0.003514
-0.002906
-0.002080
-0.001041
0.000406
0.000779
0.000447
0.000580
0.000515
0.000311
0.000198
0.000523
0.000473
0.000527
0.001165
0.001246
0.001193
0.001710
0.001684
0.000736
-0.000181
-0.000193
0.000005
-0.000208
0.000536
0.001136
0.002195
0.003147
0.003129
0.003009
0.002453
0.001949
0.001419
0.000653
0.000514
0.000760
0.000773
0.000716
0.000848
0.000493
-0.000242
-0.000743
-0.001399
-0.001624
-0.000980
-0.001188
-0.001128
-0.000987
-0.001046
0.000077
0.001182
0.002005
0.002579
0.002678
0.001790
0.000655
0.000430
0.000062
-0.000393
-0.000931
-0.000969
-0.000652
-0.000766
-0.001314
-0.000876
-0.000285
-0.000535
-0.000078
0.001405
0.001949
0.002181
0.002783
0.002906
0.002178
0.001873
0.001597
0.001120
0.001555
0.001786
0.001353
0.000195
-0.001165
-0.001453
-0.001548
-0.001096
-0.000101
0.000438
0.000295
-0.000233
-0.000450
-0.001526
-0.002753
-0.002044
-0.001870
-0.001199
0.000346
0.000638
0.000882
0.001007
0.000423
0.000184
-0.000661
-0.001998
-0.001507
-0.000773
-0.000593
0.000683
0.002409
0.003901
0.003567
0.001711
0.000339
-0.000996
-0.001415
-0.001917
-0.002909
-0.002004
-0.000708
-0.000034
-0.000108
-0.000148
-0.000743
-0.001693
-0.001084
-0.000528
-0.000077
0.001093
0.001092
0.001141
0.001292
0.000465
-0.001024
-0.001255
-0.000936
-0.000876
-0.000774
0.000092
0.001634
0.002822
0.003130
0.002711
0.001995
0.001675
0.001330
0.000780
0.000575
0.000579
-0.000057
-0.000058
0.000405
-0.000028
-0.001191
-0.002141
-0.002642
-0.002471
-0.001722
-0.000380
0.000635
0.001227
0.002191
0.003460
0.003703
0.002614
0.002539
0.002529
0.000963
0.000283
0.000490
0.000207
0.000025
-0.000114
-0.000369
-0.000439
-0.000536
-0.001049
-0.001264
-0.001467
-0.002183
-0.002079
-0.001527
-0.000705
-0.000077
-0.000052
-0.000303
-0.000359
-0.000025
0.000805
0.001131
0.001149
0.001064
0.000325
-0.000373
-0.000484
-0.000401
-0.000204
0.000461
0.000276
-0.000534
-0.000755
-0.000685
-0.001198
-0.000983
0.000570
0.001023
0.000783
0.000570
0.000332
-0.000112
-0.000475
-0.000711
-0.000586
-0.000550
0.000187
0.000862
0.000150
0.000197
0.000535
0.000294
0.000107
0.000539
0.000704
0.000211
-0.000086
-0.000208
-0.000061
0.000278
0.000234
0.000058
0.001108
0.001851
0.001608
0.001149
0.000477
0.000136
-0.000455
-0.000911
-0.000494
-0.000322
-0.000241
-0.000228
-0.000012
0.000271
0.000193
0.000096
0.000572
0.000545
0.000242
0.001165
0.001863
0.001844
0.001073
0.000787
0.001106
0.000794
0.000442
0.000544
0.000122
-0.000400
-0.000513
-0.000763
-0.001502
-0.001793
-0.001455
-0.001274
-0.000982
-0.000563
-0.000308
0.000984
0.001270
0.000670
0.000625
0.000294
0.000101
0.000424
0.000188
-0.001021
-0.002145
-0.002288
-0.002017
-0.001632
-0.001283
-0.000925
-0.001391
-0.001054
-0.000361
0.000483
0.001025
0.001244
0.001850
0.001527
0.001421
0.000860
0.000028
0.000472
0.000746
0.000931
0.000820
0.000469
0.001367
0.001925
0.002147
0.002174
0.001848
0.002043
0.002265
0.001509
0.000471
0.000140
-0.000495
-0.000881
-0.000019
0.000979
0.001745
0.001119
0.000511
-0.000134
-0.001023
-0.001697
-0.001812
-0.000907
-0.000623
0.000142
0.000882
0.000626
0.001243
0.001154
0.000516
0.000885
0.001256
0.000928
0.000617
0.000811
0.001240
0.001243
0.001196
0.000811
0.000463
-0.000044
-0.000550
-0.000769
-0.000665
-0.000218
-0.000240
-0.000314
-0.000155
0.000014
-0.000030
-0.000785
-0.000973
-0.001075
-0.001654
-0.001001
-0.000348
-0.000211
0.000300
0.000510
0.000083
-0.000622
-0.000760
-0.000992
-0.000904
-0.000455
-0.000644
-0.000347
-0.000167
-0.000688
-0.000880
-0.000308
0.000373
0.000260
0.000560
0.001188
0.001734
0.001801
0.001449
0.001619
0.001944
0.002502
0.001814
0.001104
0.000758
0.000218
0.000485
0.000379
-0.000288
-0.000834
-0.000735
-0.000947
-0.000804
-0.000284
0.000150
0.000747
0.000887
0.000603
0.000815
0.001197
0.001000
0.000814
0.000280
-0.000532
-0.000887
-0.001433
-0.001216
-0.000742
-0.000548
0.000271
0.000775
0.000961
0.000639
0.000696
0.000839
0.000578
0.000933
0.001371
0.001169
0.000306
0.000215
0.000723
0.000785
0.000957
0.000644
0.000577
0.000703
0.000676
0.000848
0.000340
0.000252
0.000108
0.000008
-0.000138
-0.001051
-0.001079
-0.000676
-0.000658
0.000086
0.001019
0.000979
0.000663
0.000457
0.000339
-0.000030
-0.000118
-0.000544
-0.000491
0.000253
-0.000088
0.000379
0.000912
0.000180
0.000074
0.000304
-0.000089
-0.000204
0.000161
0.000170
-0.000095
0.000323
0.000555
-0.000304
-0.000845
-0.000194
0.000062
-0.000362
-0.000101
-0.000151
0.000579
0.000751
-0.000158
-0.000029
0.000611
0.000763
0.000881
0.001662
0.002207
0.001777
0.001352
0.001360
0.001354
0.001124
0.000869
0.000968
0.001419
0.001832
0.001515
0.001623
0.001721
0.001331
0.000841
0.000447
-0.001059
-0.002007
-0.001381
-0.001342
-0.001135
-0.000895
-0.000527
0.000307
0.000444
0.000839
0.000711
-0.000270
-0.000267
-0.000354
-0.000466
-0.000275
0.000308
0.000597
-0.000313
-0.000631
-0.000513
-0.000598
-0.000997
-0.000756
-0.000757
-0.001156
-0.000659
-0.000392
-0.000240
0.000284
0.000329
0.000072
0.000809
0.001912
0.002072
0.001660
0.001691
0.001771
0.001609
0.000777
0.000290
-0.000494
-0.001398
-0.001536
-0.001635
-0.001915
-0.001619
-0.000883
-0.000530
0.000031
0.000421
0.000757
0.001246
0.001309
0.001314
0.001804
0.002092
0.001957
0.001273
0.000758
0.000428
0.000371
0.000664
0.000638
0.000328
-0.000024
0.000167
-0.000043
-0.000069
0.000442
0.000743
0.001327
0.001454
0.001296
0.001657
0.001791
0.001201
0.000667
-0.000191
-0.000832
-0.000445
0.000197
-0.000020
-0.000499
-0.000519
-0.000337
0.000037
-0.000236
-0.000355
0.000276
0.000857
0.000617
0.001267
0.001594
0.001285
0.001294
0.001485
0.000727
0.000195
0.000439
-0.000039
-0.000712
-0.000681
-0.000513
0.000032
0.000308
-0.000011
-0.000415
-0.000225
-0.000626
-0.001207
-0.000811
-0.001103
-0.001448
-0.000484
0.000094
0.000010
-0.000067
-0.000167
-0.000055
-0.000323
-0.001126
-0.001175
-0.000750
0.000149
0.000638
0.000326
0.000679
0.000837
0.000741
0.001005
0.001409
0.000945
0.000178
0.000029
0.000037
0.000383
-0.000129
-0.000295
0.000196
0.000985
0.001705
0.002485
0.003067
0.002868
0.002588
0.002155
0.001862
0.001828
0.001555
0.001554
0.001582
0.000743
0.000315
-0.000071
-0.000383
-0.000419
-0.000258
-0.000091
-0.000135
0.000298
0.000271
-0.000420
-0.000306
-0.000118
-0.000573
-0.000160
0.000711
0.000471
0.000720
0.001118
0.000566
-0.000586
-0.000964
-0.000804
-0.001303
-0.001114
-0.000499
-0.000186
0.000394
0.000677
0.000484
0.000101
-0.000680
-0.001142
-0.001237
-0.001582
-0.001143
-0.001216
-0.000973
-0.000448
-0.000622
-0.000473
-0.000457
0.000250
0.000842
0.000768
0.000703
0.000744
0.000914
0.000639
0.000267
-0.000412
-0.000591
-0.000488
-0.000446
0.000445
0.000971
0.000825
-0.000005
-0.000505
-0.000199
0.000579
0.000952
0.000837
0.001504
0.002223
0.002770
0.002525
0.001358
0.000293
-0.000197
-0.000489
-0.000351
0.000064
-0.000007
0.000305
0.000705
0.001171
0.001388
0.001843
0.002190
0.002069
0.002600
0.002501
0.002113
0.001747
0.001010
0.000380
-0.000144
-0.000612
-0.001077
-0.001321
-0.001830
-0.002040
-0.001476
-0.001004
-0.001233
-0.000746
-0.000011
-0.000321
-0.000049
0.000269
0.000003
0.000171
0.000552
0.001085
0.001172
0.001568
0.001831
0.001305
0.000275
-0.000115
-0.000153
-0.000562
-0.000519
-0.000230
0.000152
-0.000300
-0.000744
-0.000853
-0.001565
-0.001588
-0.000958
-0.000440
-0.000016
0.000050
0.000498
0.001133
0.001246
0.001404
0.001337
0.000728
0.000612
0.000013
-0.000727
-0.000764
-0.001076
-0.001043
-0.001262
-0.001342
-0.001074
-0.001467
-0.001630
-0.001430
-0.001394
-0.000585
0.000285
0.000945
0.001780
0.002189
0.001799
0.001577
0.001678
0.001052
0.000064
-0.001403
-0.001569
-0.001073
-0.000515
0.000117
0.000951
0.001824
0.001786
0.001075
0.000998
0.001508
0.001863
0.001143
0.000144
-0.000161
-0.000442
-0.000575
-0.000858
-0.001570
-0.001866
-0.001091
-0.000529
-0.000009
0.000465
0.000602
0.000641
0.000868
0.001014
0.000984
0.000888
0.000467
-0.000544
-0.000962
-0.000699
-0.000198
0.000924
0.001400
0.001115
0.000569
0.000750
0.000500
-0.000961
-0.000977
-0.000861
-0.001869
-0.001774
-0.000311
0.000149
-0.000013
0.000271
-0.000133
-0.000358
-0.000097
0.000140
0.000326
0.001431
0.001605
0.001244
0.001471
0.001368
0.000642
-0.000103
-0.000283
-0.000273
-0.000707
-0.001263
-0.000607
0.000033
-0.000226
-0.000193
0.000478
0.001404
0.001989
0.001862
0.002092
0.001334
0.000444
0.000459
-0.000046
0.000005
0.000397
0.000448
0.000173
0.000213
0.000008
-0.000243
-0.000122
0.000164
0.000779
0.000551
-0.000046
0.000319
0.000152
-0.000335
-0.000920
-0.001195
-0.000833
-0.000956
-0.000527
-0.000260
-0.000235
0.000399
0.000435
-0.000118
-0.000634
-0.000498
-0.000651
-0.001223
-0.001249
-0.000673
-0.000473
-0.001099
-0.001267
-0.000688
-0.000192
0.000182
0.000024
-0.000118
-0.000620
-0.000775
0.000233
-0.000056
-0.000226
0.000255
0.000137
0.000576
0.000651
0.000139
0.000264
0.000600
0.000734
0.000935
0.001306
0.001824
0.002315
0.001871
0.002120
0.002410
0.001745
0.001303
0.001619
0.001514
0.001146
0.001369
0.001212
0.000815
0.000771
0.000753
0.000102
-0.000292
-0.000175
-0.000659
-0.000483
0.000092
0.000107
0.000405
0.000471
-0.000068
0.000056
0.000019
-0.000248
0.000105
-0.000040
-0.000551
-0.000490
0.000264
0.000303
-0.000314
-0.001130
-0.001162
-0.000850
-0.000750
-0.000866
-0.001159
-0.001261
-0.001026
-0.000718
-0.000285
0.000467
0.000264
-0.000225
-0.000382
-0.000905
-0.000644
-0.000312
-0.000297
-0.000434
-0.000642
-0.000327
0.000619
0.001017
0.001160
0.001643
0.001611
0.001485
0.001806
0.001834
0.001453
0.000898
0.000466
0.000583
0.000610
0.000176
-0.000251
-0.000065
-0.000040
-0.000200
0.000577
0.000698
0.000603
0.001008
0.001535
0.001689
0.001650
0.001826
0.001429
0.000629
0.000430
0.000609
0.000237
-0.000503
-0.000963
-0.001239
-0.001360
-0.001470
-0.000989
-0.000581
-0.000435
-0.000300
-0.000661
-0.000532
0.000349
0.000839
0.001388
0.002174
0.002363
0.002158
0.001116
0.000567
0.000508
-0.000502
-0.001355
-0.001268
-0.001357
-0.001439
-0.001269
-0.001016
-0.000719
-0.001025
-0.000627
0.000410
0.000806
0.001058
0.001589
0.002250
0.002377
0.002424
0.002476
0.002137
0.001285
0.000030
-0.000761
-0.000836
-0.000462
-0.000802
-0.000727
0.000077
0.000385
0.000751
0.000208
0.000104
0.000430
0.000290
-0.000020
0.000489
0.000820
-0.000020
-0.000764
-0.000535
-0.000292
-0.000726
-0.000454
0.000104
0.000087
-0.000461
-0.000643
-0.000314
-0.000520
-0.001279
-0.001702
-0.002089
-0.002086
-0.001795
-0.001183
0.000848
0.001613
0.001803
0.002129
0.001722
0.000826
-0.000021
-0.000241
-0.000274
0.000578
0.000444
-0.000302
-0.000272
-0.000363
-0.000472
-0.000406
-0.000167
0.000086
0.000449
0.000715
0.001461
0.002043
0.002584
0.002527
0.002344
0.002108
0.002289
0.001492
0.000657
0.000372
0.000006
-0.000483
-0.001018
-0.001118
-0.000707
-0.000670
-0.000908
-0.000415
-0.000423
-0.000374
0.000342
0.001413
0.001407
0.000826
-0.000233
-0.001137
-0.001480
-0.001579
-0.000810
0.000331
0.001245
0.001582
0.000954
0.000528
0.000388
-0.000126
-0.000722
-0.001059
-0.000508
