# STATIONID: 202
# STARTTIME: 1123778191.800000
# SAMPLERATE: 100
# NUMSAMPLES: 8267
0.000076
0.000368
0.000878
0.000988
0.000885
0.001074
0.001264
0.001069
0.001117
0.000679
0.000762
0.000664
-0.000113
-0.000400
-0.000602
-0.000573
-0.000804
-0.000334
0.000084
-0.000221
0.000109
0.000822
0.000982
0.000782
0.000859
0.000403
0.000339
0.000774
0.000691
0.000595
0.000918
0.000519
0.000470
0.000773
0.000617
0.000772
0.000544
0.000235
0.000076
-0.000302
-0.000132
0.000697
0.000830
0.000690
0.000538
0.000441
0.000622
0.000715
0.000075
-0.000090
0.000113
-0.000008
0.000124
0.000199
-0.000237
-0.000184
0.000008
0.000290
0.000394
0.000757
0.000910
0.000657
0.000826
0.001026
0.000769
0.000096
0.000131
0.001039
0.001223
0.000657
0.000458
0.000602
0.000868
0.000224
-0.000302
-0.000353
-0.000531
-0.000447
-0.000287
-0.000610
-0.000983
-0.000300
0.000046
0.000089
0.000307
0.000524
0.000009
-0.000339
0.000067
0.000421
0.000393
0.000320
0.000198
0.000446
0.000265
-0.000450
-0.000179
0.000068
0.000064
0.000560
0.000619
0.000444
0.000463
0.000224
0.000116
0.000353
0.000388
-0.000239
-0.000252
0.000310
0.000344
0.000422
0.000332
0.000100
0.000225
-0.000304
-0.000733
-0.000734
-0.000693
0.000023
0.000306
-0.000463
-0.000243
0.000893
0.000816
0.000362
0.000091
-0.000039
0.000155
0.000329
0.000414
0.000631
0.000286
-0.000266
-0.000028
0.000391
0.000560
0.001102
0.001185
0.000431
0.000702
0.001495
0.001438
0.000896
0.000040
-0.000129
-0.000025
-0.000249
0.000123
0.000213
0.000288
0.000108
-0.000404
-0.000107
0.000153
0.000487
0.000726
0.000636
0.000251
-0.000069
0.000307
0.000839
0.001032
0.000946
0.001226
0.001147
0.000561
-0.000098
-0.000724
-0.000442
-0.000272
-0.000945
-0.001033
-0.000868
-0.001064
-0.000739
-0.000636
-0.000415
-0.000323
-0.000462
-0.000207
-0.000391
-0.000058
0.000583
0.000539
0.000544
0.000098
-0.000050
0.000084
-0.000048
-0.000239
-0.000314
0.000221
0.000231
0.000209
0.000020
0.000285
0.000649
0.000419
0.000555
0.000492
0.000490
0.000729
0.000598
0.000157
0.000335
0.000684
0.000279
0.000282
0.000664
0.000244
-0.000031
0.000198
0.000601
0.000455
-0.000099
0.000047
0.000078
0.000107
0.000474
0.000405
0.000927
0.001116
0.000617
0.000565
0.000470
0.000702
0.000837
0.000310
0.000395
0.000647
0.000557
0.000181
-0.000248
-0.000751
-0.001101
-0.001024
-0.000890
-0.000790
-0.001390
-0.001702
-0.000733
-0.000214
0.000188
0.000305
0.000017
0.000207
0.000863
0.000900
0.000583
0.000714
0.000470
0.000239
0.000812
0.000867
0.000114
-0.000094
0.000021
-0.000064
-0.000325
-0.000928
-0.000315
0.000492
0.000439
0.000229
0.000755
0.000757
0.000707
0.001056
0.000869
0.000646
0.000640
0.000763
-0.000189
-0.000457
-0.000257
0.000163
0.000297
-0.000041
0.000075
0.000016
-0.000468
0.000178
0.000502
0.000427
0.000741
0.000601
0.000905
0.001069
0.000486
0.000332
0.000902
0.001238
0.000740
0.000507
0.000165
-0.000486
-0.000662
-0.000911
-0.000839
-0.000813
-0.000918
-0.001298
-0.001629
-0.001399
-0.000902
-0.000586
-0.000365
-0.000138
0.000192
0.000602
0.000606
0.001019
0.000923
0.000228
0.000230
0.000548
0.001233
0.001557
0.001701
0.000871
0.000221
0.000142
0.000248
0.000538
0.000027
-0.000006
0.000142
0.000013
0.000182
0.000435
0.000550
0.000529
0.000299
0.000107
0.000098
-0.000198
-0.000490
0.000050
0.000239
0.000138
0.000228
-0.000493
-0.000759
-0.000480
0.000049
0.000839
0.001020
0.000270
0.000380
0.001098
0.000770
0.000445
0.000579
0.000570
0.001036
0.000970
0.000296
-0.000087
-0.000072
0.000242
0.000250
-0.000016
-0.000123
0.000396
0.000352
0.000294
0.000416
0.000170
0.000655
0.000826
0.000289
0.000092
0.000183
0.000293
0.000391
0.000400
0.000653
0.000619
0.000462
0.000629
-0.000035
-0.000257
-0.000203
-0.000311
-0.000092
-0.000038
-0.000516
-0.000151
0.000122
0.000205
0.000208
0.000228
0.000318
0.000178
0.000274
0.000159
-0.000049
0.000222
-0.000126
-0.000221
-0.000020
-0.000115
0.000330
0.000444
-0.000282
-0.000064
0.000460
0.000086
-0.000233
-0.000415
-0.000296
-0.000302
-0.000390
0.000249
0.001279
0.000773
-0.000030
0.000174
0.000217
0.000519
0.000942
0.000620
0.000443
-0.000031
-0.000328
0.000347
0.000286
0.000161
0.000292
0.000226
0.000394
0.000424
0.000386
0.000405
0.000336
0.000835
0.000522
-0.000117
0.000495
0.000562
0.000039
0.000492
0.001000
0.000890
0.001113
0.001217
0.000670
0.000594
0.000375
0.000517
0.000732
0.000343
0.000220
-0.000250
-0.000140
-0.000361
-0.001262
-0.001452
-0.001463
-0.000662
-0.000105
-0.000037
-0.000025
0.000561
0.001072
0.000576
0.000780
0.001097
0.001295
0.001416
0.000839
0.000421
0.000576
0.000840
0.000566
-0.000251
-0.000737
-0.000653
-0.000923
-0.001051
-0.000608
-0.000522
0.000054
0.000642
0.000380
0.000232
0.000877
0.001355
0.001256
0.000810
-0.000008
-0.000298
-0.000053
0.000047
-0.000089
-0.000276
-0.000750
-0.000964
-0.000850
0.000019
0.000643
0.000349
0.000579
0.001081
0.000935
0.000981
0.000844
0.000564
0.000731
0.000633
0.000101
-0.000417
-0.000513
-0.000607
-0.000335
-0.000055
-0.000295
-0.000023
0.000494
0.000042
-0.000119
0.000356
0.000444
0.000421
0.000262
-0.000079
0.000121
0.000348
0.000515
0.000562
0.000729
0.000926
0.000686
0.000545
0.000891
0.000944
0.000100
-0.000151
0.000236
0.000270
-0.000035
0.000120
0.000200
-0.000086
0.000154
0.000034
0.000128
0.000848
0.000534
0.000508
0.000980
0.000628
0.000320
-0.000336
-0.000749
-0.000514
-0.000373
-0.000058
-0.000185
-0.000527
-0.000262
0.000286
0.000586
0.000401
0.000079
0.000451
0.000882
0.000761
0.000534
0.000157
-0.000104
0.000081
0.000018
-0.000084
-0.000053
0.000000
-0.000093
-0.000103
-0.000049
0.000854
0.000761
0.000458
0.000919
0.000810
0.000681
0.000207
0.000523
0.000176
0.000147
0.000527
-0.000102
0.000179
0.000901
0.000461
0.000123
0.000417
0.000429
0.000589
0.000284
0.000151
0.000646
0.000641
0.000049
-0.000401
-0.000342
-0.000343
-0.000209
-0.000081
0.000256
0.000446
0.000202
0.000465
-0.000027
-0.000609
-0.000387
-0.000297
-0.000225
-0.000358
-0.000047
-0.000306
-0.000119
-0.000274
-0.000794
-0.000474
-0.001103
-0.000829
-0.000461
-0.000184
-0.000023
0.000179
0.000905
0.000890
0.000801
0.000909
0.000597
0.000611
0.000557
0.000347
0.000276
0.000268
-0.000301
-0.000784
-0.000036
0.000514
0.000603
0.000331
0.000151
0.000985
0.001132
0.001223
0.001335
0.000890
0.000729
0.000612
0.000505
0.000443
0.000759
0.000689
0.000611
0.000207
-0.000310
0.000212
0.000385
0.000111
0.000243
0.000794
0.000848
0.000241
-0.000129
0.000279
0.000137
0.000418
0.000751
0.000607
0.000680
0.000481
0.000000
-0.000266
0.000010
-0.000262
-0.000488
-0.000732
-0.000077
0.000422
-0.000220
-0.000099
0.000269
0.000564
0.000321
-0.000199
0.000176
0.000247
0.000556
0.001011
0.000448
-0.000326
0.000037
0.000436
-0.000265
-0.000389
0.000286
0.000438
0.000288
0.000240
0.000217
0.000412
0.000258
-0.000115
0.000333
0.000873
0.000478
0.000149
-0.000058
-0.000089
-0.000232
-0.000420
0.000104
0.000873
0.000812
0.000259
0.000239
0.000922
0.001110
0.000506
0.000863
0.001653
0.001381
0.001339
0.001582
0.001417
0.000696
-0.000631
-0.001160
-0.000748
-0.000450
-0.000928
-0.001092
-0.000673
-0.000482
0.000065
0.000914
0.001079
0.001101
0.001343
0.001357
0.000822
0.000710
0.000563
-0.000146
-0.000105
-0.000011
-0.000253
-0.000337
0.000210
0.000494
0.000476
0.000600
0.000338
0.000010
-0.000196
-0.000123
-0.000053
-0.000123
0.000219
0.000395
0.000429
-0.000099
-0.000061
0.000839
0.000826
0.000726
0.000441
0.000515
0.000506
0.000111
0.000316
0.000736
0.000776
0.000516
0.000747
0.000875
0.000893
0.000797
0.000029
-0.000504
-0.000628
-0.000580
0.000116
0.000536
0.000183
0.000118
0.000625
0.000882
-0.000063
-0.000173
0.000152
-0.000054
0.000408
0.000377
0.000183
0.000638
0.000597
0.000080
-0.000095
0.000317
0.000795
0.000791
0.001085
0.001284
0.000545
0.000377
0.000220
0.000285
0.000837
0.000985
0.000672
0.000026
-0.000155
-0.000201
-0.000254
-0.000172
-0.000330
-0.000112
0.000020
-0.000649
-0.000738
-0.000489
-0.000199
-0.000076
-0.000412
-0.000464
-0.000521
-0.000821
-0.000812
-0.000172
0.000647
0.000804
0.000233
0.000078
0.000036
0.000093
0.000553
0.000402
0.000495
0.001044
0.001047
0.000698
0.000604
0.000795
0.000642
0.000650
0.000706
0.000983
0.001414
0.001405
0.000968
0.000585
0.000095
0.000197
0.000534
0.000642
0.000635
0.000852
0.001524
0.001748
0.001222
0.000922
0.000987
0.000850
0.000280
-0.000096
0.000087
0.000523
0.000328
-0.000099
-0.000414
-0.000038
0.000428
0.000487
0.000566
0.001181
0.001208
0.000395
0.000244
0.000436
0.000117
-0.000141
-0.000116
-0.000190
-0.000194
-0.000325
-0.000120
0.000188
-0.000465
-0.000813
-0.000426
-0.000286
-0.000186
0.000316
0.000649
0.000235
-0.000079
-0.000117
0.000572
0.000253
0.000078
0.000165
0.000091
0.000658
0.000212
-0.000034
0.000755
0.000527
-0.000365
-0.000198
-0.000012
-0.000043
-0.000052
-0.000334
0.000344
0.000944
0.000664
0.000385
0.000364
0.000631
0.000659
0.000289
0.000459
-0.000103
-0.000010
0.000293
-0.000365
-0.000741
-0.000613
-0.000938
-0.000792
-0.000942
-0.001022
-0.000352
0.000114
-0.000090
0.000582
0.001318
0.001156
0.000787
0.000981
0.001514
0.001491
0.001175
0.001241
0.001600
0.001475
0.000883
-0.000198
0.000000
0.000314
-0.000601
-0.000749
0.000081
-0.000038
-0.000301
0.000416
0.000710
0.000372
-0.000083
0.000118
0.000269
0.000379
0.000611
0.000150
-0.000100
0.000043
0.000003
0.000073
0.000087
-0.000328
-0.000150
-0.000755
-0.000583
0.000104
-0.000114
0.000439
0.000943
0.001001
0.001092
0.001042
0.000629
0.000440
0.000230
0.000149
0.000148
0.000107
0.000657
0.000749
0.000740
0.000950
0.000296
0.000313
0.000677
0.000335
0.000022
0.000014
0.000054
0.000038
0.000293
0.000022
-0.000459
-0.000320
-0.000186
-0.000359
-0.000236
0.000225
0.000318
0.000312
0.000420
0.000414
0.000199
0.000059
0.000599
0.000547
0.000420
0.000218
-0.000346
0.000152
0.000408
0.000143
-0.000066
-0.000430
-0.000341
-0.000048
-0.000335
-0.000536
0.000212
0.001283
0.001085
0.001104
0.001166
0.000676
0.000728
0.000203
-0.000269
-0.000232
0.000090
-0.000098
-0.000896
-0.000823
-0.000730
-0.000757
-0.000895
-0.000797
-0.000750
-0.001068
-0.000841
-0.000276
0.000027
0.000169
0.000169
0.000546
0.000668
0.001419
0.001495
0.000758
0.001186
0.000582
-0.000316
-0.000297
-0.000492
-0.000514
-0.000655
-0.000808
0.000082
0.000981
0.000965
0.000489
0.000171
0.000422
0.000886
0.001027
0.001073
0.000861
0.000253
-0.000212
-0.000072
0.000103
-0.000137
-0.000629
-0.000379
-0.000072
-0.000278
0.000005
0.000480
0.000591
0.000902
0.000783
-0.000330
-0.000245
0.000481
0.000007
-0.000036
0.000393
0.000176
0.000055
0.000185
0.000119
0.000559
0.000854
0.000373
0.000469
0.000783
0.001010
0.000913
0.000631
0.001074
0.001019
0.000606
0.000422
0.000275
-0.000121
-0.000617
-0.000621
-0.000387
0.000092
0.000059
-0.000481
-0.000523
-0.000299
-0.000449
0.000035
0.000003
-0.000025
0.000134
-0.000276
0.000145
0.000142
-0.000189
0.000057
0.000303
0.000029
0.000093
0.000073
-0.000266
0.000125
0.000109
0.000706
0.001335
0.000949
0.000764
0.000503
0.000195
0.000070
-0.000373
-0.000373
-0.000427
-0.000625
-0.000292
-0.000403
-0.000771
-0.000035
0.000164
-0.000057
-0.000035
-0.000547
0.000185
0.000729
0.000336
0.000450
0.000844
0.000419
0.000034
0.000313
0.000447
-0.000036
-0.000465
0.000131
0.000358
0.000156
0.000271
0.000189
-0.000221
0.000008
-0.000178
0.000221
0.000556
0.000701
0.000824
0.000577
0.000478
0.000561
0.000603
0.001032
0.000674
0.000697
0.000720
0.000467
0.000876
0.000742
0.000356
0.000342
-0.000023
0.000045
-0.000136
-0.000362
-0.000423
-0.000187
-0.000060
-0.000430
-0.000486
-0.000280
-0.000480
-0.000375
0.000155
-0.000060
-0.000537
-0.000739
-0.000787
-0.000737
-0.000705
-0.000417
0.000056
0.000346
0.000046
0.000140
0.000236
-0.000248
-0.000121
-0.000161
-0.000017
0.000487
0.000297
-0.000120
-0.000332
0.000330
0.000659
0.000434
0.000955
0.001041
0.000835
0.000706
0.000332
0.000639
0.000587
0.000496
0.000720
0.000270
-0.000374
-0.000234
-0.000148
-0.000207
-0.000582
-0.000869
-0.000414
-0.000470
-0.000550
-0.000312
-0.000301
-0.000120
0.000291
0.000739
0.000988
0.000612
0.000508
0.000509
0.000556
0.000415
-0.000188
0.000081
0.000037
-0.000744
-0.000641
-0.000472
-0.000605
-0.000572
-0.000648
-0.000835
-0.000648
0.000097
0.000540
0.000469
0.000257
-0.000089
-0.000075
0.000370
0.000303
-0.000136
-0.000351
-0.000282
0.000241
0.000447
-0.000210
-0.000319
-0.000122
0.000046
0.000383
0.000703
0.000317
0.000257
0.000376
-0.000052
0.000315
0.000934
0.001040
0.000516
-0.000034
0.000019
0.000266
0.000087
-0.000061
0.000382
0.000237
-0.000298
-0.000141
0.000038
0.000770
0.000983
0.000349
0.000336
-0.000059
-0.000218
-0.000169
-0.000743
-0.000696
-0.000604
-0.000602
-0.000431
-0.000763
-0.000399
0.000243
0.000676
0.000835
0.000549
0.000737
0.000603
0.000042
0.000048
-0.000224
-0.000561
-0.000344
-0.000225
-0.000562
-0.000491
0.000035
0.000543
0.000893
0.000681
0.000464
0.000613
0.000685
0.000338
0.000101
-0.000126
-0.000086
0.000599
0.000367
0.000025
0.000373
0.000085
0.000101
0.000339
0.000215
0.000294
0.000471
0.000620
0.000611
0.000537
0.000831
0.000782
0.000164
0.000063
0.000128
0.000236
0.000374
0.000712
0.000605
-0.000034
-0.000216
0.000027
0.000035
-0.000132
-0.000288
-0.000574
-0.000055
0.000391
-0.000322
-0.000305
-0.000174
-0.000258
-0.000149
0.000074
0.000230
-0.000014
0.000322
0.000659
0.000524
0.000644
0.000588
0.000374
0.000458
-0.000120
-0.000495
-0.000501
-0.000336
0.000428
0.000303
-0.000444
-0.000810
-0.001029
-0.000817
-0.000048
0.000172
0.000001
0.000718
0.001783
0.001777
0.001662
0.001243
0.000901
0.001164
0.000849
0.000315
-0.000007
-0.000214
-0.000271
-0.000323
-0.000137
-0.000235
-0.000458
0.000192
0.000610
0.000205
0.000118
0.000171
0.000786
0.000957
0.000892
0.001371
0.001425
0.001014
0.000061
-0.000178
0.000243
0.000184
-0.000315
-0.000615
-0.000498
-0.000606
-0.000623
-0.000139
0.000195
0.000533
0.000269
-0.000175
-0.000170
0.000237
0.000055
0.000321
0.001083
0.001399
0.000820
0.000558
0.000188
-0.000148
0.000267
0.000107
-0.000109
-0.000215
0.000082
0.000047
-0.000418
-0.000239
0.000205
0.000233
0.000330
0.000129
0.000428
0.000408
0.000208
0.000040
-0.000201
0.000148
0.000002
-0.000104
0.000394
0.000030
0.000101
0.000711
0.000641
0.000386
0.000358
0.000195
-0.000319
-0.000339
-0.000118
0.000107
0.000171
-0.000141
0.000073
0.000487
0.000821
0.001007
0.000930
0.001254
0.001221
0.000919
0.000264
-0.000553
-0.000242
0.000017
0.000009
0.000140
0.000070
0.000593
0.000669
0.000018
-0.000039
-0.000115
-0.000471
-0.000608
-0.000328
-0.000151
-0.000740
-0.000866
-0.000580
-0.000331
0.000343
0.000752
0.000750
0.001226
0.001523
0.001043
0.000469
0.000728
0.000755
0.000844
0.000605
0.000309
0.000198
-0.000514
-0.000236
0.000427
0.000220
0.000425
0.000672
0.000532
0.000809
0.000646
-0.000181
0.000043
0.000424
0.000362
-0.000056
-0.000433
-0.000227
-0.000152
-0.000237
-0.000014
-0.000123
-0.000251
0.000545
0.000788
0.000930
0.001021
0.000554
0.000873
0.001247
0.000183
-0.001054
-0.000900
-0.000656
-0.000801
-0.000912
-0.000781
-0.000299
-0.000376
0.000395
0.001078
0.000952
0.001326
0.001320
0.001346
0.001452
0.000885
0.000656
0.001091
0.000791
0.000441
0.000664
0.001071
0.001053
0.001103
0.000942
0.000303
0.000496
0.000367
0.000202
-0.000058
-0.000202
0.000207
0.000832
0.000637
0.000385
0.000238
-0.000086
0.000153
0.000495
0.000538
0.000425
0.000598
0.000934
0.000953
0.000164
0.000089
0.001189
0.001319
0.000370
0.000058
-0.000123
-0.000122
0.000141
-0.000408
-0.000813
-0.000915
-0.001134
-0.000895
-0.000327
0.000006
0.000098
0.000184
0.000197
-0.000053
-0.000094
0.000134
0.000098
-0.000033
0.000141
0.000444
0.000301
0.000496
0.001260
0.001080
0.000415
0.000801
0.000960
0.000726
0.000811
0.000682
0.001001
0.000897
0.001198
0.001362
0.000554
0.000723
0.000777
0.000818
0.001065
0.001036
0.001351
0.000820
-0.000018
-0.000062
-0.000164
-0.000077
0.000228
0.000709
0.000729
0.000030
0.000151
0.000105
-0.000050
0.000354
0.000597
0.000900
0.000772
0.000266
0.000122
0.000118
0.000470
0.000601
0.000721
0.001067
0.001018
0.000476
-0.000042
-0.000231
-0.000500
-0.000843
-0.001261
-0.000824
-0.000623
-0.000851
-0.000606
-0.000631
-0.000653
-0.000551
-0.000251
0.000356
0.000610
0.000836
0.000860
0.000847
0.001092
0.000756
0.000650
0.000641
-0.000032
-0.000020
0.000261
0.000165
0.000321
0.000275
-0.000644
-0.000697
0.000032
0.000709
0.000380
0.000245
0.000478
0.000077
0.000112
0.000486
0.000933
0.001173
0.001121
0.000312
0.000021
0.000101
-0.000325
-0.000186
-0.000034
0.000468
0.000479
0.000803
0.001011
0.000770
0.000286
-0.000067
0.000058
0.000210
0.000073
0.000084
0.000529
0.000681
0.000735
0.000248
-0.000182
-0.000172
0.000533
0.000917
0.000538
0.000278
0.000331
0.000181
0.000803
0.001142
0.000458
-0.000124
0.000112
0.000424
0.000619
0.000231
0.000015
0.000215
-0.000005
-0.000326
-0.000356
0.000389
0.000730
0.000691
0.000921
0.000884
0.000805
0.000595
0.000599
0.000864
0.000125
-0.000149
-0.000045
-0.000265
-0.000055
0.000046
0.000314
0.000339
-0.000236
-0.000547
-0.000915
-0.000330
0.000312
0.000174
0.000639
0.000479
0.000199
0.000392
0.000360
-0.000155
0.000392
0.000855
-0.000094
-0.000745
-0.000526
-0.000399
-0.000358
-0.000130
-0.000056
0.000336
0.000617
0.000338
-0.000021
0.000038
0.000441
0.000821
0.000366
0.000014
-0.000320
-0.000153
0.000315
-0.000074
-0.000478
0.000018
0.000546
0.000247
0.000285
0.000386
0.000229
0.000573
0.000405
-0.000018
0.000044
-0.000187
-0.000100
0.000234
0.000039
-0.000172
0.000445
0.000493
-0.000066
-0.000006
0.000200
0.000408
0.001095
0.001407
0.001301
0.001047
0.000872
0.000796
0.000884
0.000527
-0.000254
-0.000541
-0.000332
-0.000226
-0.000868
-0.000695
-0.000243
-0.000530
-0.000886
-0.000065
0.000301
0.000037
0.000723
0.000701
0.000355
0.000367
0.000355
0.000238
0.000494
0.000890
0.000586
0.000372
0.000341
0.000243
0.000059
-0.000082
-0.000424
-0.000467
-0.000297
-0.000119
0.000279
0.000765
0.001258
0.001350
0.000785
0.000572
0.000992
0.000449
-0.000090
-0.000037
-0.000359
0.000053
0.000490
0.000448
0.001014
0.001305
0.001277
0.001184
0.001411
0.001863
0.001376
0.001323
0.001568
0.000917
-0.000012
-0.000289
-0.000367
-0.000453
-0.000506
-0.000408
-0.000497
-0.000873
-0.000781
-0.000624
-0.000544
-0.000026
0.000505
0.000591
0.000963
0.001449
0.001445
0.001197
0.000727
0.000463
0.000051
-0.000195
-0.000179
-0.001013
-0.000677
-0.000153
-0.000209
-0.000006
-0.000047
-0.000104
-0.000003
0.000292
-0.000165
-0.000133
0.000300
0.000181
0.000193
0.000208
-0.000350
-0.000487
-0.000331
-0.001025
-0.001341
-0.000986
-0.000168
0.000316
0.000630
0.001336
0.001217
0.001228
0.001702
0.001599
0.000783
0.000428
0.001041
0.001137
0.000890
0.000945
0.000897
0.000868
0.000663
0.000093
0.000150
-0.000070
-0.000155
0.000715
0.000964
0.000752
0.000794
0.000138
-0.000184
0.000391
0.000737
0.000980
0.000928
0.000931
0.000530
0.000194
0.000041
0.000074
-0.000116
-0.000481
-0.000426
-0.000245
-0.000026
-0.000106
-0.000649
-0.000683
-0.000540
-0.000456
-0.000541
-0.000734
-0.000869
-0.001080
-0.001202
-0.001036
-0.001205
-0.001166
-0.000801
-0.000194
0.000304
0.000410
0.000533
0.000822
0.001517
0.001805
0.001269
0.000585
0.000148
0.000195
-0.000086
-0.000072
0.000385
0.000135
-0.000445
-0.000560
0.000080
0.000307
0.000087
0.000236
0.001100
0.001621
0.001665
0.001430
0.000858
0.000687
0.000221
-0.000072
0.000333
0.000259
-0.000488
-0.000986
-0.000505
0.000153
0.000433
0.000353
0.000511
0.000941
0.001357
0.001424
0.001075
0.001341
0.001202
0.000558
0.000547
0.000039
-0.000225
-0.000161
-0.000592
-0.000844
-0.000536
0.000024
0.000188
0.000230
0.000356
0.000725
0.000814
0.000915
0.001116
0.000513
-0.000073
0.000005
-0.000340
-0.000489
-0.000197
-0.000218
-0.000697
-0.000775
-0.000633
-0.000424
-0.000056
0.000056
-0.000350
-0.000757
-0.000613
-0.000042
0.001100
0.001736
0.001103
0.000943
0.000970
0.001071
0.001198
0.000543
0.000040
0.000275
0.000380
0.000044
0.000121
0.000630
0.000404
-0.000373
-0.000269
0.000292
0.000327
0.000900
0.001187
0.000658
0.000241
0.000588
0.001125
0.001018
0.000420
-0.000274
-0.000027
0.000395
-0.000216
-0.000350
-0.000026
0.000477
0.000914
0.000933
0.001142
0.001214
0.000862
0.000018
-0.000170
0.000449
0.000313
0.000155
-0.000007
-0.000352
0.000199
0.000204
-0.000296
-0.000397
0.000042
0.000387
0.000412
0.000646
0.000780
0.000478
0.000555
0.000841
0.000855
0.000743
0.000412
0.000508
0.000292
0.000476
0.000646
0.000408
0.000440
0.000267
0.000084
-0.000060
-0.000012
-0.000070
-0.000063
0.000309
0.000826
0.000526
0.000202
0.000342
0.000197
0.000146
0.000662
0.001275
0.000758
0.000402
0.000305
-0.000208
0.000215
0.000241
0.000371
0.001068
0.000888
0.000764
0.000902
0.000872
0.000788
0.000633
0.000797
0.000788
0.000459
0.000712
0.001009
0.001198
0.001626
0.001407
0.001183
0.001043
0.000329
-0.000324
-0.000107
0.000427
0.000093
0.000483
0.000912
0.000650
-0.000021
-0.000452
-0.000103
0.000264
0.000216
-0.000471
-0.000562
-0.000229
-0.000690
-0.000956
-0.000871
-0.000910
-0.000618
-0.000340
-0.000204
-0.000214
-0.000237
-0.000173
0.000069
0.000181
-0.000084
0.000067
0.000834
0.000690
0.000354
0.000501
-0.000048
-0.000047
0.000086
-0.000515
-0.000377
-0.000464
-0.000627
-0.000499
-0.000466
-0.000436
-0.000045
0.000584
0.000917
0.001364
0.001148
0.000079
0.000007
0.000231
-0.000245
-0.000206
0.000569
0.000906
0.000351
0.000120
0.000489
0.000642
0.000087
-0.000047
0.000543
0.000726
0.000880
0.000804
0.000420
0.000042
-0.000160
-0.000170
0.000104
0.000353
0.000699
0.000878
0.000372
-0.000539
-0.000826
-0.000360
-0.000546
-0.000235
-0.000062
0.000103
0.000728
0.000334
-0.000254
0.000233
0.000481
0.000753
0.001345
0.000919
0.000347
-0.000159
-0.000191
0.000015
0.000053
0.000234
-0.000052
0.000107
0.000560
0.000289
-0.000287
-0.000242
-0.000304
-0.000285
0.000331
0.000479
0.000133
-0.000056
0.000271
0.000180
0.000222
0.000611
0.000526
-0.000077
-0.000601
-0.000806
-0.000674
-0.000284
0.000176
0.000631
0.000880
0.001082
0.001239
0.001135
0.001052
0.000414
0.000219
-0.000334
-0.001309
-0.001664
-0.001181
-0.000148
0.000291
-0.000274
-0.000591
0.000357
0.000521
0.000479
0.000909
0.001483
0.001299
0.000419
0.000620
0.001059
0.000430
-0.000244
-0.000200
0.000016
-0.000058
-0.000071
-0.000142
-0.000048
-0.000189
-0.000486
-0.000310
-0.000526
-0.000970
-0.000693
-0.000194
0.000253
0.000790
0.000521
0.000142
-0.000134
-0.000513
-0.000484
-0.000310
0.000385
0.000119
0.000045
0.000505
0.000422
0.000311
0.000408
0.000517
0.000937
0.001459
0.001220
0.000196
-0.000355
-0.000091
0.000342
0.000351
-0.000337
-0.000413
-0.000406
-0.000431
-0.000908
-0.001045
-0.000602
-0.000619
-0.000379
0.000165
0.000861
0.001847
0.001150
0.000557
0.000904
0.000706
0.000276
-0.000195
-0.000493
-0.000450
-0.000762
-0.000216
0.000349
0.000371
0.000331
0.000162
0.000751
0.001356
0.000852
-0.000036
-0.000513
-0.000688
-0.000541
-0.001062
-0.001624
-0.001360
-0.001018
-0.001130
-0.001442
-0.000581
0.000210
0.000186
0.000436
0.001063
0.001437
0.001382
0.001084
0.001032
0.001252
0.000961
0.000252
0.000095
-0.000383
-0.000588
-0.000748
-0.001359
-0.000787
-0.000411
-0.000267
-0.000090
-0.000503
-0.000905
-0.001099
-0.001123
-0.000751
-0.000279
-0.000124
0.000013
0.000513
0.000402
0.000323
0.000169
-0.000206
-0.000306
0.000158
0.000470
0.000731
0.000959
0.000740
0.000696
0.000274
0.000023
0.000572
0.000801
0.000501
0.000593
0.000803
0.000516
-0.000077
-0.000081
0.000070
0.000369
-0.000123
-0.001253
-0.001323
-0.000574
-0.000038
-0.000573
-0.000701
0.000274
0.000765
0.000602
0.000710
0.001104
0.001049
0.000986
0.000852
0.000613
0.000122
-0.000492
-0.000668
-0.000645
-0.000729
-0.000329
-0.000001
0.000117
0.000375
0.000200
0.000859
0.000847
0.000795
0.001651
0.001163
0.000678
0.000917
0.000811
0.000482
0.000348
-0.000389
-0.000389
0.000027
-0.000518
-0.000351
0.000158
0.000136
0.000176
0.000576
0.000693
0.000484
0.000703
0.000611
0.000275
-0.000320
-0.000446
-0.000141
-0.000300
-0.000576
-0.000538
-0.000393
-0.000326
-0.000150
-0.000019
0.000414
0.000354
-0.000133
0.000363
0.001068
0.000682
0.000747
0.000889
0.000851
0.000454
0.000281
0.000595
0.000341
0.000190
0.000495
0.000057
-0.000275
-0.000699
-0.000804
-0.000412
-0.000419
-0.000752
-0.000704
0.000038
0.000357
0.000332
0.000232
0.001208
0.001920
0.001577
0.001085
0.001301
0.001649
0.000855
0.000621
0.000589
0.000313
0.000234
0.000398
-0.000132
-0.000395
0.000004
-0.000406
-0.000249
-0.000515
-0.000823
-0.000227
0.000053
-0.000284
-0.000300
0.000358
0.000542
0.000691
0.000817
0.000826
0.001044
0.001046
0.001217
0.001302
0.000802
0.000462
0.000593
0.000238
-0.000129
-0.000853
-0.001342
-0.001358
-0.000875
-0.000231
-0.000130
-0.000121
-0.000363
0.000005
0.001198
0.001075
0.000489
0.000622
0.000872
0.000962
0.000476
0.000208
0.000121
0.000367
0.000193
-0.000490
-0.000012
-0.000150
-0.000647
-0.000360
-0.000032
0.000263
0.000531
0.000637
0.000176
0.000197
0.000647
0.000643
0.000491
0.000334
0.000157
-0.000138
0.000283
0.000795
0.000360
0.000072
-0.000008
0.000435
0.000458
0.000172
0.000719
0.000929
0.000439
0.000485
0.000982
0.000539
0.000074
0.000556
0.000670
-0.000199
-0.000550
-0.000663
-0.000874
-0.001091
-0.000951
-0.000822
-0.000406
0.000212
0.000276
0.000350
0.000535
0.000973
0.001018
0.000416
0.000021
0.000093
-0.000154
-0.000564
-0.000473
-0.000219
0.000079
0.000097
-0.000533
-0.000290
-0.000270
-0.000583
-0.000311
0.000235
0.000450
0.000633
0.001124
0.001513
0.001692
0.001533
0.001189
0.001190
0.000984
0.000979
0.000626
0.000266
0.000303
-0.000183
-0.000372
-0.000252
-0.000307
0.000256
0.000138
-0.000130
0.000325
0.001159
0.001849
0.001819
0.001556
0.001208
0.001051
0.000766
0.000562
0.000392
0.000062
-0.000374
-0.000315
-0.000157
-0.000222
0.000205
0.001108
0.001505
0.001374
0.001512
0.001449
0.001036
0.000466
0.000236
-0.000290
-0.001073
-0.001327
-0.001705
-0.001899
-0.002401
-0.002626
-0.002234
-0.001841
-0.001842
-0.001943
-0.001491
-0.000569
0.000380
0.001271
0.001675
0.001945
0.002653
0.003136
0.003078
0.002866
0.003178
0.003085
0.002348
0.001857
0.000848
-0.000082
-0.000072
-0.000235
-0.000553
-0.000490
-0.000548
-0.000931
-0.001414
-0.001935
-0.001959
-0.001627
-0.001068
-0.000509
0.000021
0.000991
0.000908
0.000880
0.001783
0.001785
0.001182
0.001247
0.001407
0.001566
0.001852
0.002165
0.002041
0.001781
0.001217
-0.000200
-0.001487
-0.001613
-0.000606
0.000152
0.000757
0.000759
0.000576
0.000555
-0.000132
-0.000262
-0.000110
0.000166
0.000411
-0.000234
-0.000664
-0.000894
-0.000483
0.000312
0.000614
0.000734
0.000675
0.000709
0.000505
0.000037
-0.000062
-0.000094
-0.000471
-0.000439
0.000580
0.001382
0.001896
0.002489
0.003024
0.002943
0.002572
0.002444
0.001937
0.001641
0.000423
-0.001195
-0.001934
-0.001639
-0.000784
-0.000833
-0.000525
0.000665
0.001100
0.000436
0.000161
0.000156
-0.000703
-0.001814
-0.002833
-0.002894
-0.003026
-0.003085
-0.002583
-0.002064
-0.000811
0.000683
0.001791
0.003086
0.003772
0.003483
0.003373
0.002455
0.001442
0.001199
0.001786
0.002272
0.002096
0.001852
0.001719
0.000367
-0.001105
-0.001802
-0.002116
-0.001972
-0.001184
-0.000111
0.000776
0.001866
0.002984
0.003099
0.003338
0.003414
0.002653
0.001917
0.001592
0.001196
0.000456
-0.000371
-0.000692
-0.000636
-0.001809
-0.002997
-0.003089
-0.003444
-0.004142
-0.004479
-0.003544
-0.003122
-0.002518
-0.001319
-0.000766
-0.000555
0.000002
0.000431
0.000859
0.001130
0.001415
0.001610
0.001334
0.001123
0.000791
0.000523
0.000132
-0.000438
-0.000959
-0.001362
-0.000902
0.000212
0.000820
0.001379
0.002052
0.002923
0.003362
0.003336
0.002745
0.002352
0.001357
0.000374
0.000989
0.001765
0.001806
0.001848
0.001596
0.001113
0.000722
0.000153
-0.000417
-0.000443
-0.000412
-0.000001
0.000599
0.000858
0.001111
0.000727
0.000228
0.000318
0.000325
0.000815
0.001213
0.001028
0.001328
0.001085
0.000827
0.001101
0.001298
0.000981
0.000410
-0.000202
-0.000790
-0.000121
0.000068
-0.000392
-0.004905
-0.005346
-0.004231
-0.003040
-0.001882
-0.001389
-0.000658
-0.000321
-0.000344
-0.000597
-0.000982
-0.000474
-0.000363
-0.000498
-0.000069
-0.000420
-0.000170
0.000363
0.000261
0.000791
0.001950
0.002335
0.002524
0.002568
0.002184
0.001214
0.000629
0.000476
0.000021
0.000804
0.002416
0.004286
0.004956
0.004147
0.002227
-0.000294
-0.002717
-0.004991
-0.006391
-0.006346
-0.004587
-0.002227
-0.000100
0.002293
0.003099
0.001525
0.000058
-0.000904
-0.001286
-0.000820
-0.000006
0.001315
0.003482
0.005124
0.005843
0.006812
0.006643
0.005718
0.004516
0.002273
0.000463
-0.000103
0.000316
0.001282
0.002513
0.002547
0.001715
0.000510
-0.001714
-0.005493
-0.008985
-0.012018
-0.013242
-0.011513
-0.008976
-0.005512
-0.000790
0.003806
0.006759
0.007602
0.007431
0.006563
0.005963
0.006011
0.006469
0.006574
0.006043
0.005259
0.003944
0.001955
0.001472
0.001536
0.002267
0.003036
0.002756
0.001803
0.000172
-0.001607
-0.003166
-0.004331
-0.004637
-0.005085
-0.006342
-0.008026
-0.010068
-0.011962
-0.013644
-0.014355
-0.013594
-0.011027
-0.007204
-0.003084
0.001339
0.006371
0.010334
0.013094
0.014998
0.015808
0.015748
0.015513
0.014911
0.013347
0.010833
0.007806
0.005811
0.003777
0.002153
0.000533
-0.001742
-0.002968
-0.004788
-0.007040
-0.009041
-0.010997
-0.012663
-0.013540
-0.014126
-0.013317
-0.010717
-0.008520
-0.005911
-0.002937
-0.000948
-0.000387
-0.000289
-0.000572
-0.000870
-0.000825
0.000753
0.003112
0.005617
0.008923
0.011597
0.012534
0.013191
0.013287
0.012524
0.011900
0.010706
0.009911
0.008704
0.005900
0.003255
0.000539
-0.002292
-0.004391
-0.006261
-0.007449
-0.007863
-0.008138
-0.008668
-0.009982
-0.011825
-0.013612
-0.015230
-0.015906
-0.015579
-0.014361
-0.012283
-0.009909
-0.006694
-0.003291
0.000674
0.005354
0.008937
0.012253
0.014779
0.016308
0.017032
0.016478
0.014497
0.011673
0.007627
0.002697
-0.001934
-0.006139
-0.008887
-0.010048
-0.010053
-0.007405
-0.003182
0.001690
0.006561
0.010651
0.012400
0.011924
0.009195
0.004979
0.000268
-0.003916
-0.006790
-0.008152
-0.007958
-0.007647
-0.007020
-0.006092
-0.005595
-0.004566
-0.001289
0.003461
0.008884
0.013229
0.016301
0.018206
0.018364
0.015772
0.012487
0.010101
0.007889
0.005540
0.002240
-0.000242
-0.001744
-0.003035
-0.003897
-0.005139
-0.006522
-0.009685
-0.014314
-0.018511
-0.021368
-0.022270
-0.020682
-0.017499
-0.012336
-0.007182
-0.003257
0.001019
0.004532
0.007668
0.010833
0.013507
0.015490
0.016344
0.016177
0.016123
0.016337
0.016836
0.016595
0.014471
0.011616
0.008253
0.003910
-0.000913
-0.005651
-0.009657
-0.012565
-0.015220
-0.017086
-0.018121
-0.019183
-0.020488
-0.020228
-0.018601
-0.015449
-0.011000
-0.005414
0.000344
0.003841
0.005111
0.004795
0.003928
0.003647
0.004756
0.007275
0.011348
0.016229
0.019327
0.019939
0.018053
0.012462
0.005464
-0.000694
-0.005298
-0.009067
-0.010959
-0.010909
-0.011399
-0.012933
-0.015504
-0.018006
-0.019617
-0.019595
-0.017409
-0.012871
-0.007258
-0.001358
0.004665
0.010557
0.016286
0.020403
0.022200
0.021931
0.019601
0.015745
0.012457
0.011262
0.011677
0.012920
0.015334
0.017697
0.018569
0.017733
0.015311
0.012560
0.010192
0.008454
0.006045
0.000987
-0.005482
-0.012369
-0.019699
-0.025314
-0.027926
-0.029261
-0.029525
-0.029715
-0.030803
-0.031493
-0.030692
-0.028408
-0.024298
-0.018505
-0.012096
-0.005936
-0.000696
0.002840
0.005202
0.006272
0.006101
0.004940
0.003617
0.004039
0.006289
0.010922
0.018669
0.027290
0.035292
0.041632
0.044539
0.044864
0.043419
0.040555
0.036062
0.028695
0.019325
0.008610
-0.001467
-0.011834
-0.020399
-0.024237
-0.025646
-0.024749
-0.021255
-0.017640
-0.015910
-0.015468
-0.016047
-0.018655
-0.021092
-0.021791
-0.020350
-0.016563
-0.012287
-0.007140
-0.002448
0.001656
0.004866
0.006364
0.006138
0.004878
0.003909
0.003522
0.005061
0.007264
0.008912
0.010351
0.009973
0.008819
0.007882
0.007270
0.006198
0.003988
0.000396
-0.003584
-0.006930
-0.009631
-0.010376
-0.009838
-0.008507
-0.006998
-0.005849
-0.004433
-0.001762
0.002048
0.006996
0.011410
0.013688
0.013845
0.012723
0.011013
0.009185
0.007336
0.006205
0.006394
0.007199
0.008260
0.009453
0.011023
0.012061
0.011804
0.009617
0.005694
0.001035
-0.004397
-0.009949
-0.016009
-0.021338
-0.023794
-0.024169
-0.023181
-0.019676
-0.014352
-0.008267
-0.002128
0.001601
0.002880
0.002642
-0.000103
-0.005248
-0.011472
-0.016934
-0.021105
-0.024144
-0.025644
-0.024777
-0.020404
-0.014545
-0.007188
0.001799
0.011340
0.020513
0.026966
0.030973
0.032126
0.030002
0.025785
0.020771
0.015691
0.009943
0.005626
0.001960
-0.000759
-0.001955
-0.003166
-0.004464
-0.005555
-0.006306
-0.007062
-0.006891
-0.004600
-0.001875
0.000663
0.003115
0.005482
0.007179
0.008613
0.010477
0.011130
0.010268
0.008885
0.006884
0.005341
0.004321
0.003321
0.001441
-0.000154
-0.000669
-0.000873
0.000883
0.003335
0.004233
0.004641
0.004662
0.004557
0.004963
0.006883
0.009866
0.014162
0.016738
0.016492
0.013380
0.006473
-0.002442
-0.010979
-0.017393
-0.021419
-0.023287
-0.024598
-0.026313
-0.028012
-0.028875
-0.028763
-0.025795
-0.020095
-0.014753
-0.009495
-0.004903
-0.001301
0.001617
0.003801
0.005373
0.005903
0.005743
0.004758
0.004729
0.005877
0.006709
0.007342
0.007215
0.007230
0.008299
0.010958
0.015572
0.020765
0.025148
0.026778
0.026783
0.025423
0.022391
0.018611
0.013462
0.005294
-0.005393
-0.016974
-0.028046
-0.036116
-0.040409
-0.041339
-0.038803
-0.032966
-0.024853
-0.015554
-0.006724
0.001253
0.007656
0.012168
0.015539
0.017918
0.019770
0.021631
0.023557
0.025558
0.025217
0.022701
0.018999
0.013756
0.007514
0.000502
-0.007312
-0.014450
-0.020655
-0.023903
-0.024549
-0.023206
-0.019005
-0.014558
-0.011667
-0.009324
-0.008056
-0.009222
-0.011610
-0.013101
-0.012828
-0.010219
-0.006344
-0.002306
0.002862
0.006900
0.008341
0.009016
0.009823
0.009775
0.008258
0.006059
0.004913
0.004323
0.004148
0.005604
0.007688
0.009799
0.012253
0.012516
0.011012
0.009540
0.008235
0.006810
0.006051
0.004734
0.003266
0.001581
-0.000109
-0.001531
-0.002515
-0.002675
-0.001727
0.000481
0.004993
0.010521
0.015529
0.019203
0.020044
0.017644
0.012459
0.006568
0.000387
-0.003620
-0.005065
-0.004562
-0.002171
0.001490
0.004967
0.007802
0.008882
0.008461
0.006933
0.004307
0.000805
-0.003640
-0.008001
-0.012756
-0.018544
-0.025685
-0.032088
-0.035258
-0.035634
-0.033052
-0.027165
-0.020132
-0.012974
-0.006044
0.000040
0.006217
0.011920
0.015571
0.017833
0.017434
0.013503
0.008842
0.005048
0.002911
0.002723
0.002533
0.003258
0.005173
0.007550
0.011337
0.016078
0.021141
0.026153
0.029319
0.030070
0.029228
0.025717
0.020783
0.014588
0.007540
0.000557
-0.007442
-0.016251
-0.025356
-0.033315
-0.039012
-0.042404
-0.044082
-0.045189
-0.046783
-0.048849
-0.049587
-0.048590
-0.042645
-0.033029
-0.022730
-0.012325
-0.004020
0.001170
0.004035
0.006131
0.007892
0.010174
0.013145
0.016498
0.020699
0.026179
0.031609
0.035625
0.037076
0.036515
0.033289
0.028246
0.023228
0.018208
0.014925
0.014268
0.016250
0.020060
0.025342
0.030864
0.034467
0.036071
0.035391
0.030367
0.021324
0.009833
-0.001541
-0.010656
-0.017320
-0.020473
-0.021168
-0.020099
-0.016850
-0.013384
-0.009658
-0.006414
-0.005605
-0.008137
-0.012327
-0.016814
-0.021376
-0.023178
-0.022711
-0.020789
-0.019123
-0.019219
-0.021414
-0.025009
-0.028904
-0.031525
-0.031630
-0.029187
-0.024407
-0.017293
-0.008729
0.000273
0.008439
0.015591
0.021985
0.027653
0.033435
0.037879
0.040426
0.041477
0.039230
0.033912
0.028024
0.021486
0.015185
0.009638
0.004257
-0.000472
-0.005251
-0.009166
-0.011856
-0.013075
-0.011588
-0.007792
-0.003072
0.001620
0.004716
0.005533
0.003941
0.001287
-0.001479
-0.004898
-0.009202
-0.012503
-0.014563
-0.015130
-0.011686
-0.006032
-0.000904
0.002275
0.002944
0.001094
-0.001871
-0.005306
-0.008055
-0.009376
-0.009821
-0.009496
-0.010751
-0.013441
-0.016234
-0.019165
-0.020395
-0.019297
-0.017596
-0.016651
-0.015189
-0.014092
-0.013284
-0.011191
-0.007191
-0.002094
0.003998
0.009855
0.015048
0.019999
0.023928
0.027753
0.030486
0.032739
0.035179
0.037170
0.038776
0.039812
0.038899
0.035921
0.030367
0.023424
0.015721
0.007196
-0.000055
-0.004964
-0.008007
-0.008859
-0.008471
-0.007194
-0.005995
-0.007324
-0.011087
-0.017134
-0.024727
-0.030819
-0.035073
-0.037035
-0.036234
-0.032386
-0.027080
-0.020717
-0.013386
-0.005544
0.002980
0.010879
0.017667
0.022123
0.023894
0.023968
0.020787
0.014326
0.009406
0.006115
0.002899
0.000397
-0.000948
-0.002330
-0.004264
-0.007779
-0.012450
-0.017176
-0.021633
-0.023705
-0.022932
-0.020300
-0.014985
-0.009005
-0.004851
-0.001036
0.003078
0.006519
0.008920
0.010592
0.012252
0.015093
0.019000
0.022537
0.024191
0.024354
0.023532
0.020138
0.015187
0.008629
0.002000
-0.002835
-0.007478
-0.010235
-0.009159
-0.005995
-0.002523
0.001234
0.002800
0.002115
-0.000412
-0.006224
-0.014114
-0.022954
-0.029874
-0.031999
-0.029129
-0.021124
-0.012098
-0.003385
0.002699
0.006022
0.008546
0.011570
0.015362
0.018818
0.020183
0.019794
0.018260
0.015211
0.011866
0.008073
0.004718
0.003378
0.002189
0.000591
-0.001375
-0.003381
-0.004923
-0.006751
-0.007887
-0.007660
-0.005706
-0.002369
0.001519
0.005336
0.008020
0.009531
0.009102
0.007507
0.005734
0.003791
0.003150
0.003339
0.003208
0.002812
-0.000169
-0.006606
-0.012983
-0.017411
-0.017908
-0.015731
-0.010150
-0.003421
0.002267
0.006585
0.007172
0.005799
0.002218
-0.001964
-0.004650
-0.006503
-0.007559
-0.008038
-0.006881
-0.004582
-0.002265
0.000586
0.003266
0.006139
0.008792
0.010964
0.010767
0.008836
0.006562
0.004152
0.002770
0.002635
0.003168
0.003267
0.003756
0.004312
0.004592
0.005001
0.005045
0.004491
0.002501
0.000115
-0.002647
-0.005770
-0.007310
-0.007721
-0.007489
-0.007270
-0.007673
-0.008876
-0.010788
-0.012511
-0.013078
-0.012315
-0.009986
-0.008929
-0.010075
-0.012171
-0.013710
-0.014841
-0.015182
-0.014971
-0.013865
-0.009839
-0.003932
0.002941
0.011558
0.020369
0.027414
0.031027
0.032378
0.032701
0.031599
0.030088
0.028411
0.026311
0.022380
0.016739
0.011326
0.005919
-0.000543
-0.006956
-0.012625
-0.016807
-0.019595
-0.020339
-0.018731
-0.015837
-0.012533
-0.008734
-0.004571
0.000433
0.004910
0.008553
0.011512
0.011737
0.008169
0.001485
-0.007017
-0.015472
-0.021889
-0.024506
-0.023926
-0.019921
-0.014175
-0.007881
-0.001836
0.002352
0.005179
0.007606
0.010431
0.014797
0.018643
0.021165
0.023263
0.025725
0.026673
0.026536
0.026445
0.023968
0.018324
0.010120
0.001124
-0.008731
-0.016607
-0.021679
-0.024035
-0.024038
-0.022201
-0.018290
-0.013289
-0.007779
-0.004178
-0.002274
-0.000553
-0.000699
-0.003624
-0.007282
-0.011435
-0.015701
-0.018971
-0.021408
-0.022874
-0.023189
-0.021541
-0.016801
-0.011033
-0.005838
-0.000012
0.004982
0.008883
0.011552
0.013830
0.015664
0.016288
0.014604
0.012194
0.009702
0.006334
0.004330
0.003428
0.003268
0.005065
0.008081
0.011762
0.015390
0.016976
0.016083
0.012518
0.006569
0.000187
-0.004606
-0.007107
-0.009010
-0.010591
-0.010561
-0.009231
-0.007234
-0.004188
-0.000340
0.005154
0.011265
0.016803
0.021421
0.023530
0.024061
0.022819
0.019757
0.016055
0.012595
0.009911
0.008497
0.007404
0.004987
0.001257
-0.002565
-0.008213
-0.015247
-0.021013
-0.025276
-0.027014
-0.026911
-0.024893
-0.021955
-0.020274
-0.019075
-0.018532
-0.018681
-0.018925
-0.018463
-0.017670
-0.016868
-0.015297
-0.013311
-0.010855
-0.007065
-0.002035
0.002986
0.008708
0.014547
0.020052
0.024914
0.028980
0.033035
0.035362
0.035150
0.032955
0.029061
0.024107
0.018703
0.012617
0.006881
0.002426
-0.001704
-0.006053
-0.009326
-0.011226
-0.012186
-0.013225
-0.014277
-0.013707
-0.011835
-0.009133
-0.005087
-0.000863
0.003587
0.006321
0.007193
0.006948
0.005756
0.004236
0.003248
0.002417
0.001019
-0.001147
-0.004529
-0.008226
-0.012011
-0.015868
-0.019082
-0.020329
-0.020888
-0.022490
-0.023984
-0.023829
-0.022528
-0.019391
-0.013218
-0.005032
0.003923
0.012826
0.020152
0.024502
0.024904
0.022826
0.018655
0.013650
0.007398
0.001251
-0.003389
-0.006961
-0.008221
-0.006640
-0.001759
0.005098
0.012839
0.019761
0.025471
0.027901
0.027626
0.026904
0.025922
0.023668
0.019679
0.014020
0.006951
-0.001095
-0.010215
-0.017552
-0.022447
-0.026186
-0.027307
-0.026298
-0.023778
-0.021006
-0.017033
-0.012247
-0.008497
-0.005675
-0.004208
-0.004592
-0.005419
-0.007174
-0.009263
-0.009093
-0.007989
-0.005875
-0.002800
-0.000146
0.002133
0.004296
0.005091
0.005361
0.005647
0.005184
0.004280
0.002924
0.001195
0.000584
0.001025
0.002620
0.005633
0.008539
0.011251
0.014112
0.016293
0.017454
0.018077
0.017676
0.015204
0.011905
0.007838
0.003346
-0.000405
-0.003262
-0.004006
-0.003821
-0.002379
-0.000092
0.001293
0.003179
0.004184
0.004008
0.003604
0.003346
0.003889
0.005438
0.006060
0.005206
0.002896
0.000070
-0.004523
-0.010120
-0.015548
-0.020837
-0.024823
-0.027208
-0.028009
-0.027535
-0.026786
-0.025316
-0.022338
-0.018536
-0.014714
-0.010832
-0.006978
-0.002747
0.002098
0.006131
0.010635
0.015218
0.018048
0.018760
0.018546
0.017222
0.014816
0.012553
0.010424
0.008120
0.007194
0.007510
0.008707
0.010277
0.012024
0.013907
0.015565
0.016014
0.015010
0.012394
0.008421
0.003728
-0.000711
-0.004719
-0.008730
-0.011188
-0.012379
-0.012847
-0.012276
-0.011071
-0.009434
-0.006983
-0.004121
-0.001591
0.000561
0.002035
0.002139
0.001623
0.000977
-0.000687
-0.002770
-0.004439
-0.006256
-0.008007
-0.009968
-0.011095
-0.011168
-0.011000
-0.010148
-0.008519
-0.006594
-0.005432
-0.004904
-0.005529
-0.006412
-0.006516
-0.006878
-0.006685
-0.004565
-0.001954
0.001122
0.004781
0.006952
0.008025
0.008727
0.008564
0.007215
0.006794
0.006875
0.006429
0.006071
0.006734
0.007342
0.007094
0.006398
0.005180
0.004600
0.004145
0.003540
0.003882
0.006135
0.008555
0.009512
0.009911
0.010341
0.009074
0.008037
0.008490
0.008315
0.008276
0.008522
0.008415
0.007337
0.005381
0.003843
0.001458
-0.001295
-0.004555
-0.007982
-0.010452
-0.012479
-0.013784
-0.013491
-0.012734
-0.011502
-0.009489
-0.008231
-0.008417
-0.008865
-0.009079
-0.010119
-0.010755
-0.010059
-0.008596
-0.007046
-0.005460
-0.002784
-0.000250
0.000280
0.000462
0.000396
-0.000262
-0.000744
-0.002218
-0.003619
-0.003493
-0.003778
-0.002939
-0.001162
0.001479
0.005026
0.007565
0.010310
0.011973
0.011544
0.010378
0.008972
0.007040
0.004565
0.002910
0.001847
0.001059
0.000320
-0.000094
-0.000702
-0.001920
-0.002000
-0.002414
-0.002972
-0.001937
-0.000927
0.000103
0.001426
0.000989
0.000154
-0.000743
-0.002393
-0.003882
-0.004387
-0.004039
-0.003230
-0.002333
-0.001358
-0.000986
-0.000585
-0.000190
-0.000187
0.000027
0.000955
0.002715
0.003971
0.005356
0.007003
0.007467
0.006895
0.006056
0.005299
0.003655
0.001696
-0.000337
-0.001448
-0.001270
-0.001375
-0.000873
0.000460
0.000657
0.000919
0.001252
0.001513
0.001691
0.001463
0.000589
-0.001251
-0.003280
-0.005332
-0.006517
-0.007058
-0.006932
-0.006251
-0.005451
-0.003855
-0.002215
-0.000443
0.000756
0.001865
0.003379
0.003991
0.003185
0.001395
-0.000296
-0.002298
-0.004103
-0.004769
-0.004422
-0.003033
-0.000905
0.000283
0.001523
0.003329
0.004019
0.004054
0.003994
0.003502
0.001956
0.000331
-0.000830
-0.002576
-0.003939
-0.004392
-0.004823
-0.004575
-0.002557
-0.000731
0.000423
0.002191
0.003728
0.004452
0.004223
0.003508
0.002299
0.000223
-0.001529
-0.003312
-0.004871
-0.005039
-0.003886
-0.002866
-0.001976
-0.000315
0.001497
0.003449
0.004668
0.004741
0.004742
0.004180
0.003765
0.003887
0.003449
0.003319
0.003396
0.003833
0.004299
0.004538
0.004388
0.003296
0.003030
0.003147
0.002462
0.002148
0.002551
0.002252
0.001823
0.002202
0.002122
0.000692
-0.000067
-0.000647
-0.002013
-0.002752
-0.003333
-0.004146
-0.005376
-0.006630
-0.008257
-0.009068
-0.009249
-0.010058
-0.010533
-0.011157
-0.011526
-0.011162
-0.010821
-0.010775
-0.009399
-0.006606
-0.003490
-0.000572
0.002592
0.005396
0.007792
0.009413
0.010033
0.010343
0.009604
0.008675
0.007638
0.006083
0.005126
0.004608
0.003759
0.003222
0.003363
0.004172
0.005289
0.005972
0.007318
0.008916
0.009529
0.009819
0.009932
0.008832
0.006534
0.003978
0.001458
-0.000950
-0.003167
-0.004812
-0.006233
-0.006555
-0.005195
-0.004434
-0.004119
-0.002915
-0.001440
-0.000184
0.000729
0.000715
-0.000122
-0.000942
-0.002452
-0.004219
-0.005802
-0.007600
-0.009532
-0.010890
-0.011247
-0.011457
-0.010665
-0.010019
-0.009169
-0.007635
-0.005262
-0.003503
-0.003017
-0.001307
0.000184
0.000658
0.001232
0.001872
0.002810
0.003282
0.004207
0.005177
0.005906
0.007056
0.007878
0.008414
0.008851
0.009151
0.009644
0.009919
0.010021
0.009798
0.009271
0.007632
0.006359
0.006204
0.006042
0.005793
0.004940
0.003833
0.003749
0.002852
0.001212
0.000263
-0.001218
-0.002540
-0.002629
-0.002888
-0.003119
-0.002748
-0.003280
-0.004241
-0.004379
-0.004883
-0.005838
-0.006134
-0.006181
-0.006591
-0.006968
-0.007428
-0.007775
-0.007529
-0.007298
-0.006538
-0.005526
-0.004456
-0.002098
-0.000105
0.001033
0.002016
0.003302
0.003927
0.003997
0.003549
0.001951
0.000907
0.000432
-0.000726
-0.001606
-0.002196
-0.002250
-0.001341
0.000055
0.001530
0.003281
0.006007
0.008459
0.010378
0.011592
0.012313
0.012069
0.011531
0.010560
0.009075
0.006675
0.004242
0.002232
0.000197
-0.001560
-0.003034
-0.004391
-0.005780
-0.006630
-0.007889
-0.008629
-0.009528
-0.011118
-0.011987
-0.011393
-0.010802
-0.009873
-0.007871
-0.006257
-0.004660
-0.001969
0.000871
0.002613
0.004518
0.006369
0.006708
0.006601
0.006595
0.005998
0.005087
0.004168
0.003932
0.003692
0.003476
0.003625
0.003320
0.002844
0.002794
0.002917
0.003525
0.003800
0.003398
0.003856
0.004208
0.004049
0.003480
0.001860
0.000158
-0.001903
-0.004212
-0.006417
-0.008575
-0.009901
-0.010659
-0.010898
-0.010881
-0.010068
-0.008564
-0.006343
-0.003608
-0.001514
0.000813
0.003420
0.005711
0.007169
0.007926
0.007964
0.007241
0.006158
0.004668
0.002597
0.000257
-0.001698
-0.003177
-0.003433
-0.003316
-0.003282
-0.002445
-0.001573
-0.000265
0.001598
0.002596
0.003628
0.004288
0.004358
0.004210
0.004479
0.004787
0.004302
0.004408
0.005154
0.006151
0.006926
0.008375
0.009119
0.008810
0.009143
0.008928
0.006921
0.004698
0.002542
0.000672
-0.001479
-0.003339
-0.004913
-0.007120
-0.007948
-0.007840
-0.007603
-0.007152
-0.006637
-0.006147
-0.005866
-0.005791
-0.006333
-0.006957
-0.007061
-0.007966
-0.009909
-0.011120
-0.011308
-0.011208
-0.010297
-0.008873
-0.006915
-0.004776
-0.002450
0.000845
0.003880
0.006100
0.007907
0.009078
0.010173
0.010228
0.008419
0.007457
0.005934
0.004350
0.003706
0.002523
0.002284
0.002697
0.003446
0.004205
0.004102
0.004369
0.004493
0.004561
0.004716
0.003878
0.003408
0.002689
0.000480
-0.001500
-0.002675
-0.003604
-0.004368
-0.004485
-0.003961
-0.002634
-0.001761
-0.001478
0.000078
0.001784
0.003272
0.004905
0.005427
0.005532
0.005688
0.005457
0.003639
0.002122
0.001451
0.000059
-0.000335
-0.000417
0.000514
0.001976
0.002845
0.002711
0.002318
0.002590
0.001834
0.000164
-0.002182
-0.004423
-0.005629
-0.007395
-0.008683
-0.008744
-0.009104
-0.008654
-0.007927
-0.006117
-0.003975
-0.002066
0.000162
0.001400
0.003206
0.005304
0.006449
0.006989
0.006834
0.006566
0.006003
0.005408
0.004814
0.002527
0.000077
-0.000839
-0.001737
-0.002364
-0.002065
-0.001175
-0.000639
0.000130
0.000600
-0.000859
-0.001898
-0.001699
-0.001943
-0.002823
-0.003413
-0.003113
-0.002818
-0.003094
-0.002324
-0.001477
-0.001385
-0.000656
-0.000063
0.000125
0.000394
0.000778
0.000355
-0.000246
0.000046
-0.000266
0.000116
0.000709
-0.000005
-0.000245
0.000676
0.001334
0.001464
0.002571
0.003501
0.003870
0.004311
0.003994
0.003822
0.003444
0.002592
0.001686
0.000736
0.000346
0.000325
0.000597
0.000529
0.000921
0.001610
0.001437
0.001834
0.002051
0.002416
0.002722
0.002547
0.002006
0.001771
0.002169
0.002680
0.002086
0.001455
0.001930
0.001653
0.001130
0.000301
-0.001847
-0.003714
-0.004340
-0.005365
-0.006586
-0.006665
-0.006363
-0.005928
-0.005426
-0.004765
-0.003876
-0.003495
-0.002632
-0.001583
-0.001587
-0.000947
0.000447
0.001206
0.002287
0.003315
0.003656
0.004139
0.004141
0.003300
0.002013
0.001124
0.001020
0.000673
-0.000788
-0.001591
-0.001353
-0.000705
-0.000186
0.001122
0.002594
0.002100
0.001509
0.002176
0.001867
0.001717
0.002173
0.002069
0.002471
0.002394
0.001282
0.000880
0.000616
-0.000087
-0.001724
-0.003650
-0.004255
-0.004091
-0.003526
-0.002560
-0.001396
-0.000669
-0.000603
-0.000963
-0.001376
-0.001940
-0.002167
-0.001484
-0.001330
-0.002046
-0.002257
-0.001607
-0.000623
-0.000317
0.000160
0.001361
0.002909
0.003805
0.004057
0.004723
0.005521
0.005147
0.004169
0.003815
0.003524
0.002893
0.002333
0.001999
0.001561
0.001765
0.001488
0.001164
0.001805
0.002954
0.004308
0.004740
0.004615
0.003740
0.002388
0.000457
-0.001535
-0.003574
-0.005676
-0.007392
-0.008417
-0.008686
-0.007656
-0.006229
-0.004826
-0.003221
-0.002187
-0.000704
0.000442
0.001046
0.000898
0.000710
0.000654
0.000569
0.000280
-0.000126
0.000241
0.000676
0.000376
0.000372
0.000459
-0.000000
-0.000407
-0.000961
-0.001351
-0.001562
-0.001766
-0.001871
-0.001406
-0.001034
-0.000720
-0.000455
-0.000638
0.000784
0.001745
0.001423
0.001514
0.002161
0.002867
0.002594
0.002766
0.003192
0.002319
0.001077
0.000191
-0.000855
-0.001350
-0.000896
-0.000958
-0.001234
-0.000300
0.000131
0.000510
0.001590
0.001850
0.001894
0.002006
0.001388
0.000546
-0.000129
-0.000718
-0.001374
-0.001375
-0.000181
0.001272
0.001858
0.002301
0.002896
0.002748
0.002646
0.002678
0.002439
0.003002
0.003385
0.003117
0.001944
0.000776
-0.000270
-0.001137
-0.001658
-0.002190
-0.001476
-0.000108
0.000214
0.000194
-0.000085
-0.000185
-0.000415
-0.001452
-0.002146
-0.002510
-0.002556
-0.002305
-0.002080
-0.002392
-0.003265
-0.002568
-0.001057
-0.000104
0.000981
0.001947
0.002896
0.003227
0.003168
0.002501
0.001621
0.001876
0.002566
0.002228
0.001701
0.001445
0.001288
0.001030
0.000865
0.000135
-0.000955
-0.002136
-0.002604
-0.002528
-0.002003
-0.000561
0.000030
-0.000320
-0.001019
-0.001155
-0.001700
-0.002470
-0.002386
-0.001959
-0.002336
-0.002006
0.000111
0.001878
0.002681
0.002822
0.002972
0.002751
0.001974
0.001486
0.000944
0.000347
-0.000238
-0.001010
-0.001014
-0.000922
-0.000240
0.000524
0.001436
0.002318
0.002652
0.002706
0.002628
0.002102
0.001768
0.001839
0.002039
0.001869
0.000747
0.000154
-0.000238
-0.000923
-0.001403
-0.001556
-0.001362
-0.000988
-0.000952
0.000247
0.001291
0.001301
0.001425
0.001312
0.000691
-0.000485
-0.001742
-0.003431
-0.004324
-0.004458
-0.003989
-0.002717
-0.000843
0.000425
0.001311
0.002569
0.003560
0.004280
0.005349
0.006056
0.005967
0.005623
0.005501
0.005012
0.004632
0.004502
0.003536
0.002551
0.002116
0.001785
0.001202
0.000635
-0.000146
-0.001468
-0.003589
-0.004861
-0.005352
-0.005190
-0.004808
-0.004709
-0.004260
-0.003389
-0.002636
-0.001968
-0.001720
-0.001028
-0.000218
0.000068
0.000783
0.001802
0.002377
0.002383
0.002663
0.003572
0.004046
0.004242
0.004511
0.004728
0.003939
0.002996
0.001871
0.000193
-0.001058
-0.002860
-0.003832
-0.004123
-0.004943
-0.005381
-0.005418
-0.006338
-0.006569
-0.006167
-0.005808
-0.005359
-0.004703
-0.003360
-0.002513
-0.001987
-0.001725
-0.002077
-0.002186
-0.002053
-0.001655
-0.000053
0.001509
0.002795
0.004609
0.006639
0.007570
0.007987
0.008497
0.007941
0.006178
0.004506
0.003758
0.003634
0.003729
0.004401
0.005380
0.005303
0.004375
0.002903
0.001404
0.000857
-0.000255
-0.001641
-0.002227
-0.002030
-0.001695
-0.001302
-0.001104
-0.001668
-0.002252
-0.002894
-0.003260
-0.004428
-0.005382
-0.005454
-0.004827
-0.003449
-0.002174
-0.000045
0.002017
0.003355
0.003501
0.003017
0.002310
0.001622
0.001553
0.002167
0.002466
0.002265
0.002198
0.002716
0.003985
0.004048
0.003749
0.004272
0.004442
0.003479
0.001995
0.000009
-0.001607
-0.002779
-0.003551
-0.004170
-0.004884
-0.005131
-0.005799
-0.006033
-0.005322
-0.005069
-0.004272
-0.003150
-0.001225
0.000804
0.001894
0.002824
0.003192
0.003591
0.004102
0.003239
0.002095
0.001833
0.001991
0.001887
0.002549
0.003160
0.002967
0.003078
0.002757
0.001876
0.001418
0.000237
-0.000619
-0.000864
-0.001271
-0.002000
-0.002324
-0.001907
-0.001814
-0.001488
-0.000812
-0.000709
-0.001010
-0.001010
-0.000507
0.000037
0.000968
0.001440
0.001868
0.003382
0.004558
0.006038
0.007255
0.007031
0.006684
0.005552
0.003665
0.002157
0.000202
-0.002223
-0.003830
-0.004862
-0.005709
-0.006016
-0.005953
-0.006076
-0.005804
-0.004550
-0.003869
-0.003204
-0.001731
-0.001217
-0.001544
-0.001453
-0.001201
-0.000379
0.000717
0.001377
0.001159
0.000562
-0.000050
-0.000428
-0.001222
-0.001362
-0.000543
0.000716
0.001665
0.002614
0.003296
0.003304
0.003047
0.002123
0.001047
0.000457
-0.000144
0.000036
0.001195
0.002515
0.003498
0.004086
0.004278
0.004266
0.003243
0.001531
-0.000000
-0.002333
-0.003599
-0.004163
-0.004344
-0.002738
-0.000684
0.001548
0.003898
0.005466
0.006230
0.005765
0.004840
0.003769
0.003263
0.002952
0.002336
0.002576
0.003281
0.003398
0.003822
0.004255
0.003498
0.001631
0.000082
-0.001245
-0.002993
-0.004048
-0.004060
-0.004176
-0.004454
-0.004358
-0.003821
-0.004041
-0.004359
-0.003830
-0.003400
-0.003471
-0.003646
-0.003154
-0.002442
-0.002189
-0.001450
-0.000704
0.000141
0.001172
0.001876
0.002575
0.003238
0.003212
0.002888
0.001919
0.001467
0.001777
0.001577
0.001786
0.003647
0.004912
0.004563
0.003614
0.003190
0.001602
-0.000061
-0.001616
-0.003050
-0.002954
-0.003090
-0.003321
-0.002769
-0.002377
-0.002063
-0.001387
-0.001010
0.000283
0.000656
0.000941
0.001191
0.000776
0.001085
0.001356
0.000823
0.001326
0.002077
0.002197
0.002098
0.001981
0.001983
0.001220
0.000300
0.000119
0.000562
0.001693
0.002142
0.002846
0.004049
0.004536
0.003869
0.002237
0.000657
-0.001329
-0.003861
-0.005563
-0.006398
-0.006771
-0.007061
-0.006839
-0.005472
-0.003960
-0.002683
-0.001313
0.000779
0.002569
0.003707
0.005397
0.006293
0.006603
0.007027
0.006758
0.005808
0.004453
0.002975
0.001825
0.000840
-0.000391
-0.000603
-0.000147
0.000133
0.000590
0.001055
0.001527
0.001538
0.000440
-0.000183
-0.000707
-0.001773
-0.002679
-0.003390
-0.004416
-0.004973
-0.004799
-0.004789
-0.003981
-0.002665
-0.000901
0.000120
0.000713
0.001654
0.001517
0.001754
0.002208
0.003100
0.003485
0.002771
0.002832
0.002810
0.001993
0.001227
0.000498
-0.000023
-0.000157
-0.000801
-0.000993
-0.000694
-0.001072
-0.000685
0.000183
0.000571
0.001443
0.002310
0.002618
0.001778
0.000885
0.000620
0.000191
-0.000087
-0.000090
-0.000709
-0.000916
-0.000809
-0.001148
-0.001313
-0.001264
-0.001983
-0.002606
-0.002759
-0.002765
-0.002299
-0.002390
-0.002209
-0.000837
0.000239
0.000932
0.002235
0.004113
0.005330
0.005738
0.005697
0.005468
0.004857
0.004011
0.002851
0.001575
0.000896
0.000388
-0.000126
-0.001489
-0.002011
-0.001687
-0.002487
-0.002618
-0.001856
-0.001580
-0.000864
-0.000139
0.000806
0.001202
0.001408
0.002004
0.001580
0.000887
0.000336
0.000230
-0.000079
-0.000348
0.000140
0.000519
0.000354
0.001006
0.001026
0.000466
0.000643
-0.000018
0.000101
0.000629
0.001140
0.002008
0.002501
0.002583
0.002648
0.002326
0.001613
0.000985
-0.000101
-0.001289
-0.001921
-0.001910
-0.001565
-0.001793
-0.001865
-0.000805
-0.000126
-0.000046
0.000350
0.000885
0.001046
0.001071
0.001390
0.001965
0.002062
0.001993
0.002585
0.001783
0.000610
-0.000207
-0.001057
-0.001826
-0.002765
-0.003884
-0.004566
-0.005202
-0.005443
-0.004736
-0.004038
-0.002894
-0.001709
-0.001456
-0.001334
-0.000873
-0.001270
-0.000940
-0.000064
0.000844
0.002281
0.003461
0.004099
0.004326
0.004099
0.003653
0.002553
0.001956
0.002389
0.002074
0.001762
0.001673
0.001631
0.002166
0.002510
0.002662
0.002660
0.002316
0.002618
0.003628
0.004189
0.003836
0.003135
0.002567
0.002754
0.002815
0.002475
0.002641
0.002804
0.001722
0.000296
-0.000573
-0.001203
-0.002122
-0.002625
-0.002001
-0.001564
-0.001294
-0.000548
0.000511
0.001317
0.001175
0.001185
0.000869
0.000532
0.000051
-0.000720
-0.001546
-0.001975
-0.001779
-0.000999
-0.000222
0.000284
0.000823
0.001438
0.001561
0.001930
0.002366
0.002777
0.002082
0.000935
-0.000296
-0.001347
-0.001711
-0.002203
-0.002590
-0.003054
-0.002683
-0.002960
-0.003148
-0.003335
-0.004095
-0.003975
-0.003687
-0.002868
-0.002094
-0.001632
-0.001027
-0.000493
0.000295
0.000544
0.000425
0.000252
0.001088
0.001733
0.001395
0.001624
0.002658
0.002770
0.002211
0.001571
0.001224
0.000836
0.000188
-0.000073
0.000511
0.000925
0.001063
0.001714
0.002482
0.003154
0.003407
0.003447
0.003373
0.003484
0.003253
0.002336
0.001503
0.000952
0.000926
0.001335
0.001562
0.001643
0.002138
0.002227
0.001560
0.001169
0.000387
-0.000178
-0.000407
-0.000695
-0.000944
-0.001320
-0.001558
-0.001398
-0.001302
-0.000513
0.000904
0.001653
0.002425
0.002646
0.002295
0.001484
0.000595
-0.000260
-0.000632
-0.000479
-0.000336
-0.000904
-0.001637
-0.001723
-0.001507
-0.001522
-0.001498
-0.000335
0.000139
-0.000144
0.000920
0.001347
0.001200
0.001601
0.001465
0.001218
0.001150
0.001608
0.001953
0.001754
0.001774
0.001668
0.000900
-0.000353
-0.001917
-0.003206
-0.004096
-0.004355
-0.004365
-0.004316
-0.003989
-0.002522
-0.000783
-0.000120
0.001142
0.002392
0.002994
0.003302
0.003331
0.002751
0.001891
0.001676
0.000728
0.000351
0.000073
-0.000765
-0.001227
-0.001318
-0.001242
-0.000927
-0.000472
0.000211
0.001259
0.001658
0.002384
0.002769
0.002468
0.002301
0.002352
0.001718
0.001111
0.001253
0.001250
0.000749
-0.000281
-0.000268
-0.000263
-0.001269
-0.001745
-0.002063
-0.001875
-0.001450
-0.001088
-0.000637
-0.000148
-0.000113
0.000057
0.000916
0.001703
0.002336
0.002155
0.001340
0.001372
0.001388
0.001068
0.001005
0.000917
0.000305
0.000104
0.000550
0.000781
0.000329
0.000600
0.000775
0.000971
0.002172
0.002530
0.002417
0.002595
0.001844
0.001145
0.000641
0.000198
-0.000396
-0.000545
0.000266
0.000665
0.000202
-0.000199
0.000090
-0.000316
-0.000615
-0.001024
-0.001243
-0.000411
0.000318
0.000371
0.000965
0.001694
0.001487
0.001869
0.001506
0.001447
0.001810
0.001135
0.000177
-0.000476
-0.001373
-0.002109
-0.002398
-0.001802
-0.000538
-0.000016
0.000034
0.000178
0.000430
0.000186
-0.001030
-0.001271
-0.001700
-0.002708
-0.001469
-0.000477
-0.000900
-0.001004
-0.000524
-0.000515
-0.000046
0.000077
0.000267
0.000400
0.000222
0.000770
0.000877
0.001173
0.001442
0.001220
0.001461
0.001486
0.001726
0.002177
0.002443
0.002528
0.002951
0.003175
0.002974
0.002930
0.002580
0.002179
0.002256
0.001938
0.001451
0.000903
0.000645
0.000418
0.000926
0.000965
0.000654
0.000358
-0.000177
-0.000530
-0.001221
-0.001107
-0.000583
-0.000730
-0.001078
-0.001218
-0.001110
-0.000807
-0.000850
-0.000819
-0.000348
-0.000257
-0.000395
-0.000493
-0.000070
0.000246
-0.000471
-0.000944
-0.000167
-0.000327
-0.001142
-0.000977
-0.000938
-0.001126
-0.000502
0.000377
0.000371
0.000737
0.001223
0.001283
0.001112
0.001309
0.001311
0.000887
0.001085
0.000969
0.000757
0.000644
0.000442
0.000447
0.000575
0.001113
0.000871
0.000612
0.000985
0.000969
0.000648
0.000209
0.000251
0.000429
0.000117
-0.000011
0.000429
0.001425
0.002111
0.001784
0.002241
0.003067
0.002964
0.002932
0.002876
0.002974
0.002232
0.001122
0.000498
-0.000295
-0.001091
-0.001730
-0.001986
-0.002218
-0.001873
-0.000932
-0.000755
-0.000346
0.000800
0.001704
0.001992
0.002241
0.002464
0.002538
0.002696
0.002353
0.001587
0.000846
-0.000071
-0.000463
-0.000706
-0.000729
-0.000589
-0.000319
0.000747
0.001378
0.001297
0.000842
0.000437
-0.000148
-0.000565
-0.001011
-0.001863
-0.001485
-0.000887
-0.000857
-0.000405
-0.000619
-0.000893
-0.000833
-0.000985
-0.000363
-0.000336
-0.000066
0.000763
0.001082
0.001460
0.001753
0.002310
0.002066
0.001947
0.001969
0.001395
0.001213
0.000513
-0.000533
-0.000575
-0.001153
-0.001525
-0.000679
-0.000529
-0.000273
0.000616
0.000707
0.001030
0.001437
0.001316
0.001603
0.001894
0.002268
0.002060
0.001993
0.002137
0.001722
0.000806
-0.000744
-0.001400
-0.001636
-0.002411
-0.002468
-0.001562
-0.001250
-0.000780
0.000243
0.000660
0.001162
0.001315
0.001433
0.001208
0.000360
0.000377
-0.000030
-0.000653
-0.000671
-0.000274
0.000430
0.000673
0.001108
0.001977
0.001814
0.001735
0.002097
0.001457
0.001164
0.001363
0.000658
0.000177
0.000015
-0.000457
-0.000605
-0.000091
0.000484
-0.000042
-0.000229
-0.000352
-0.001137
-0.001208
-0.000810
-0.000341
0.000380
0.000157
0.000009
0.000453
0.000458
0.000028
-0.000415
0.000125
0.000239
0.000589
0.001091
0.001388
0.001532
0.001415
0.000816
0.000416
0.000585
0.000579
0.000551
0.000268
0.000282
0.000253
0.000179
0.000845
0.001799
0.001823
0.001460
0.001978
0.001791
0.000907
0.000292
-0.000427
-0.001214
-0.002066
-0.002602
-0.002546
-0.002175
-0.001632
-0.001393
-0.000793
-0.000575
-0.000651
-0.000184
-0.000771
-0.001256
-0.001315
-0.000508
0.000245
0.000492
0.000165
-0.000444
-0.000353
0.000122
0.000105
-0.000125
0.000441
0.000680
0.001072
0.001766
0.002091
0.002195
0.002317
0.002566
0.002652
0.003058
0.002256
0.001357
0.001041
0.000552
0.000651
0.001257
0.001533
0.001310
0.001200
0.001202
0.000728
-0.000014
-0.000225
-0.000144
0.000493
0.000961
0.000908
0.000683
0.000718
0.001310
0.001078
0.001222
0.000935
0.000754
0.000265
-0.000333
-0.000264
0.000228
0.000185
-0.000320
-0.000096
-0.000041
0.000597
0.000393
-0.000016
0.000348
0.000593
0.000302
-0.000179
-0.000666
-0.000793
-0.001033
-0.001109
-0.000749
-0.000648
-0.000944
-0.001741
-0.002355
-0.002476
-0.002182
-0.002154
-0.001933
-0.001804
-0.001455
-0.000545
0.000192
0.001262
0.001730
0.001546
0.001640
0.001698
0.001645
0.001877
0.002403
0.002211
0.002454
0.003434
0.003310
0.002847
0.002730
0.001980
0.001135
0.001219
0.000668
-0.000086
-0.000564
-0.001300
-0.001190
-0.001094
-0.001153
-0.001551
-0.001655
-0.001193
-0.000738
-0.000886
-0.001229
-0.001436
-0.001690
-0.001107
-0.000900
-0.000706
-0.000164
0.000173
0.000534
0.001518
0.001672
0.001189
0.000943
0.000957
0.001422
0.001589
0.000908
0.000383
0.000302
0.000204
0.000656
0.000475
0.000237
0.000845
0.001308
0.001149
0.000750
0.000717
0.000505
0.000204
0.000440
0.000187
-0.000904
-0.000958
-0.001393
-0.002197
-0.001621
-0.000763
-0.000574
-0.000270
0.000571
0.001368
0.002128
0.002698
0.002679
0.002072
0.001387
0.000618
-0.000351
-0.001138
-0.001524
-0.001946
-0.001320
-0.000413
-0.000266
0.000042
0.000116
-0.000613
-0.001630
-0.001824
-0.001956
-0.001560
-0.000855
0.000395
0.002206
0.002764
0.003035
0.003288
0.002565
0.000980
-0.000251
-0.001151
-0.001920
-0.001919
-0.001025
-0.000806
-0.000524
0.000689
0.001693
0.001723
0.001289
0.001072
0.000556
0.000003
-0.000479
-0.001179
-0.001340
-0.000918
-0.000669
-0.000543
-0.000154
0.000669
0.000685
0.000026
0.000581
0.001277
0.001043
0.001072
0.001202
0.000905
0.000109
-0.000551
-0.001293
-0.001670
-0.001619
-0.001957
-0.001651
-0.000679
-0.000238
-0.000599
-0.000117
0.001252
0.001679
0.001783
0.001979
0.002065
0.002014
0.001404
0.000765
0.000505
0.000326
0.000290
-0.000118
0.000773
0.001345
0.000839
0.000843
0.000743
0.000292
0.000027
-0.001347
-0.001827
-0.001031
-0.001217
-0.000634
0.000413
0.000810
0.001020
0.000409
0.000017
-0.000344
-0.001319
-0.001420
-0.001109
-0.000597
-0.000073
0.000281
0.000587
0.001146
0.001377
0.001148
0.001465
0.001006
0.000822
0.000580
-0.000119
0.000084
-0.000248
-0.001010
-0.000841
-0.000357
-0.000727
-0.000783
-0.000058
0.000600
0.001195
0.001195
0.001312
0.001416
0.001732
0.001963
0.002032
0.002080
0.001558
0.000743
-0.000306
-0.001534
-0.002108
-0.002634
-0.002161
-0.001750
-0.001646
-0.000829
0.000510
0.001100
0.000893
0.000596
0.000525
0.000102
-0.000437
-0.000537
-0.001186
-0.000792
-0.000319
-0.000700
-0.000230
0.000934
0.001381
0.001530
0.001380
0.001609
0.002140
0.001546
0.000617
0.000820
0.000058
-0.000625
-0.000420
-0.001110
-0.001418
-0.000918
-0.000970
-0.001151
-0.001108
-0.000733
-0.000571
-0.000140
0.000278
0.000022
0.000420
0.000497
0.001366
0.002008
0.001751
0.002087
0.002323
0.002285
0.002548
0.002983
0.002566
0.002305
0.002622
0.002321
0.002263
0.001648
0.000318
-0.000589
-0.000768
-0.001214
-0.001247
-0.000730
-0.000359
-0.000581
0.000339
0.001295
0.001120
0.001126
0.001186
0.000779
-0.000289
-0.001299
-0.001481
-0.002198
-0.002991
-0.003209
-0.003191
-0.003433
-0.003795
-0.003647
-0.002464
-0.001338
-0.000437
0.000225
0.000543
0.002061
0.003052
0.003049
0.003095
0.002842
0.003033
0.003387
0.002608
0.001733
0.001094
0.000297
0.000214
0.000508
0.000512
0.000566
0.001424
0.001994
0.001774
0.001057
0.001005
0.001473
0.001513
0.000713
0.000550
0.001443
0.002201
0.002314
0.001302
-0.000039
-0.000369
-0.000657
-0.000977
-0.001143
-0.001252
-0.001415
-0.001085
-0.000810
-0.000023
0.000315
0.000199
0.000426
0.000086
0.000462
0.000299
-0.000848
-0.001046
-0.001231
-0.001403
-0.000676
-0.000028
-0.000080
0.000427
0.000125
-0.000201
0.000443
0.000556
0.000609
0.001281
0.000915
0.000980
0.001432
0.001130
0.001239
0.001349
0.001518
0.001608
0.001418
0.001576
0.001826
0.001097
0.000535
0.000164
-0.000728
-0.000941
-0.000968
-0.000774
-0.000065
0.000043
-0.000221
0.000127
0.000445
-0.000210
-0.000100
0.000307
0.000100
0.000150
0.000554
0.000829
0.000799
0.000918
0.001204
0.001434
0.001361
0.001325
0.001806
0.002070
0.001159
0.000155
0.000274
0.000567
0.000615
0.000941
0.001300
0.001007
0.000472
-0.000468
-0.001767
-0.002630
-0.002720
-0.002776
-0.002920
-0.002380
-0.001859
-0.001114
-0.000143
0.001004
0.001549
0.001526
0.000994
0.000396
0.000076
0.000077
0.000707
0.001352
0.002200
0.002807
0.002965
0.002618
0.002353
0.002657
0.002807
0.003394
0.003849
0.003924
0.003723
0.003380
0.003301
0.002394
0.000863
-0.000087
-0.000251
0.000043
0.000719
0.001191
0.001313
0.000704
-0.000472
-0.001262
-0.001424
-0.001309
-0.001699
-0.001420
-0.000702
-0.000921
-0.001342
-0.001501
-0.002234
-0.002009
-0.001768
-0.002264
-0.001689
-0.001303
-0.001559
-0.001179
-0.000307
-0.000143
-0.000147
0.000236
0.000757
0.001316
0.001226
0.000969
0.001031
0.001120
0.001275
0.001529
0.001699
0.001590
0.001264
0.001180
0.001383
0.001498
0.001286
0.001276
0.001226
0.000974
0.001219
0.001227
0.001413
0.002198
0.002788
0.003203
0.003314
0.003309
0.002142
0.001305
0.001172
0.000103
-0.000333
0.000129
-0.000268
-0.000664
-0.000577
-0.000652
-0.001064
-0.001566
-0.001776
-0.002395
-0.003517
-0.003790
-0.003172
-0.002866
-0.002710
-0.002340
-0.001674
-0.001597
-0.001692
-0.002135
-0.002142
-0.002228
-0.002019
-0.001376
-0.001353
-0.000240
0.001179
0.001840
0.002167
0.002112
0.002411
0.002755
0.002288
0.002254
0.002423
0.002198
0.002201
0.002458
0.002104
0.002091
0.001696
0.001281
0.001254
0.001165
0.001015
0.000835
0.000550
0.000004
-0.000346
0.000131
0.000976
0.001575
0.002174
0.002743
0.002454
0.002307
0.001512
0.000635
0.000910
0.000910
0.001077
0.001277
0.001420
0.001161
0.000376
-0.000089
-0.000538
-0.000640
-0.000159
-0.000476
-0.000570
-0.000021
-0.000022
0.000063
0.000252
0.000341
-0.000180
-0.000269
-0.000748
-0.001576
-0.001754
-0.001411
-0.000642
-0.000074
0.000068
0.000622
0.000317
-0.000072
-0.000164
-0.000066
0.000364
0.000635
0.000892
0.000660
0.000219
0.000247
0.000055
-0.000504
-0.000372
-0.000208
0.000838
0.001491
0.001171
0.001267
0.001805
0.001322
0.000156
-0.000004
-0.000070
0.000295
0.000764
0.001133
0.001622
0.000807
0.000430
0.000795
0.000777
0.000842
0.001148
0.001441
0.001246
0.000721
0.000233
0.000266
0.000492
-0.000278
-0.000662
-0.000311
-0.000360
-0.000741
-0.000709
-0.000734
-0.001101
-0.001494
-0.001249
-0.000438
-0.000103
0.000725
0.001393
0.001507
0.001878
0.001483
0.001090
0.000764
-0.000327
-0.000781
-0.000878
-0.000963
-0.000207
0.001029
0.001301
0.001347
0.001219
0.001290
0.001466
0.001445
0.001803
0.001908
0.001383
0.001397
0.001206
0.000339
-0.000224
-0.000245
0.000051
0.000425
0.001240
0.002428
0.002247
0.001550
0.001233
-0.000106
-0.001171
-0.001432
-0.001810
-0.001933
-0.001529
-0.000712
-0.000035
0.000331
0.001039
0.002222
0.002834
0.002695
0.002028
0.001582
0.001279
0.000519
0.000031
0.000037
0.000004
-0.000407
-0.000241
-0.000131
-0.000290
0.000372
0.001001
0.000968
0.001173
0.001761
0.002061
0.001999
0.000995
-0.000027
-0.000742
-0.000983
-0.000799
-0.000179
0.000472
0.000960
0.001347
0.001319
0.000716
-0.000031
-0.000920
-0.001136
-0.000993
-0.000894
-0.000436
-0.000282
-0.000092
-0.000048
-0.000493
-0.000609
-0.000593
-0.000886
-0.000902
-0.000829
-0.000698
-0.000539
-0.000086
0.000215
0.000033
0.000444
0.000380
0.000602
0.000712
0.000279
0.000425
0.000472
0.000355
0.000612
0.000523
0.000641
0.001148
0.001010
0.000183
-0.001221
-0.001833
-0.001548
-0.001371
-0.001694
-0.002067
-0.001693
-0.000510
0.000289
0.000826
0.001261
0.001479
0.001745
0.001980
0.001589
0.000800
0.000340
0.000545
0.000401
0.000530
0.001350
0.001625
0.000812
0.000094
0.000074
-0.000131
-0.000060
-0.000158
0.000027
0.000415
0.001054
0.001928
0.002019
0.002179
0.002175
0.001738
0.000983
0.000850
0.000995
0.001509
0.002078
0.002083
0.001557
0.001222
0.000723
-0.000250
-0.000444
-0.000662
-0.000970
-0.000849
-0.000097
0.000484
0.000472
0.000430
0.001092
0.001800
0.002099
0.001851
0.001565
0.001087
0.000438
0.000244
0.000216
-0.000051
-0.000250
0.000274
0.000654
0.000447
-0.000045
-0.000441
-0.000475
-0.000038
0.000261
0.000124
-0.000028
-0.000007
0.000388
0.000709
0.000612
-0.000096
-0.001001
-0.001651
-0.002349
-0.002299
-0.001885
-0.001102
-0.000150
0.000570
0.001066
0.001376
0.001485
0.001851
0.002577
0.002125
0.001652
0.001649
0.001353
0.000387
-0.000478
-0.000432
-0.000564
-0.000737
0.000016
0.000994
0.001596
0.001808
0.001486
0.001150
0.000857
0.000853
0.000953
0.001326
0.001735
0.001478
0.000681
0.000268
-0.000595
-0.001366
-0.001797
-0.002757
-0.002705
-0.001838
-0.001264
-0.001653
-0.001278
-0.000987
-0.000737
0.000302
0.000761
0.000650
0.000935
0.001473
0.001591
0.000723
0.001000
0.001234
0.001063
0.001454
0.000773
0.000340
0.000442
-0.000215
-0.000653
-0.000847
-0.001689
-0.002112
-0.002004
-0.001474
-0.000604
-0.000485
0.000064
0.000734
0.000718
0.000499
0.000458
0.001013
0.001578
0.001504
0.001340
0.001884
0.001716
0.000793
0.000713
0.000650
0.000399
0.000234
-0.000583
-0.001144
-0.001868
-0.002693
-0.002320
-0.001447
-0.000988
-0.000418
0.000612
0.001444
0.001985
0.002192
0.002608
0.002540
0.001824
0.000959
0.000004
-0.000000
0.000209
0.000181
-0.000487
-0.000801
-0.000593
0.000010
0.000208
-0.000279
-0.000048
0.000214
0.000858
0.001843
0.002461
0.002348
0.002271
0.002076
0.001286
0.000437
-0.000090
0.000280
-0.000028
-0.000930
-0.000626
-0.000254
-0.000391
0.000631
0.001442
0.001598
0.001704
0.001510
0.001470
0.000493
-0.000920
-0.001341
-0.001539
-0.001548
-0.001206
-0.000472
0.000539
0.000718
-0.000115
-0.000074
0.000379
-0.000446
-0.000557
-0.000101
0.000264
0.000621
0.000456
0.000625
0.001083
0.001155
0.000617
0.000127
-0.000777
-0.001316
-0.000689
-0.000654
-0.000433
0.000370
0.000506
0.000569
0.000527
0.000254
0.000066
-0.000853
-0.001393
-0.001008
-0.000910
-0.001317
-0.001101
-0.001140
-0.000953
-0.000340
-0.000143
-0.000287
-0.000775
-0.000683
0.000264
0.000414
-0.000035
-0.000253
0.000001
0.000186
-0.000525
-0.001011
-0.000918
-0.000138
0.000251
0.000312
0.000835
0.001182
0.001271
0.000927
0.001279
0.001763
0.001562
0.001536
0.001573
0.001162
0.001184
0.001398
0.001078
0.001137
0.000789
0.000624
0.000611
0.000329
0.000613
0.000531
0.000918
0.000951
0.000799
0.000998
0.000270
-0.000697
-0.000938
-0.000508
-0.000360
0.000223
0.000625
0.000869
0.000813
0.000369
0.001172
0.002014
0.001821
0.001737
0.002137
0.002269
0.001851
0.001557
0.001508
0.001546
0.001766
0.001619
0.000703
0.000481
0.000200
-0.000253
0.000038
0.000757
0.001467
0.000974
0.000501
0.000608
0.000377
0.000187
0.000629
0.001152
0.001203
0.001002
0.000702
0.000562
0.000710
0.000200
-0.000280
-0.001067
-0.002367
-0.002708
-0.002470
-0.002200
-0.001945
-0.001868
-0.002286
-0.002547
-0.002753
-0.002025
-0.000698
0.000400
0.001531
0.002160
0.001964
0.001760
0.001436
0.000550
0.000113
0.000403
-0.000137
-0.000648
-0.000292
0.000152
-0.000118
0.000508
0.001498
0.001336
0.001139
0.000822
0.000542
0.000318
0.000138
0.000198
0.000868
0.001801
0.002481
0.003161
0.003305
0.003441
0.002868
0.002091
0.002083
0.001400
0.000690
-0.000027
-0.000364
-0.000434
-0.000446
0.000484
0.001150
0.001218
0.001753
0.001714
0.001613
0.002034
0.002291
0.001781
0.000639
-0.000041
-0.000150
-0.000610
-0.000974
-0.001278
-0.000782
0.000065
0.000227
0.000616
0.000871
0.001030
0.000540
-0.000033
-0.000095
-0.000274
0.000466
0.000921
0.000450
0.000034
0.000313
0.000378
0.000344
0.000298
0.000074
0.000321
0.000201
-0.000176
-0.000290
-0.000809
-0.000784
-0.000365
-0.000079
0.000323
0.000534
0.000648
0.000310
0.000385
0.000358
0.000253
-0.000152
-0.000338
-0.000292
-0.000575
-0.000051
0.000316
-0.000096
-0.000640
-0.000489
-0.000010
0.000424
0.000432
0.000302
0.000210
-0.000428
-0.000397
-0.000230
-0.000608
-0.000559
-0.000198
0.000412
0.000410
0.000492
0.000501
0.000632
0.001318
0.001594
0.001722
0.002170
0.002184
0.001313
0.000642
0.000366
-0.000337
-0.001309
-0.001061
-0.000541
0.000447
0.001437
0.001059
0.001164
0.001891
0.001970
0.001520
0.001331
0.001376
0.000915
0.000589
0.000774
0.000759
0.000405
0.000319
0.000652
0.001277
0.002112
0.002399
0.002697
0.002667
0.001929
0.001590
0.001404
0.000818
0.000292
0.000003
-0.000994
-0.001253
-0.000971
-0.001730
-0.001511
-0.000434
-0.000276
0.000134
0.000489
0.000283
0.000107
-0.000152
-0.000615
-0.000444
0.000198
0.000440
0.000208
-0.000414
-0.000664
-0.000025
0.000098
-0.000164
0.000161
-0.000359
-0.000929
-0.000770
-0.000826
-0.000547
-0.000242
-0.000109
-0.000051
0.000017
-0.000092
-0.000279
-0.000045
0.000636
0.000475
-0.000242
-0.000389
-0.000226
0.000123
-0.000229
-0.000112
0.000775
0.000626
0.000409
0.000619
0.000991
0.000958
0.000525
0.000303
0.000236
0.000381
-0.000061
-0.000213
0.000128
-0.000061
-0.000914
-0.000827
-0.000231
-0.000407
-0.000166
0.000481
0.000805
0.000883
0.001303
0.001555
0.001504
0.001448
0.001235
0.001264
0.000712
0.000777
0.001276
0.001203
0.000560
0.000093
0.000153
0.000219
0.000322
0.000575
0.000512
0.000764
0.000863
0.000040
-0.000221
0.000379
0.001186
0.001576
0.001301
0.001138
0.001018
0.000556
0.000009
-0.000091
0.000468
0.000702
-0.000051
-0.000847
-0.000671
-0.000133
0.000061
-0.000029
0.000887
0.001655
0.001343
0.000981
0.000731
0.000351
0.000085
0.000202
-0.000144
0.000419
0.000666
-0.000415
-0.000468
-0.000629
-0.000699
-0.000754
-0.001043
-0.001574
-0.001442
-0.001081
-0.000936
-0.000807
-0.001228
-0.002255
-0.001800
-0.001156
-0.000717
0.000376
0.000453
0.000239
0.000695
0.000596
0.000450
0.000541
0.000522
0.000337
0.000275
0.000036
0.000006
0.000109
-0.000116
-0.000229
0.000594
0.001093
0.001038
0.001574
0.001550
0.000995
0.001024
0.001087
0.000330
-0.000053
-0.000139
-0.000590
-0.000291
-0.000046
0.000125
0.000183
0.000288
0.000849
0.000947
0.000328
0.000203
0.000378
0.000708
0.001140
0.001067
0.001420
0.001920
0.001255
0.000908
0.000701
0.000494
0.000140
-0.000123
0.000044
0.000229
0.000202
0.000608
0.000748
-0.000096
-0.000219
0.000185
0.000487
0.000673
0.000624
0.000643
0.000706
0.000574
0.000247
-0.000065
-0.000050
0.000528
0.001096
0.000872
0.000957
0.000774
-0.000085
-0.000137
0.000252
0.000826
0.000266
-0.000518
-0.000749
-0.000583
-0.000976
-0.001840
-0.001386
-0.001335
-0.001417
-0.001436
-0.001600
-0.001802
-0.001186
-0.000110
0.000414
0.000551
0.000601
0.000890
0.001264
0.001054
0.000466
0.000135
-0.000087
-0.000006
-0.000266
-0.000672
-0.000399
-0.000165
0.000038
0.000511
0.001325
0.001215
0.000524
-0.000003
0.000006
0.000682
0.001660
0.001666
0.000714
0.000418
0.000544
0.000928
0.000352
-0.000314
-0.000029
-0.000164
-0.000324
-0.000196
-0.000357
-0.000178
-0.000304
-0.000794
-0.000453
0.000346
0.000243
-0.000284
-0.000925
-0.000881
-0.000875
-0.001560
-0.001762
-0.001673
-0.001078
-0.000471
0.000594
0.000928
0.000791
0.000760
0.000651
0.000659
0.000255
0.000129
-0.000055
-0.000249
-0.000155
-0.000234
0.000240
0.000076
-0.000734
-0.000768
-0.000986
-0.000577
0.000026
0.000161
0.000727
0.000533
0.000195
0.000494
0.000317
0.000237
0.000214
0.000234
0.000587
0.001249
0.001525
0.002070
0.002134
0.001558
0.001775
0.001562
0.001437
0.001534
0.001013
0.000284
-0.000666
-0.001231
-0.000822
-0.001280
-0.001667
-0.001236
-0.001118
-0.000736
-0.000228
0.000295
0.000675
0.000993
0.001333
0.001304
0.001306
0.000431
-0.000153
0.000213
-0.000701
-0.001275
-0.001388
-0.001995
-0.002375
-0.002287
-0.001797
-0.001515
-0.000442
0.000490
0.000722
0.001065
0.001494
0.001493
0.001453
0.001508
0.001178
0.000259
-0.000377
-0.000866
-0.000747
-0.000532
-0.001173
-0.001083
-0.000537
0.000201
0.000787
0.000735
0.000499
0.000864
0.000739
0.000685
0.000354
0.000035
0.000402
0.000474
0.000653
0.000883
0.000528
0.000092
0.000178
0.000154
-0.000260
-0.000442
-0.000290
-0.000717
-0.001011
-0.000674
-0.000937
-0.001024
-0.000373
0.000251
0.000777
0.000568
0.000418
0.000638
-0.000080
-0.000905
-0.001212
-0.001641
-0.001572
-0.000647
0.000028
0.000062
0.000265
0.000901
0.000594
0.000132
0.000079
0.000448
0.001014
0.000735
0.001104
0.001216
0.000451
0.000232
0.000315
0.000081
-0.000278
0.000951
0.001500
0.000680
0.000481
0.000585
0.000328
0.000153
0.000595
0.000747
0.000321
-0.000079
-0.000646
-0.000426
0.000374
0.000171
0.000001
0.000575
0.000649
0.000601
0.000584
0.000709
0.000845
0.000416
0.000190
-0.000725
-0.001009
-0.000730
-0.000404
-0.000312
-0.000771
-0.000520
-0.000504
-0.000638
-0.000154
0.000488
0.000601
0.000477
0.000048
-0.000333
-0.000281
-0.001027
-0.001291
-0.001139
-0.000750
-0.000204
-0.000375
-0.000332
-0.000334
-0.000139
0.000227
-0.000086
0.000024
0.000216
-0.000011
0.000279
0.000998
0.001727
0.002292
0.002084
0.001413
0.000975
0.001260
0.001205
0.000481
0.000266
0.000219
0.000577
0.001083
0.000900
0.000505
0.000725
0.000544
0.000423
0.000513
0.000919
0.000959
0.000371
0.000635
0.000736
0.000173
0.000081
-0.000024
-0.000342
-0.000417
-0.000439
-0.000779
-0.000671
-0.000653
-0.000618
-0.000093
0.000227
0.000038
-0.000021
0.000166
0.000433
0.000173
0.000233
-0.000133
-0.000699
-0.000993
-0.001473
-0.001360
-0.000963
-0.001222
-0.001514
-0.000835
-0.000384
-0.000955
-0.000991
-0.000529
-0.000234
0.000288
0.000343
-0.000031
0.000100
0.000189
0.000313
0.000847
0.000617
0.000976
0.001416
0.001087
0.001105
0.000769
0.000522
0.001169
0.001371
0.001158
0.001120
0.000924
0.000593
0.000406
0.000162
-0.000119
0.000203
0.000443
0.000237
0.000457
0.000351
0.000305
0.000484
0.000632
0.000810
0.000530
0.000197
-0.000321
-0.000234
-0.000168
-0.000403
0.000281
0.000477
-0.000079
0.000019
0.000453
0.000661
0.001019
0.001287
0.000983
0.001204
0.001474
0.000871
0.000310
0.000028
0.000225
0.000106
0.000136
-0.000085
-0.000793
-0.000793
-0.001022
-0.000884
-0.000397
0.000278
0.001552
0.001685
0.001615
0.002230
0.001747
0.001158
0.000659
0.000198
0.000272
-0.000385
-0.000551
-0.000462
-0.000434
0.000164
0.000381
-0.000131
-0.000338
0.000127
0.000337
-0.000390
-0.000936
-0.000815
-0.000468
0.000202
0.000493
0.000848
0.000555
0.000130
0.000018
-0.000090
0.000024
0.000104
0.001114
0.001292
0.001123
0.001599
0.001901
0.001170
0.000861
0.001237
0.001128
0.001086
0.000953
0.000228
0.000070
0.000194
0.000058
0.000545
0.000823
0.000589
0.000087
-0.000114
