# STATIONID: 250
# STARTTIME: 1123778191.080000
# SAMPLERATE: 100
# NUMSAMPLES: 8267
0.000446
0.000816
0.000828
0.000809
0.000802
0.000843
0.000751
0.000745
0.000792
0.000679
0.000526
0.000529
0.000713
0.000760
0.000588
0.000454
0.000180
-0.000196
-0.000436
-0.000529
-0.000528
-0.000555
-0.000565
-0.000583
-0.000519
-0.000535
-0.000790
-0.000903
-0.000934
-0.001121
-0.001130
-0.001102
-0.001168
-0.001252
-0.001268
-0.001009
-0.000915
-0.000713
-0.000542
-0.000495
-0.000517
-0.000658
-0.000720
-0.000623
-0.000517
-0.000592
-0.000789
-0.000879
-0.000880
-0.000701
-0.000324
-0.000062
0.000054
0.000185
0.000410
0.000432
0.000226
0.000284
0.000252
0.000084
0.000201
0.000500
0.000655
0.000810
0.000969
0.001141
0.001316
0.001298
0.001327
0.001279
0.001404
0.001682
0.001931
0.001979
0.002053
0.002187
0.002321
0.002405
0.002326
0.002200
0.001998
0.001813
0.001384
0.001059
0.001011
0.000926
0.001020
0.001025
0.000936
0.000907
0.000806
0.000816
0.000612
0.000388
0.000268
0.000123
0.000128
-0.000178
-0.000542
-0.000806
-0.001066
-0.001392
-0.001759
-0.002089
-0.002416
-0.002519
-0.002594
-0.003022
-0.003309
-0.003290
-0.003011
-0.002469
-0.002143
-0.001847
-0.001374
-0.000906
-0.000604
-0.000416
-0.000186
0.000125
0.000395
0.000722
0.001228
0.001547
0.001740
0.002071
0.002290
0.002638
0.002934
0.002926
0.003006
0.002971
0.002588
0.002348
0.002390
0.002344
0.002074
0.002012
0.001937
0.001616
0.001354
0.001323
0.001289
0.001321
0.000940
0.000483
0.000519
0.000417
0.000068
-0.000150
-0.000407
-0.000767
-0.000944
-0.001069
-0.001123
-0.001406
-0.002034
-0.002391
-0.002393
-0.002400
-0.002481
-0.002335
-0.002139
-0.001938
-0.001722
-0.001546
-0.001316
-0.001282
-0.001157
-0.000967
-0.000966
-0.000978
-0.000965
-0.000877
-0.000741
-0.000668
-0.000628
-0.000705
-0.000929
-0.001169
-0.001494
-0.001769
-0.001658
-0.001506
-0.001407
-0.001070
-0.000735
-0.000598
-0.000443
-0.000151
-0.000008
-0.000015
0.000103
0.000503
0.000965
0.001408
0.001683
0.001735
0.002022
0.002420
0.002461
0.002563
0.002703
0.002736
0.002677
0.002414
0.002284
0.002397
0.002334
0.002272
0.002236
0.002066
0.001945
0.001908
0.001847
0.001516
0.001123
0.000961
0.000922
0.000743
0.000485
0.000407
0.000375
0.000429
0.000639
0.000707
0.000460
-0.000101
-0.000312
-0.000460
-0.000723
-0.000692
-0.000690
-0.000790
-0.000889
-0.001045
-0.000910
-0.000537
-0.000424
-0.000110
0.000070
0.000007
0.000147
0.000289
0.000185
0.000095
0.000005
-0.000193
-0.000164
-0.000166
-0.000316
-0.000466
-0.000416
-0.000089
0.000060
-0.000008
0.000081
0.000292
0.000199
0.000184
0.000138
-0.000009
-0.000163
-0.000422
-0.000685
-0.000959
-0.001097
-0.001318
-0.001426
-0.001210
-0.001102
-0.001055
-0.000983
-0.001134
-0.001299
-0.001347
-0.001423
-0.001427
-0.001294
-0.001248
-0.001125
-0.000955
-0.000880
-0.000897
-0.001036
-0.001243
-0.001452
-0.001481
-0.001437
-0.001430
-0.001396
-0.001275
-0.001127
-0.001059
-0.000583
-0.000148
0.000282
0.000733
0.001104
0.001450
0.001655
0.002186
0.002439
0.002386
0.002505
0.002728
0.003074
0.003257
0.003450
0.003490
0.003554
0.003706
0.003738
0.003621
0.003378
0.003229
0.002776
0.002445
0.002375
0.002339
0.002223
0.002120
0.002114
0.001928
0.001638
0.001224
0.001082
0.001093
0.000969
0.000849
0.000337
-0.000270
-0.000752
-0.001147
-0.001516
-0.001986
-0.002174
-0.002465
-0.002690
-0.002780
-0.003079
-0.003162
-0.003083
-0.002915
-0.002752
-0.002700
-0.002379
-0.002038
-0.001893
-0.001807
-0.001779
-0.001629
-0.001295
-0.001175
-0.001539
-0.001654
-0.001562
-0.001717
-0.001639
-0.001351
-0.001548
-0.001824
-0.001817
-0.001697
-0.001208
-0.001109
-0.001312
-0.001073
-0.000827
-0.000554
-0.000027
0.000542
0.001189
0.001688
0.002162
0.002686
0.002894
0.002943
0.003073
0.003215
0.003043
0.003216
0.003379
0.003214
0.003042
0.002982
0.002748
0.002553
0.002554
0.002297
0.001902
0.001965
0.002172
0.002042
0.002000
0.002000
0.001685
0.001312
0.000982
0.000809
0.000596
0.000103
-0.000337
-0.000802
-0.001232
-0.001417
-0.001629
-0.001821
-0.001733
-0.001599
-0.001536
-0.001619
-0.001511
-0.001272
-0.001069
-0.001235
-0.001463
-0.001583
-0.001709
-0.001544
-0.001359
-0.001382
-0.001332
-0.001204
-0.001052
-0.000876
-0.000692
-0.000496
-0.000397
-0.000317
-0.000166
0.000352
0.000509
0.000478
0.000688
0.000895
0.001218
0.001521
0.001695
0.001747
0.001867
0.002157
0.002195
0.002093
0.001995
0.001994
0.002202
0.002132
0.002019
0.001961
0.002051
0.002133
0.002039
0.001933
0.001789
0.001715
0.001668
0.001596
0.001474
0.001276
0.000907
0.000592
0.000341
0.000005
-0.000409
-0.000584
-0.000757
-0.001045
-0.001394
-0.001667
-0.001800
-0.001887
-0.001908
-0.001938
-0.001786
-0.001850
-0.002054
-0.002019
-0.002022
-0.002164
-0.002424
-0.002643
-0.002545
-0.002312
-0.002204
-0.002222
-0.002170
-0.002189
-0.002214
-0.002407
-0.002558
-0.002473
-0.002308
-0.002073
-0.001718
-0.001587
-0.001275
-0.000844
-0.000612
-0.000243
0.000013
0.000143
0.000104
0.000133
0.000267
0.000571
0.001011
0.001236
0.001587
0.002079
0.002431
0.002753
0.003170
0.003610
0.003696
0.003812
0.004144
0.004296
0.004293
0.004052
0.003916
0.003890
0.003654
0.003464
0.003213
0.002773
0.002484
0.002084
0.001759
0.001601
0.001409
0.001253
0.001139
0.000885
0.000478
0.000116
-0.000164
-0.000418
-0.000839
-0.000967
-0.001123
-0.001455
-0.001597
-0.001813
-0.001823
-0.001447
-0.001039
-0.001021
-0.001131
-0.001171
-0.001168
-0.000963
-0.000699
-0.000737
-0.000770
-0.000822
-0.001127
-0.001249
-0.001309
-0.001446
-0.001782
-0.001994
-0.001944
-0.001795
-0.001630
-0.001478
-0.001177
-0.000751
-0.000442
-0.000145
-0.000094
0.000046
0.000255
0.000227
0.000117
0.000110
0.000185
-0.000072
-0.000137
-0.000230
-0.000543
-0.000515
-0.000499
-0.000721
-0.000564
-0.000257
-0.000284
-0.000144
-0.000237
-0.000278
0.000034
0.000088
0.000183
0.000441
0.000573
0.000797
0.000898
0.000857
0.000891
0.000790
0.000772
0.000896
0.000866
0.000927
0.001014
0.001120
0.001183
0.001323
0.001485
0.001510
0.001625
0.001719
0.001738
0.001808
0.001799
0.001722
0.001589
0.001407
0.000995
0.000549
0.000327
0.000293
0.000143
-0.000152
-0.000525
-0.000815
-0.000955
-0.000822
-0.000689
-0.000644
-0.000319
0.000017
0.000088
-0.000028
-0.000201
-0.000380
-0.000446
-0.000289
-0.000237
-0.000281
-0.000191
-0.000140
-0.000229
-0.000314
-0.000290
-0.000288
-0.000169
-0.000321
-0.000418
-0.000266
0.000026
0.000142
0.000205
0.000380
0.000369
0.000357
0.000294
0.000197
0.000133
0.000117
0.000249
0.000187
0.000059
-0.000056
-0.000256
-0.000201
0.000176
0.000382
0.000624
0.000978
0.001316
0.001535
0.001618
0.001882
0.001829
0.001448
0.001225
0.001038
0.000754
0.000509
0.000358
0.000207
0.000167
0.000303
0.000380
0.000140
-0.000103
-0.000214
-0.000385
-0.000446
-0.000381
-0.000350
-0.000293
-0.000104
0.000132
0.000264
0.000199
0.000147
0.000069
0.000039
-0.000005
-0.000065
-0.000197
-0.000424
-0.000653
-0.000782
-0.000996
-0.001195
-0.001298
-0.001444
-0.001511
-0.001709
-0.001793
-0.001707
-0.001824
-0.002014
-0.002052
-0.001971
-0.001912
-0.001673
-0.001432
-0.001102
-0.000542
-0.000148
0.000035
0.000129
0.000192
0.000301
0.000455
0.000436
0.000341
0.000474
0.000787
0.000917
0.000925
0.000740
0.000553
0.000569
0.000619
0.000511
0.000645
0.000967
0.001115
0.001203
0.001162
0.001223
0.001345
0.001273
0.001345
0.001451
0.001534
0.001917
0.002349
0.002526
0.002588
0.002541
0.002539
0.002508
0.002346
0.002221
0.002369
0.002406
0.002383
0.002150
0.001877
0.001707
0.001339
0.001047
0.000834
0.000775
0.000537
0.000219
-0.000181
-0.000332
-0.000477
-0.000796
-0.001000
-0.001120
-0.001204
-0.001345
-0.001320
-0.001351
-0.001386
-0.001326
-0.001326
-0.001354
-0.001387
-0.001414
-0.001524
-0.001656
-0.001656
-0.001679
-0.001702
-0.001521
-0.001495
-0.001751
-0.001853
-0.002036
-0.001949
-0.001550
-0.001311
-0.000818
-0.000213
0.000203
0.000394
0.000404
0.000267
0.000201
0.000122
-0.000080
-0.000347
-0.000624
-0.000702
-0.000655
-0.000469
-0.000481
-0.000724
-0.000752
-0.000853
-0.000991
-0.001060
-0.000921
-0.000663
-0.000588
-0.000587
-0.000590
-0.000381
-0.000262
-0.000340
-0.000367
-0.000084
0.000015
-0.000124
0.000032
0.000282
0.000330
0.000486
0.000422
0.000065
-0.000004
0.000086
0.000252
0.000645
0.000900
0.001164
0.001475
0.001491
0.001584
0.001754
0.001739
0.001748
0.001750
0.001830
0.002124
0.002259
0.002228
0.002212
0.002426
0.002538
0.002429
0.002369
0.002138
0.001848
0.002001
0.002168
0.001843
0.001947
0.002134
0.002055
0.001843
0.001616
0.001468
0.001311
0.001126
0.000680
0.000288
0.000281
0.000327
0.000215
0.000258
0.000370
0.000290
0.000065
-0.000023
0.000005
-0.000165
-0.000299
-0.000504
-0.000838
-0.001081
-0.001198
-0.001354
-0.001450
-0.001422
-0.001594
-0.001813
-0.001789
-0.001712
-0.001656
-0.001691
-0.002010
-0.002497
-0.002703
-0.002598
-0.002493
-0.002365
-0.002263
-0.001947
-0.001642
-0.001235
-0.000782
-0.000663
-0.000546
-0.000529
-0.000430
-0.000193
0.000000
0.000045
0.000070
0.000046
0.000199
0.000472
0.000813
0.001141
0.001339
0.001627
0.001726
0.001745
0.001784
0.001731
0.001703
0.001507
0.001270
0.001035
0.000931
0.000867
0.000761
0.000603
0.000378
0.000480
0.000437
-0.000009
-0.000563
-0.000930
-0.001297
-0.001541
-0.001514
-0.001365
-0.000941
-0.000656
-0.000571
-0.000637
-0.000622
-0.000571
-0.000575
-0.000608
-0.000620
-0.000593
-0.000514
-0.000453
-0.000399
-0.000478
-0.000684
-0.000809
-0.000690
-0.000659
-0.000546
-0.000248
0.000053
0.000170
0.000474
0.000969
0.001337
0.001882
0.002162
0.002207
0.002396
0.002445
0.002372
0.002298
0.002219
0.002098
0.002140
0.002099
0.001990
0.001836
0.001721
0.001855
0.002244
0.002585
0.002718
0.003006
0.003268
0.003023
0.002812
0.002472
0.001990
0.001657
0.001299
0.001217
0.000824
0.000189
-0.000327
-0.000677
-0.000963
-0.001392
-0.001927
-0.002196
-0.002373
-0.002798
-0.003098
-0.002958
-0.002921
-0.003033
-0.002943
-0.002833
-0.002836
-0.002875
-0.003015
-0.003138
-0.003099
-0.003097
-0.003147
-0.003160
-0.003277
-0.003347
-0.003104
-0.002590
-0.002251
-0.001879
-0.001292
-0.000988
-0.000777
-0.000345
0.000063
0.000399
0.000745
0.001083
0.001245
0.001413
0.001809
0.002173
0.002294
0.002417
0.002600
0.002656
0.002630
0.002656
0.002642
0.002658
0.002796
0.002876
0.002835
0.002559
0.002373
0.002334
0.002422
0.002341
0.002078
0.001931
0.001835
0.001658
0.001466
0.001462
0.001376
0.001238
0.001301
0.001427
0.001539
0.001425
0.001254
0.001162
0.000864
0.000669
0.000465
0.000313
0.000338
0.000289
0.000268
0.000072
-0.000001
0.000103
0.000020
-0.000050
-0.000291
-0.000437
-0.000436
-0.000708
-0.000923
-0.001051
-0.001127
-0.001270
-0.001302
-0.001546
-0.001938
-0.002033
-0.002241
-0.002158
-0.001916
-0.001936
-0.002036
-0.002060
-0.002020
-0.001948
-0.002056
-0.001951
-0.001686
-0.001637
-0.001603
-0.001319
-0.000967
-0.001003
-0.001060
-0.001133
-0.001266
-0.000962
-0.000492
-0.000258
-0.000050
-0.000183
-0.000370
-0.000489
-0.000668
-0.000609
-0.000485
-0.000287
0.000149
0.000448
0.000711
0.000999
0.001130
0.001261
0.001242
0.000989
0.000670
0.000439
0.000429
0.000498
0.000643
0.000632
0.000695
0.000993
0.001017
0.000989
0.001148
0.001290
0.001371
0.001536
0.001561
0.001451
0.001478
0.001455
0.001458
0.001341
0.001095
0.000856
0.000644
0.000460
0.000421
0.000210
-0.000047
0.000120
0.000227
0.000068
-0.000022
0.000032
0.000230
0.000426
0.000713
0.000850
0.000991
0.001149
0.001235
0.001091
0.001045
0.000915
0.000619
0.000386
0.000154
0.000096
0.000118
-0.000011
-0.000229
-0.000405
-0.000216
0.000092
0.000032
-0.000068
-0.000255
-0.000331
-0.000236
0.000018
0.000048
0.000153
0.000489
0.000537
0.000512
0.000400
0.000260
0.000276
0.000307
0.000294
0.000125
0.000092
0.000020
-0.000019
0.000092
-0.000171
-0.000427
-0.000539
-0.000726
-0.000737
-0.000539
-0.000367
-0.000177
-0.000212
-0.000376
-0.000272
-0.000156
-0.000383
-0.000432
-0.000236
-0.000074
0.000044
-0.000027
0.000071
0.000215
-0.000078
-0.000151
-0.000142
-0.000461
-0.000540
-0.000406
-0.000432
-0.000462
-0.000429
-0.000360
-0.000367
-0.000383
-0.000469
-0.000670
-0.000575
-0.000575
-0.000500
-0.000494
-0.000772
-0.000799
-0.000703
-0.000772
-0.000966
-0.000990
-0.000833
-0.000602
-0.000315
-0.000124
0.000007
-0.000201
-0.000452
-0.000583
-0.000718
-0.000802
-0.000886
-0.000749
-0.000569
-0.000295
0.000037
0.000404
0.000740
0.000905
0.001198
0.001453
0.001567
0.001761
0.002023
0.002068
0.001989
0.001926
0.001911
0.001697
0.001520
0.001178
0.000871
0.000647
0.000496
0.000508
0.000425
0.000264
0.000360
0.000543
0.000395
0.000047
-0.000102
0.000107
0.000241
0.000254
0.000239
0.000245
0.000094
-0.000008
-0.000011
-0.000224
-0.000442
-0.000401
-0.000430
-0.000552
-0.000493
-0.000254
0.000059
0.000308
0.000510
0.000646
0.000695
0.000797
0.000862
0.000586
0.000475
0.000381
0.000317
0.000179
-0.000178
-0.000423
-0.000381
-0.000288
-0.000374
-0.000384
-0.000334
-0.000118
0.000206
0.000491
0.000737
0.000838
0.001200
0.001419
0.001524
0.001832
0.002056
0.002116
0.002315
0.002563
0.002467
0.002102
0.002017
0.001741
0.001149
0.000937
0.000909
0.000988
0.000814
0.000426
0.000101
-0.000100
-0.000506
-0.000917
-0.001082
-0.001253
-0.001482
-0.001730
-0.001900
-0.002146
-0.002545
-0.002734
-0.002908
-0.003089
-0.003022
-0.003148
-0.003246
-0.003216
-0.003109
-0.003186
-0.003320
-0.003169
-0.002725
-0.002264
-0.001797
-0.001434
-0.001185
-0.000930
-0.000711
-0.000315
-0.000043
0.000191
0.000330
0.000480
0.000768
0.000861
0.001075
0.001489
0.001620
0.001686
0.001765
0.001903
0.002198
0.002284
0.002312
0.002396
0.002279
0.002027
0.001981
0.001977
0.001951
0.002085
0.002342
0.002367
0.002428
0.002684
0.002787
0.002799
0.002685
0.002496
0.002377
0.002131
0.001987
0.001802
0.001287
0.000815
0.000626
0.000382
0.000118
-0.000108
-0.000239
-0.000353
-0.000729
-0.000993
-0.001248
-0.001221
-0.000931
-0.000822
-0.000943
-0.001185
-0.001384
-0.001899
-0.002523
-0.002892
-0.003095
-0.003370
-0.003443
-0.003416
-0.003338
-0.003303
-0.003526
-0.003541
-0.003184
-0.002848
-0.002643
-0.002183
-0.001517
-0.000925
-0.000372
0.000022
0.000522
0.000941
0.001066
0.001346
0.001766
0.002363
0.002984
0.003604
0.004007
0.004084
0.004371
0.004762
0.004833
0.004698
0.004675
0.004725
0.004562
0.004468
0.004326
0.003883
0.003388
0.002896
0.002415
0.001958
0.001449
0.001031
0.000697
0.000332
0.000129
0.000020
-0.000201
-0.000246
-0.000280
-0.000582
-0.000864
-0.001258
-0.001674
-0.001769
-0.001907
-0.002105
-0.002408
-0.002622
-0.002684
-0.002930
-0.003278
-0.003590
-0.003986
-0.004047
-0.004505
-0.004881
-0.004693
-0.004368
-0.004149
-0.003963
-0.003702
-0.003326
-0.002810
-0.002441
-0.002035
-0.001695
-0.001493
-0.001069
-0.000379
0.000168
0.000561
0.001256
0.001972
0.002338
0.002525
0.002655
0.002858
0.003243
0.003704
0.004201
0.004651
0.004942
0.005111
0.005225
0.005309
0.005086
0.004925
0.004974
0.005026
0.005051
0.005026
0.004772
0.004382
0.004051
0.003537
0.003023
0.002621
0.002261
0.001713
0.001074
0.000555
0.000005
-0.000545
-0.000850
-0.001206
-0.001584
-0.001973
-0.002394
-0.002488
-0.002706
-0.003284
-0.003782
-0.004028
-0.004589
-0.005045
-0.005246
-0.005435
-0.005340
-0.005126
-0.004746
-0.004334
-0.003991
-0.003738
-0.003374
-0.002840
-0.002318
-0.001719
-0.001308
-0.001009
-0.000908
-0.000723
-0.000271
0.000148
0.000469
0.000734
0.000927
0.001149
0.001505
0.001785
0.002070
0.002573
0.002780
0.002871
0.003019
0.002982
0.003266
0.003509
0.003362
0.003176
0.003066
0.002861
0.002527
0.002242
0.001999
0.001733
0.001405
0.001196
0.001270
0.001002
0.000380
0.000116
0.000136
0.000017
-0.000091
-0.000156
-0.000311
-0.000367
-0.000367
-0.000391
-0.000606
-0.000862
-0.000928
-0.000863
-0.000672
-0.000465
-0.000489
-0.000595
-0.000529
-0.000492
-0.000563
-0.000570
-0.000352
-0.000351
-0.000571
-0.000392
-0.000027
0.000193
0.000375
0.000592
0.000795
0.000941
0.001028
0.000998
0.000783
0.000680
0.000691
0.000655
0.000383
0.000025
-0.000082
0.000007
0.000336
0.000417
0.000265
-0.000041
-0.000615
-0.001055
-0.001033
-0.000892
-0.000745
-0.000689
-0.000871
-0.001200
-0.001256
-0.001135
-0.001038
-0.000840
-0.000637
-0.000544
-0.000376
-0.000086
0.000251
0.000454
0.000475
0.000483
0.000463
0.000581
0.000626
0.000390
0.000217
0.000258
0.000592
0.000774
0.000873
0.000979
0.000621
0.000081
0.000013
0.000167
0.000162
0.000157
0.000238
0.000349
0.000668
0.000954
0.001166
0.001151
0.001077
0.001134
0.001078
0.001072
0.001083
0.000945
0.000733
0.000735
0.000855
0.000777
0.000867
0.000957
0.000907
0.000962
0.000912
0.000590
0.000301
0.000229
0.000219
0.000101
-0.000091
-0.000145
-0.000280
-0.000511
-0.000643
-0.000710
-0.000981
-0.001114
-0.000950
-0.001011
-0.001303
-0.001624
-0.001910
-0.002389
-0.002942
-0.003429
-0.003576
-0.003246
-0.003037
-0.003025
-0.002949
-0.002758
-0.002703
-0.002816
-0.002515
-0.002089
-0.001822
-0.001355
-0.000817
-0.000360
0.000090
0.000503
0.000719
0.000723
0.001061
0.001586
0.002394
0.003021
0.003574
0.003711
0.003634
0.003308
0.002992
0.002932
0.002885
0.003074
0.003413
0.004007
0.004290
0.004322
0.004382
0.004304
0.004044
0.003615
0.003272
0.003234
0.003281
0.003115
0.002414
0.001981
0.001907
0.001511
0.001325
0.001297
0.001012
0.000593
0.000361
0.000482
-0.000022
-0.001041
-0.001787
-0.002170
-0.002268
-0.002645
-0.003094
-0.003246
-0.003368
-0.003559
-0.004330
-0.005009
-0.005138
-0.005032
-0.004886
-0.004998
-0.005052
-0.004864
-0.004350
-0.003823
-0.003423
-0.003336
-0.003471
-0.003510
-0.003073
-0.002451
-0.002164
-0.001830
-0.001240
-0.001040
-0.000855
-0.000552
-0.000487
-0.000641
-0.000625
-0.000259
0.000236
0.000705
0.000987
0.001247
0.001591
0.001842
0.002380
0.002825
0.002868
0.002850
0.002659
0.002880
0.003381
0.003444
0.003614
0.003976
0.003866
0.003912
0.004259
0.004039
0.003682
0.003642
0.003299
0.003151
0.003289
0.003095
0.002851
0.002578
0.002342
0.002451
0.002466
0.002397
0.002130
0.001724
0.001310
0.001062
0.000802
0.000769
0.000559
0.000332
0.000034
-0.000350
-0.000492
-0.000722
-0.000851
-0.000727
-0.000856
-0.001158
-0.001265
-0.001277
-0.001553
-0.001665
-0.001599
-0.001431
-0.001239
-0.001118
-0.000918
-0.000894
-0.001103
-0.001271
-0.001113
-0.000996
-0.001049
-0.000975
-0.000974
-0.000884
-0.000862
-0.000921
-0.000934
-0.001048
-0.001096
-0.000950
-0.001156
-0.001557
-0.001619
-0.001481
-0.001251
-0.001188
-0.000953
-0.001125
-0.001436
-0.001454
-0.001530
-0.001536
-0.001557
-0.001638
-0.001661
-0.001684
-0.001814
-0.001773
-0.001465
-0.001375
-0.001430
-0.001262
-0.001176
-0.001182
-0.000860
-0.000567
-0.000479
-0.000127
0.000281
0.000693
0.001044
0.001306
0.001364
0.001299
0.001528
0.001764
0.001761
0.001729
0.001610
0.001316
0.001070
0.001202
0.001451
0.001409
0.001626
0.001824
0.001688
0.001680
0.001678
0.001837
0.002058
0.002088
0.002252
0.002512
0.002498
0.002375
0.002250
0.002059
0.001821
0.001690
0.001874
0.001908
0.001511
0.001131
0.000736
0.000333
0.000049
-0.000267
-0.000320
-0.000123
-0.000017
-0.000115
-0.000127
-0.000094
-0.000225
-0.000140
0.000014
0.000113
0.000142
0.000106
0.000157
0.000107
-0.000174
-0.000227
0.000105
0.000291
0.000329
0.000374
0.000438
0.000530
0.000442
0.000128
-0.000177
-0.000162
-0.000153
-0.000174
-0.000107
-0.000140
-0.000102
0.000106
0.000202
0.000185
0.000350
0.000516
0.000650
0.000731
0.000724
0.000842
0.000896
0.000804
0.000439
0.000147
0.000094
0.000029
-0.000303
-0.000721
-0.000897
-0.001171
-0.001556
-0.001921
-0.002051
-0.002100
-0.002096
-0.002152
-0.002409
-0.002477
-0.002379
-0.002333
-0.002425
-0.002314
-0.002236
-0.002059
-0.001732
-0.001634
-0.001588
-0.001736
-0.001732
-0.001436
-0.001481
-0.001606
-0.001529
-0.001496
-0.001262
-0.000841
-0.000614
-0.000215
0.000307
0.000755
0.000820
0.000691
0.000772
0.000976
0.001083
0.001217
0.001692
0.002006
0.002071
0.001891
0.001742
0.001767
0.001905
0.002074
0.002222
0.002499
0.002513
0.002380
0.002240
0.002032
0.001869
0.001667
0.001670
0.001813
0.001760
0.001668
0.001735
0.001916
0.001823
0.001768
0.001719
0.001561
0.001213
0.000878
0.000720
0.000458
0.000319
0.000417
0.000374
0.000139
-0.000257
-0.000296
-0.000355
-0.000568
-0.000591
-0.000636
-0.000670
-0.000479
-0.000437
-0.000608
-0.000581
-0.000734
-0.000817
-0.000768
-0.000593
-0.000604
-0.000791
-0.000911
-0.001071
-0.001053
-0.001052
-0.000913
-0.000790
-0.000833
-0.000876
-0.000648
-0.000376
-0.000096
0.000202
0.000230
0.000374
0.000563
0.000577
0.000508
0.000614
0.000726
0.000507
0.000094
-0.000014
-0.000126
-0.000336
-0.000339
-0.000689
-0.000957
-0.000788
-0.000787
-0.000819
-0.000723
-0.000667
-0.000448
-0.000325
-0.000257
-0.000111
-0.000009
-0.000032
0.000060
0.000347
0.000273
-0.000147
-0.000433
-0.000712
-0.000991
-0.001212
-0.001407
-0.001464
-0.001135
-0.000738
-0.000487
-0.000153
0.000201
0.000288
0.000438
0.000724
0.000770
0.000698
0.000646
0.000816
0.000772
0.000712
0.000882
0.000764
0.000578
0.000573
0.000530
0.000415
0.000386
0.000358
0.000317
0.000417
0.000667
0.000769
0.000900
0.001145
0.001155
0.001137
0.001155
0.001063
0.000969
0.001068
0.001051
0.001112
0.001328
0.001279
0.001120
0.001029
0.001048
0.001033
0.000829
0.000880
0.001016
0.000957
0.000894
0.001045
0.001195
0.001025
0.000721
0.000234
-0.000099
-0.000064
-0.000087
-0.000215
-0.000276
-0.000388
-0.000440
-0.000540
-0.000675
-0.000754
-0.000872
-0.000865
-0.000722
-0.000514
-0.000370
-0.000144
0.000152
0.000317
0.000238
0.000089
-0.000153
-0.000456
-0.000876
-0.001018
-0.001021
-0.001262
-0.001447
-0.001541
-0.001494
-0.001313
-0.001145
-0.000923
-0.000618
-0.000325
-0.000106
-0.000115
-0.000501
-0.000723
-0.000673
-0.000398
-0.000297
-0.000317
-0.000208
-0.000183
-0.000233
-0.000462
-0.000525
-0.000620
-0.000817
-0.000852
-0.000916
-0.001042
-0.001091
-0.001087
-0.001034
-0.000674
-0.000266
-0.000140
-0.000102
0.000020
0.000200
0.000290
0.000449
0.000622
0.000805
0.000991
0.001276
0.001464
0.001501
0.001624
0.001645
0.001622
0.001651
0.001585
0.001370
0.001308
0.001292
0.001403
0.001573
0.001790
0.001986
0.001977
0.001863
0.001841
0.001776
0.001731
0.001886
0.001835
0.001807
0.001879
0.001699
0.001315
0.001177
0.001030
0.000606
0.000261
0.000071
0.000009
-0.000068
-0.000199
-0.000449
-0.000547
-0.000521
-0.000611
-0.000538
-0.000408
-0.000434
-0.000302
0.000036
0.000072
-0.000097
-0.000230
-0.000385
-0.000425
-0.000329
-0.000209
-0.000142
-0.000265
-0.000440
-0.000461
-0.000659
-0.000973
-0.001129
-0.001008
-0.000851
-0.000859
-0.000577
-0.000281
-0.000282
-0.000421
-0.000609
-0.000753
-0.000808
-0.000954
-0.001095
-0.001121
-0.000919
-0.000765
-0.000699
-0.000424
-0.000224
-0.000124
-0.000017
-0.000124
-0.000145
-0.000068
0.000207
0.000370
0.000314
0.000126
-0.000002
-0.000186
-0.000204
-0.000038
-0.000144
-0.000092
-0.000199
-0.000334
-0.000503
-0.000788
-0.000946
-0.000797
-0.000755
-0.000692
-0.000270
0.000357
0.000878
0.001214
0.001324
0.001321
0.001395
0.001425
0.001346
0.001305
0.001340
0.000981
0.000723
0.000693
0.000370
0.000112
-0.000164
-0.000231
-0.000239
-0.000304
-0.000299
-0.000184
-0.000036
-0.000040
-0.000011
0.000248
0.000352
0.000358
0.000251
0.000215
0.000243
0.000189
0.000280
0.000467
0.000307
-0.000008
0.000026
0.000162
0.000239
0.000314
0.000330
0.000241
0.000108
0.000102
-0.000031
-0.000203
-0.000158
0.000029
0.000323
0.000386
0.000464
0.000706
0.000966
0.001146
0.001311
0.001340
0.001494
0.001951
0.002220
0.002155
0.002094
0.002152
0.001911
0.001736
0.001864
0.001714
0.001550
0.001668
0.001618
0.001528
0.001524
0.001198
0.000955
0.000641
-0.000083
-0.000524
-0.000685
-0.001098
-0.001530
-0.001658
-0.002051
-0.002512
-0.002795
-0.003009
-0.002980
-0.002704
-0.002304
-0.002042
-0.001960
-0.001804
-0.001749
-0.001629
-0.001482
-0.001495
-0.001394
-0.001253
-0.001193
-0.001292
-0.001520
-0.001524
-0.001361
-0.001184
-0.001178
-0.001054
-0.000676
-0.000399
-0.000054
0.000186
0.000156
-0.000021
-0.000068
-0.000012
0.000064
0.000218
0.000584
0.001067
0.001109
0.001198
0.001300
0.001073
0.000644
0.000387
0.000203
0.000009
0.000081
0.000390
0.000384
0.000769
0.001475
0.001541
0.001887
0.002119
0.002047
0.002119
0.002377
0.002529
0.002402
0.002453
0.002792
0.002830
0.002817
0.002826
0.002632
0.002592
0.002740
0.002851
0.002941
0.003042
0.003164
0.003097
0.002671
0.002218
0.001752
0.000995
0.000189
-0.000347
-0.000940
-0.001669
-0.001953
-0.002076
-0.002257
-0.002133
-0.001838
-0.001722
-0.001453
-0.001256
-0.001385
-0.001487
-0.001752
-0.001864
-0.001839
-0.001939
-0.002000
-0.002378
-0.002744
-0.002781
-0.002870
-0.003276
-0.003656
-0.003700
-0.003539
-0.003321
-0.003285
-0.003023
-0.002290
-0.001736
-0.001164
-0.000712
-0.000198
0.000002
-0.000141
0.000099
0.000750
0.001111
0.001608
0.002031
0.001999
0.002100
0.002071
0.001687
0.001389
0.001099
0.000979
0.000861
0.000515
0.000453
0.000498
0.000343
0.000319
0.000497
0.000462
0.000411
0.000394
0.000293
0.000258
0.000155
-0.000015
-0.000227
-0.000309
-0.000328
-0.000318
-0.000037
0.000153
0.000510
0.000874
0.000814
0.000741
0.000781
0.000683
0.000430
0.000205
-0.000102
-0.000203
-0.000014
0.000006
-0.000056
0.000054
0.000184
0.000376
0.000657
0.000889
0.001041
0.001388
0.001429
0.001192
0.000990
0.000669
0.000256
0.000123
0.000269
0.000326
0.000440
0.000593
0.000607
0.000730
0.000487
-0.000003
-0.000233
-0.000247
-0.000040
0.000056
0.000245
0.000481
0.000554
0.000672
0.000766
0.000736
0.000630
0.000760
0.000895
0.000832
0.000745
0.000888
0.000922
0.000833
0.000842
0.000770
0.000569
0.000408
0.000409
0.000450
0.000607
0.001085
0.001328
0.001447
0.001639
0.001668
0.001542
0.001226
0.000998
0.000721
0.000446
0.000281
0.000180
0.000256
0.000250
-0.000061
-0.000250
-0.000170
-0.000339
-0.000564
-0.000752
-0.001189
-0.001788
-0.002130
-0.002291
-0.002565
-0.002788
-0.002899
-0.002811
-0.002976
-0.003221
-0.003486
-0.003950
-0.004301
-0.004283
-0.004369
-0.004394
-0.004237
-0.003928
-0.003604
-0.003229
-0.002810
-0.002297
-0.001928
-0.001744
-0.001380
-0.000953
-0.000558
0.000143
0.000977
0.001482
0.001821
0.002140
0.002067
0.001901
0.001882
0.001845
0.001977
0.002177
0.002198
0.002494
0.002955
0.003337
0.003795
0.004267
0.004587
0.004768
0.005059
0.005293
0.005206
0.004980
0.004490
0.003807
0.003411
0.003007
0.002743
0.002330
0.001894
0.001439
0.000884
0.000458
0.000142
-0.000076
-0.000005
0.000004
0.000107
0.000137
0.000173
0.000117
-0.000033
0.000042
0.000209
0.000299
0.000443
0.000561
0.000563
0.000189
-0.000089
-0.000522
-0.001208
-0.001554
-0.001829
-0.001973
-0.001875
-0.001684
-0.001474
-0.001035
-0.000915
-0.000801
-0.000361
0.000053
0.000291
0.000636
0.001079
0.001466
0.001659
0.001528
0.001172
0.001065
0.000968
0.000721
0.000403
-0.000030
-0.000200
-0.000352
-0.000885
-0.001195
-0.001659
-0.002601
-0.003222
-0.003469
-0.003567
-0.003571
-0.003549
-0.003591
-0.003880
-0.004295
-0.004671
-0.004945
-0.004882
-0.004477
-0.003741
-0.002992
-0.002272
-0.001547
-0.001220
-0.000741
-0.000032
0.000789
0.001851
0.003072
0.004391
0.005395
0.005927
0.006155
0.006249
0.005969
0.005142
0.003819
0.002107
0.000311
-0.001452
-0.002584
-0.002901
-0.003142
-0.003248
-0.003089
-0.003180
-0.003857
-0.004627
-0.005008
-0.005076
-0.004879
-0.004250
-0.002938
-0.001157
0.000810
0.002483
0.003198
0.003252
0.002869
0.002680
0.002809
0.002879
0.003316
0.003757
0.003975
0.003978
0.003517
0.002850
0.002489
0.002456
0.002635
0.003259
0.003672
0.003977
0.004290
0.004258
0.004197
0.004145
0.004197
0.004462
0.004744
0.005208
0.005319
0.005041
0.004805
0.004204
0.003292
0.002205
0.000950
-0.000335
-0.001634
-0.002681
-0.003624
-0.004248
-0.004275
-0.003657
-0.002452
-0.000915
0.000585
0.001369
0.001369
0.000711
-0.000453
-0.001489
-0.002421
-0.003351
-0.003857
-0.003888
-0.003897
-0.004097
-0.004270
-0.004585
-0.005088
-0.005731
-0.006356
-0.006847
-0.007033
-0.006787
-0.006219
-0.005697
-0.005230
-0.004725
-0.004148
-0.003450
-0.002384
-0.000980
0.000367
0.001669
0.003084
0.004478
0.005487
0.006423
0.007033
0.007033
0.006766
0.006260
0.005675
0.005131
0.004568
0.003906
0.003331
0.002841
0.002713
0.003028
0.003933
0.005121
0.006389
0.007668
0.008446
0.009015
0.009388
0.009532
0.009236
0.008464
0.007279
0.005342
0.002881
0.000154
-0.002750
-0.005542
-0.007459
-0.008153
-0.008140
-0.007458
-0.006921
-0.006993
-0.007344
-0.007499
-0.006875
-0.005550
-0.003168
-0.000413
0.001658
0.002408
0.002102
0.001076
-0.000216
-0.000706
-0.000692
0.000028
0.001034
0.001453
0.001255
0.000235
-0.001239
-0.002394
-0.002915
-0.002711
-0.001887
-0.001090
-0.000984
-0.001504
-0.002754
-0.004264
-0.005014
-0.004832
-0.003773
-0.002063
-0.000286
0.000504
-0.000237
-0.002167
-0.004366
-0.006205
-0.006977
-0.006351
-0.004967
-0.003398
-0.002432
-0.002407
-0.002920
-0.003636
-0.003973
-0.003054
-0.000670
0.002428
0.005362
0.007020
0.006685
0.004226
0.000005
-0.005054
-0.009950
-0.013526
-0.015992
-0.017526
-0.018730
-0.019970
-0.021814
-0.023984
-0.026215
-0.027903
-0.028432
-0.027496
-0.024598
-0.019795
-0.014046
-0.007727
-0.000668
0.006717
0.013624
0.019426
0.023917
0.027616
0.031116
0.034735
0.039349
0.044426
0.049000
0.051906
0.052218
0.049576
0.043479
0.035627
0.026889
0.019341
0.014202
0.011659
0.010545
0.009732
0.008545
0.006859
0.004960
0.003655
0.003267
0.003762
0.005310
0.007244
0.008669
0.009098
0.007981
0.004775
0.000235
-0.005067
-0.010101
-0.014252
-0.016674
-0.016929
-0.015678
-0.013522
-0.012181
-0.012212
-0.014052
-0.017645
-0.020761
-0.022484
-0.022597
-0.021408
-0.019717
-0.018174
-0.016507
-0.014887
-0.013502
-0.012883
-0.013598
-0.015514
-0.017396
-0.018747
-0.018588
-0.016421
-0.012663
-0.008301
-0.004180
-0.000115
0.004128
0.008925
0.014707
0.021159
0.027611
0.032668
0.034824
0.033891
0.029816
0.023850
0.017429
0.011559
0.007226
0.004912
0.003306
0.001143
-0.002373
-0.007201
-0.012384
-0.017129
-0.021013
-0.023942
-0.025751
-0.027136
-0.029050
-0.031419
-0.033778
-0.035386
-0.035564
-0.034411
-0.032194
-0.028721
-0.024008
-0.018702
-0.013233
-0.007578
-0.001817
0.003444
0.008354
0.013020
0.016901
0.019701
0.021597
0.022629
0.023055
0.023596
0.024299
0.024448
0.024009
0.022756
0.020981
0.018898
0.016104
0.012517
0.007958
0.002617
-0.002374
-0.005859
-0.007232
-0.007172
-0.006180
-0.004942
-0.004241
-0.004277
-0.005253
-0.007097
-0.009323
-0.011868
-0.014692
-0.016850
-0.017462
-0.016649
-0.014151
-0.011244
-0.008846
-0.007736
-0.008253
-0.010862
-0.014282
-0.016959
-0.017559
-0.015730
-0.011648
-0.005972
0.000934
0.008155
0.014763
0.021272
0.027815
0.034657
0.041344
0.047018
0.050805
0.052050
0.051994
0.050953
0.049528
0.048353
0.046710
0.044015
0.040215
0.035994
0.032571
0.030800
0.030078
0.029159
0.026423
0.020259
0.011166
0.000430
-0.009907
-0.017846
-0.021962
-0.022321
-0.019409
-0.014480
-0.009091
-0.004319
-0.000415
0.002238
0.003876
0.005232
0.006377
0.007196
0.007307
0.006013
0.002754
-0.002865
-0.010662
-0.019757
-0.029114
-0.036537
-0.040523
-0.041366
-0.040311
-0.037991
-0.035657
-0.034256
-0.033162
-0.032316
-0.031886
-0.031939
-0.032186
-0.031800
-0.030959
-0.029612
-0.028044
-0.026045
-0.024029
-0.021745
-0.020019
-0.019929
-0.022183
-0.027398
-0.034002
-0.040504
-0.044384
-0.045005
-0.042302
-0.037637
-0.033567
-0.030655
-0.029055
-0.027888
-0.025606
-0.020924
-0.013511
-0.004069
0.005620
0.013588
0.018983
0.021975
0.023511
0.024760
0.027349
0.031475
0.035847
0.039877
0.042826
0.044508
0.045657
0.046766
0.048492
0.050880
0.053084
0.054152
0.054116
0.053051
0.050891
0.047735
0.043292
0.037642
0.031214
0.024347
0.017789
0.012573
0.009880
0.009728
0.011066
0.014204
0.018674
0.023783
0.028856
0.032436
0.033384
0.031313
0.025768
0.017174
0.006650
-0.004262
-0.015171
-0.025131
-0.033172
-0.038138
-0.039508
-0.038386
-0.036063
-0.034536
-0.034390
-0.035143
-0.036281
-0.036443
-0.035325
-0.032595
-0.029436
-0.026629
-0.024672
-0.023404
-0.022752
-0.022338
-0.021476
-0.019321
-0.015062
-0.008690
-0.000715
0.008166
0.014424
0.015820
0.012679
0.005283
-0.003067
-0.009845
-0.012898
-0.011965
-0.007367
-0.000638
0.005900
0.011102
0.013668
0.013146
0.009998
0.005322
0.000448
-0.004022
-0.007559
-0.010127
-0.012529
-0.015249
-0.018065
-0.020892
-0.023430
-0.024969
-0.025233
-0.024379
-0.022188
-0.018608
-0.013554
-0.007665
-0.001233
0.004915
0.010370
0.014805
0.018738
0.023489
0.029499
0.037168
0.046221
0.055460
0.064192
0.072570
0.080386
0.087064
0.092077
0.095215
0.096612
0.096636
0.095632
0.093430
0.089577
0.083586
0.075065
0.063938
0.051181
0.037935
0.025238
0.013342
0.001806
-0.010157
-0.021885
-0.032256
-0.040621
-0.046563
-0.050814
-0.054104
-0.057453
-0.061413
-0.065725
-0.070370
-0.076261
-0.084211
-0.093522
-0.102992
-0.110581
-0.114969
-0.116124
-0.115396
-0.113823
-0.112764
-0.111902
-0.110930
-0.110268
-0.110381
-0.111825
-0.114668
-0.117702
-0.118761
-0.117131
-0.111259
-0.102503
-0.092031
-0.080733
-0.068458
-0.054506
-0.039425
-0.023803
-0.008260
0.006721
0.020870
0.034844
0.049015
0.063833
0.079248
0.093921
0.106692
0.117651
0.127677
0.137311
0.146798
0.155642
0.163768
0.171363
0.178856
0.186038
0.192475
0.195962
0.195359
0.190120
0.181029
0.169203
0.155557
0.139911
0.121339
0.099779
0.076170
0.052383
0.029802
0.009695
-0.007334
-0.022204
-0.036203
-0.049757
-0.063581
-0.078330
-0.094035
-0.109889
-0.124716
-0.136685
-0.144571
-0.147839
-0.147459
-0.143342
-0.136069
-0.126389
-0.114475
-0.100687
-0.085144
-0.068423
-0.051869
-0.037241
-0.025546
-0.017179
-0.012211
-0.010268
-0.010129
-0.010231
-0.009151
-0.005634
0.000528
0.008202
0.015629
0.021902
0.026974
0.030672
0.033221
0.035168
0.036827
0.037709
0.037401
0.034997
0.031150
0.027294
0.025656
0.026213
0.028769
0.032715
0.036947
0.041374
0.045914
0.050435
0.054520
0.057217
0.058060
0.056992
0.053804
0.048520
0.041538
0.033456
0.025637
0.019330
0.016690
0.017570
0.020923
0.025589
0.029259
0.030542
0.029121
0.024541
0.017738
0.009509
0.000122
-0.010035
-0.020804
-0.031536
-0.041758
-0.051756
-0.062493
-0.073850
-0.084745
-0.094246
-0.101727
-0.107097
-0.110603
-0.112099
-0.112138
-0.110917
-0.108320
-0.104013
-0.098367
-0.093484
-0.091184
-0.091590
-0.094444
-0.097770
-0.099100
-0.097411
-0.092079
-0.083832
-0.073608
-0.062816
-0.052627
-0.043477
-0.036060
-0.030383
-0.025376
-0.020260
-0.014079
-0.006251
0.003174
0.013736
0.025319
0.037983
0.052722
0.070127
0.088774
0.107086
0.122625
0.133471
0.138771
0.139969
0.139504
0.138200
0.136029
0.132716
0.128523
0.124103
0.119726
0.115922
0.113508
0.112726
0.112813
0.112463
0.110733
0.107202
0.100892
0.091394
0.079124
0.065529
0.052132
0.040419
0.030946
0.022815
0.015384
0.008668
0.002683
-0.002802
-0.007981
-0.012991
-0.017835
-0.021955
-0.024910
-0.026674
-0.027199
-0.026993
-0.027225
-0.028639
-0.031476
-0.035226
-0.039061
-0.043501
-0.048648
-0.054210
-0.060669
-0.067187
-0.073341
-0.079728
-0.086420
-0.093054
-0.099153
-0.103196
-0.103867
-0.100793
-0.093333
-0.083917
-0.074424
-0.066331
-0.059583
-0.053620
-0.048217
-0.043402
-0.039238
-0.035798
-0.032530
-0.028672
-0.023851
-0.018451
-0.012855
-0.007894
-0.004725
-0.003565
-0.003515
-0.003608
-0.003209
-0.001403
0.001336
0.003810
0.005203
0.005248
0.004619
0.004218
0.004787
0.006790
0.010775
0.017417
0.026236
0.036416
0.046336
0.054366
0.059201
0.060479
0.060018
0.059230
0.059596
0.062060
0.066598
0.071430
0.074383
0.074305
0.070782
0.064358
0.056007
0.045903
0.034594
0.023261
0.012911
0.003659
-0.004448
-0.011488
-0.017382
-0.021724
-0.024603
-0.025823
-0.025500
-0.024801
-0.025017
-0.026173
-0.028003
-0.029512
-0.030266
-0.030612
-0.031093
-0.033084
-0.036712
-0.040932
-0.045223
-0.048686
-0.050713
-0.051779
-0.051966
-0.051328
-0.050402
-0.049399
-0.048835
-0.049287
-0.050597
-0.051106
-0.050185
-0.046111
-0.038916
-0.029081
-0.017177
-0.004180
0.009317
0.022342
0.034701
0.046576
0.057297
0.067188
0.076951
0.086195
0.094110
0.099516
0.101922
0.102152
0.099788
0.094010
0.086750
0.080322
0.075534
0.072570
0.071570
0.071200
0.070218
0.068570
0.065476
0.058449
0.046590
0.031409
0.013287
-0.007185
-0.027433
-0.044067
-0.056983
-0.067500
-0.075785
-0.082907
-0.089967
-0.096363
-0.100608
-0.102020
-0.100862
-0.097330
-0.092940
-0.088912
-0.085490
-0.081876
-0.077218
-0.070749
-0.062352
-0.052023
-0.039576
-0.025607
-0.010573
0.005543
0.022270
0.038204
0.052873
0.067364
0.080885
0.091162
0.098080
0.100589
0.098057
0.089878
0.077716
0.064839
0.052896
0.043362
0.035796
0.028854
0.022333
0.015178
0.007793
-0.000783
-0.010946
-0.020465
-0.028435
-0.034684
-0.037471
-0.037045
-0.035073
-0.033096
-0.031158
-0.028485
-0.024089
-0.017822
-0.010798
-0.003028
0.004009
0.006972
0.006616
0.004202
-0.001124
-0.007638
-0.012779
-0.016056
-0.018006
-0.019764
-0.021073
-0.022643
-0.025055
-0.027453
-0.029494
-0.031578
-0.033700
-0.035678
-0.037606
-0.039304
-0.040090
-0.039797
-0.039300
-0.039352
-0.040171
-0.041771
-0.044041
-0.045152
-0.043985
-0.042038
-0.040602
-0.037224
-0.029456
-0.020078
-0.011714
-0.004300
0.002428
0.008519
0.013372
0.015877
0.016450
0.017126
0.018950
0.022317
0.026380
0.028743
0.029113
0.029656
0.030582
0.032775
0.035578
0.037896
0.039621
0.039849
0.037115
0.030671
0.022313
0.014021
0.007053
0.003498
0.003939
0.008792
0.018630
0.030615
0.041623
0.049478
0.053592
0.055569
0.056726
0.056800
0.056798
0.056449
0.055417
0.055772
0.057720
0.059073
0.057061
0.049980
0.040069
0.031503
0.026915
0.025261
0.024980
0.025559
0.026721
0.027686
0.026201
0.020692
0.013048
0.005157
-0.001851
-0.005534
-0.004865
-0.001540
0.002636
0.006553
0.009788
0.011781
0.012335
0.011650
0.009208
0.006402
0.004225
0.001667
-0.001712
-0.005613
-0.009917
-0.015511
-0.022127
-0.028768
-0.035786
-0.044248
-0.053399
-0.059980
-0.064221
-0.069324
-0.076079
-0.081464
-0.082730
-0.082022
-0.081779
-0.083298
-0.085513
-0.085658
-0.084142
-0.082844
-0.083450
-0.085631
-0.086060
-0.082493
-0.076489
-0.071808
-0.068001
-0.062932
-0.055076
-0.045175
-0.033895
-0.022625
-0.014144
-0.009118
-0.006014
-0.004673
-0.004477
-0.004820
-0.006077
-0.006725
-0.005274
-0.000720
0.004909
0.011646
0.019710
0.028053
0.035860
0.042143
0.047122
0.051405
0.055395
0.059736
0.063248
0.065480
0.067695
0.070681
0.075133
0.080915
0.086272
0.091010
0.093377
0.091246
0.084343
0.076324
0.068006
0.059189
0.049599
0.039765
0.030270
0.021470
0.013679
0.006068
-0.001024
-0.004753
-0.006169
-0.008626
-0.011258
-0.011285
-0.007906
-0.002365
-0.000371
-0.002350
-0.005687
-0.006992
-0.006409
-0.003044
0.002017
0.006556
0.011054
0.015564
0.019255
0.021077
0.021093
0.019956
0.019368
0.020655
0.022690
0.023104
0.022965
0.022114
0.018626
0.013006
0.005484
-0.003987
-0.014252
-0.022270
-0.026688
-0.028660
-0.029015
-0.028240
-0.027324
-0.026692
-0.025870
-0.025312
-0.026114
-0.026900
-0.026288
-0.024055
-0.021467
-0.020009
-0.019539
-0.018646
-0.017737
-0.018345
-0.022312
-0.027620
-0.032039
-0.036311
-0.041426
-0.048405
-0.056551
-0.064228
-0.071098
-0.077725
-0.084461
-0.091158
-0.096178
-0.097801
-0.096999
-0.092696
-0.083684
-0.071251
-0.056246
-0.039110
-0.021615
-0.005201
0.008604
0.018762
0.025655
0.029924
0.032423
0.033861
0.034540
0.035657
0.039617
0.045892
0.052792
0.059748
0.065729
0.072259
0.081403
0.091440
0.100135
0.107156
0.112651
0.117363
0.119735
0.118831
0.114549
0.108988
0.104238
0.099881
0.094627
0.086853
0.076699
0.065946
0.055031
0.043601
0.031423
0.018414
0.005424
-0.006963
-0.018690
-0.030909
-0.043273
-0.054618
-0.064821
-0.073666
-0.080756
-0.086099
-0.088660
-0.088358
-0.086412
-0.083940
-0.080787
-0.076952
-0.072839
-0.067140
-0.059196
-0.049196
-0.038316
-0.027646
-0.018219
-0.010860
-0.005685
-0.001944
0.000464
0.001244
0.000284
-0.002748
-0.006579
-0.009477
-0.010864
-0.010920
-0.010610
-0.011906
-0.015366
-0.019424
-0.022854
-0.025742
-0.028412
-0.030578
-0.031970
-0.031925
-0.028919
-0.023433
-0.017764
-0.012470
-0.008132
-0.004931
-0.002612
-0.001234
0.000111
0.002401
0.005073
0.007486
0.009898
0.012562
0.014925
0.016247
0.017097
0.018330
0.020221
0.022489
0.024896
0.027480
0.030095
0.032099
0.033046
0.033091
0.032708
0.032832
0.033655
0.035101
0.037788
0.041339
0.045098
0.047610
0.047884
0.046394
0.043512
0.040243
0.037034
0.035089
0.034287
0.034192
0.034994
0.036543
0.037688
0.037952
0.037225
0.035569
0.032855
0.028298
0.021490
0.012941
0.003481
-0.005590
-0.014629
-0.023312
-0.030373
-0.035615
-0.038958
-0.041080
-0.042116
-0.041846
-0.040128
-0.037268
-0.034245
-0.031416
-0.029160
-0.026876
-0.024250
-0.021502
-0.018487
-0.015492
-0.012897
-0.010504
-0.008670
-0.007770
-0.008823
-0.010628
-0.014429
-0.016520
-0.022211
-0.023491
-0.035874
-0.011056
-0.027668
-0.058227
-0.056715
-0.063861
-0.062645
-0.063016
-0.058867
-0.055485
-0.051163
-0.047278
-0.043245
-0.039435
-0.035919
-0.031983
-0.026890
-0.020562
-0.013257
-0.005620
0.002020
0.009719
0.017310
0.024562
0.030967
0.036097
0.040638
0.045107
0.048297
0.049440
0.049137
0.047258
0.045692
0.045415
0.045814
0.047376
0.050259
0.054141
0.057852
0.059730
0.059359
0.056891
0.052447
0.046375
0.039798
0.033432
0.027863
0.023251
0.018784
0.014070
0.008653
0.002254
-0.004775
-0.011684
-0.017081
-0.021029
-0.024159
-0.026487
-0.027373
-0.026962
-0.025336
-0.022983
-0.020542
-0.018296
-0.015857
-0.012664
-0.008465
-0.003432
0.001269
0.004839
0.007062
0.007552
0.006852
0.004504
0.001505
-0.000944
-0.002608
-0.002904
-0.001776
0.000814
0.003559
0.005585
0.006655
0.006736
0.006784
0.007685
0.009348
0.011781
0.014298
0.016001
0.016926
0.017169
0.016533
0.014848
0.012484
0.009807
0.006937
0.004054
0.001707
-0.000364
-0.002369
-0.004328
-0.007419
-0.011316
-0.014799
-0.017707
-0.019696
-0.020931
-0.021314
-0.020297
-0.018207
-0.015796
-0.013181
-0.010539
-0.008052
-0.005566
-0.003182
-0.000644
0.002842
0.006455
0.009895
0.011699
0.011673
0.009934
0.006475
0.002149
-0.003282
-0.009976
-0.017122
-0.023856
-0.030068
-0.035456
-0.039660
-0.042409
-0.043628
-0.043696
-0.043451
-0.042815
-0.041991
-0.041279
-0.040184
-0.038461
-0.036435
-0.033948
-0.030687
-0.027013
-0.022910
-0.017838
-0.012153
-0.006455
-0.001065
0.003771
0.008070
0.011718
0.014593
0.016949
0.018775
0.019526
0.019449
0.018887
0.017784
0.016842
0.016649
0.017202
0.018484
0.020226
0.022083
0.023966
0.026102
0.028815
0.031937
0.035773
0.040849
0.046747
0.052537
0.057077
0.060150
0.061689
0.061290
0.058957
0.055128
0.050427
0.044798
0.038498
0.031592
0.024435
0.017055
0.009275
0.001384
-0.005877
-0.012829
-0.019199
-0.024755
-0.029856
-0.034031
-0.036956
-0.038939
-0.040097
-0.040280
-0.039545
-0.038307
-0.037168
-0.036536
-0.036459
-0.036190
-0.036000
-0.035755
-0.034821
-0.033120
-0.030267
-0.025911
-0.020183
-0.013521
-0.006713
-0.000230
0.005890
0.011754
0.017277
0.022299
0.027070
0.030964
0.033459
0.034539
0.033776
0.030938
0.026688
0.021230
0.015391
0.010228
0.006143
0.003795
0.003070
0.003780
0.005902
0.008701
0.011637
0.014444
0.017205
0.019793
0.022112
0.024364
0.026781
0.029323
0.031835
0.033743
0.034942
0.035194
0.034558
0.032804
0.030088
0.026138
0.021175
0.014964
0.007487
-0.000644
-0.009153
-0.017368
-0.024861
-0.031286
-0.036651
-0.041116
-0.044469
-0.046782
-0.048442
-0.049939
-0.051467
-0.053168
-0.055196
-0.057754
-0.060104
-0.061180
-0.061317
-0.060211
-0.057714
-0.054736
-0.052038
-0.050315
-0.049149
-0.048383
-0.048132
-0.047912
-0.047014
-0.045395
-0.042845
-0.039071
-0.034938
-0.030480
-0.025731
-0.020852
-0.015860
-0.010923
-0.005724
-0.000123
0.005914
0.012100
0.018142
0.024195
0.030083
0.035944
0.042252
0.048730
0.055100
0.061617
0.068117
0.073947
0.078935
0.082532
0.083896
0.083361
0.081043
0.077652
0.073480
0.069029
0.064716
0.060831
0.057460
0.054879
0.052656
0.050362
0.047956
0.045086
0.041421
0.036843
0.031930
0.026872
0.021400
0.015411
0.009116
0.002297
-0.004972
-0.012405
-0.019754
-0.026192
-0.031451
-0.035288
-0.037817
-0.039481
-0.040504
-0.041166
-0.041965
-0.042660
-0.043167
-0.043463
-0.043221
-0.042181
-0.040478
-0.038024
-0.034920
-0.031495
-0.028149
-0.025373
-0.022690
-0.019912
-0.017133
-0.014479
-0.012091
-0.010347
-0.009095
-0.008062
-0.007595
-0.007309
-0.007173
-0.007217
-0.007304
-0.007319
-0.006669
-0.006023
-0.005868
-0.006164
-0.006782
-0.007404
-0.008021
-0.008350
-0.008268
-0.007673
-0.006752
-0.005551
-0.004108
-0.002897
-0.002200
-0.002011
-0.001930
-0.001435
-0.000123
0.001876
0.004707
0.008799
0.013384
0.018067
0.022991
0.027158
0.030296
0.032410
0.033572
0.034287
0.034629
0.034728
0.033998
0.032851
0.031590
0.029900
0.027963
0.024979
0.021224
0.016790
0.010975
0.004464
-0.002210
-0.008811
-0.014764
-0.020022
-0.024632
-0.029137
-0.033323
-0.036897
-0.040320
-0.043051
-0.044969
-0.045804
-0.045034
-0.042618
-0.038830
-0.034165
-0.029254
-0.024399
-0.019622
-0.014978
-0.010691
-0.006726
-0.002536
0.001637
0.005625
0.009630
0.013548
0.017021
0.019958
0.021989
0.022822
0.022910
0.022310
0.021083
0.020096
0.019291
0.018702
0.018982
0.020179
0.021918
0.023700
0.025210
0.025891
0.025642
0.024438
0.022403
0.019584
0.016930
0.014648
0.012666
0.011620
0.011462
0.011075
0.010499
0.009784
0.008683
0.007163
0.005064
0.002709
0.000171
-0.002822
-0.006266
-0.010117
-0.014287
-0.018637
-0.022644
-0.026050
-0.028584
-0.030229
-0.030975
-0.030645
-0.029535
-0.027808
-0.025757
-0.023579
-0.021137
-0.018702
-0.016710
-0.014575
-0.012422
-0.010288
-0.008003
-0.005504
-0.002959
-0.000578
0.001734
0.003356
0.004487
0.006029
0.007467
0.008910
0.010522
0.011559
0.011983
0.011868
0.011115
0.009251
0.006293
0.003137
-0.000275
-0.003786
-0.006619
-0.008321
-0.008870
-0.008775
-0.008043
-0.006812
-0.005696
-0.004550
-0.003451
-0.001988
0.000420
0.003397
0.007009
0.011253
0.015415
0.019381
0.022935
0.025872
0.028345
0.030065
0.031234
0.032319
0.032895
0.032777
0.031920
0.030029
0.027232
0.023367
0.019052
0.014609
0.010245
0.006558
0.003355
0.001002
-0.000542
-0.001557
-0.002318
-0.002981
-0.003776
-0.004983
-0.006712
-0.009147
-0.011990
-0.014855
-0.017797
-0.020137
-0.021615
-0.022532
-0.022863
-0.022753
-0.022239
-0.021590
-0.020823
-0.020083
-0.019554
-0.018596
-0.017258
-0.015561
-0.013303
-0.011056
-0.008610
-0.006122
-0.003859
-0.002084
-0.000973
-0.000506
-0.000352
-0.000677
-0.001955
-0.003702
-0.005860
-0.008473
-0.011087
-0.013423
-0.015304
-0.016706
-0.017656
-0.018057
-0.017768
-0.016795
-0.015482
-0.013539
-0.011253
-0.008731
-0.006229
-0.004220
-0.002616
-0.001444
-0.000187
0.001380
0.003526
0.006250
0.009354
0.012759
0.015675
0.018207
0.019822
0.019913
0.018919
0.016982
0.014351
0.011146
0.008040
0.005773
0.004071
0.003099
0.003236
0.004257
0.006026
0.009127
0.013037
0.017072
0.021105
0.024960
0.028375
0.031318
0.033462
0.034442
0.034311
0.032681
0.029999
0.026627
0.022782
0.018694
0.014548
0.010663
0.006595
0.002069
-0.002732
-0.007747
-0.012697
-0.017201
-0.021243
-0.024688
-0.027312
-0.028971
-0.029301
-0.028419
-0.026300
-0.023323
-0.020116
-0.016878
-0.013726
-0.010708
-0.007763
-0.004944
-0.002029
0.001237
0.004809
0.008678
0.012611
0.016206
0.019615
0.023079
0.025960
0.028419
0.030350
0.031293
0.031248
0.029839
0.027210
0.023326
0.018863
0.013922
0.008249
0.002219
-0.004130
-0.010644
-0.017057
-0.022664
-0.027322
-0.031181
-0.034224
-0.036568
-0.037972
-0.038615
-0.038952
-0.038941
-0.038708
-0.038429
-0.037981
-0.037162
-0.035892
-0.034179
-0.032351
-0.030683
-0.029335
-0.028478
-0.027446
-0.026152
-0.024605
-0.022879
-0.020601
-0.017472
-0.013647
-0.009193
-0.004865
-0.000759
0.003214
0.006759
0.010175
0.013752
0.017445
0.021785
0.026591
0.031250
0.035857
0.040376
0.044239
0.047311
0.049777
0.051045
0.051251
0.050599
0.049142
0.047119
0.044155
0.040424
0.035991
0.030757
0.025377
0.019853
0.014219
0.009148
0.004690
0.000872
-0.002458
-0.005437
-0.008131
-0.010689
-0.013057
-0.015024
-0.016709
-0.018117
-0.018942
-0.019172
-0.019087
-0.018572
-0.017373
-0.015314
-0.012623
-0.009783
-0.006908
-0.004229
-0.001986
-0.000345
0.000629
0.001324
0.001737
0.001754
0.001524
0.000997
-0.000043
-0.001438
-0.002766
-0.004106
-0.005968
-0.008142
-0.010246
-0.012421
-0.014355
-0.015898
-0.016918
-0.017629
-0.018171
-0.018127
-0.017447
-0.016419
-0.015027
-0.013378
-0.011939
-0.010361
-0.008720
-0.007130
-0.005150
-0.003156
-0.001003
0.001374
0.003682
0.005823
0.007812
0.009888
0.011754
0.013535
0.015149
0.016642
0.018201
0.020101
0.022050
0.024141
0.025990
0.028070
0.030093
0.031594
0.032323
0.032132
0.031210
0.029747
0.027735
0.025457
0.022618
0.019183
0.015489
0.011056
0.006115
0.000988
-0.004223
-0.009656
-0.015358
-0.021002
-0.026193
-0.030797
-0.034569
-0.037462
-0.039899
-0.041409
-0.042376
-0.042868
-0.042769
-0.042755
-0.042211
-0.040905
-0.039273
-0.037184
-0.034651
-0.031656
-0.028210
-0.024653
-0.021198
-0.018043
-0.014905
-0.011507
-0.007731
-0.003742
0.000414
0.004434
0.007941
0.011134
0.014249
0.017131
0.019704
0.022340
0.025176
0.028061
0.030746
0.033360
0.035971
0.038230
0.039642
0.040329
0.040395
0.040063
0.039433
0.038243
0.036128
0.032682
0.028268
0.023416
0.018345
0.013497
0.008917
0.004333
-0.000164
-0.004515
-0.008505
-0.011702
-0.014202
-0.016504
-0.018984
-0.021332
-0.022901
-0.023696
-0.023642
-0.022660
-0.020825
-0.017835
-0.013400
-0.008348
-0.003581
0.000627
0.003792
0.006362
0.008520
0.010272
0.011922
0.013447
0.014876
0.015895
0.016050
0.015108
0.013111
0.010368
0.007389
0.004643
0.002434
0.000728
-0.000845
-0.002117
-0.003419
-0.004943
-0.006771
-0.008693
-0.010716
-0.013009
-0.015150
-0.016879
-0.018303
-0.019653
-0.021029
-0.022346
-0.023276
-0.023745
-0.024092
-0.024791
-0.025346
-0.025653
-0.025601
-0.024707
-0.023102
-0.020876
-0.018240
-0.014995
-0.011338
-0.007817
-0.004563
-0.001969
0.000115
0.002185
0.004573
0.007656
0.011470
0.015801
0.020070
0.023673
0.026665
0.028638
0.029245
0.029110
0.028150
0.026169
0.023634
0.020760
0.017746
0.015273
0.013144
0.011016
0.009514
0.008393
0.007426
0.006966
0.006991
0.007164
0.007619
0.008137
0.008298
0.008138
0.007782
0.007108
0.006404
0.005931
0.005694
0.005517
0.005807
0.006536
0.007308
0.007801
0.007935
0.007502
0.006619
0.005529
0.004001
0.002451
0.001163
0.000164
-0.000376
-0.000794
-0.001224
-0.002063
-0.003382
-0.005130
-0.007230
-0.009510
-0.011471
-0.012836
-0.013543
-0.013715
-0.013956
-0.014006
-0.013967
-0.014603
-0.015783
-0.017138
-0.018520
-0.019821
-0.021151
-0.022216
-0.023332
-0.024481
-0.025374
-0.026250
-0.026934
-0.027167
-0.027178
-0.026582
-0.025785
-0.024902
-0.023821
-0.022705
-0.021050
-0.018732
-0.016152
-0.013371
-0.010364
-0.007034
-0.003507
0.000378
0.004758
0.009376
0.014023
0.018576
0.022928
0.026613
0.029016
0.030534
0.031323
0.031438
0.031388
0.031302
0.031398
0.031588
0.031085
0.029803
0.028087
0.025745
0.022849
0.020001
0.017381
0.015243
0.014012
0.013636
0.013438
0.013184
0.012682
0.012290
0.012194
0.012410
0.013032
0.013454
0.012930
0.010952
0.007778
0.003961
-0.000101
-0.003805
-0.006910
-0.009405
-0.011613
-0.013688
-0.015908
-0.018078
-0.019936
-0.021055
-0.021224
-0.020637
-0.019534
-0.018505
-0.017146
-0.015232
-0.013130
-0.011296
-0.009795
-0.007983
-0.005671
-0.003040
-0.000170
0.002626
0.005024
0.006498
0.007554
0.008713
0.009735
0.010630
0.011314
0.011729
0.011765
0.011205
0.009968
0.008414
0.006588
0.004467
0.002212
0.000126
-0.001717
-0.003595
-0.006160
-0.008973
-0.011702
-0.014119
-0.016152
-0.017794
-0.018990
-0.019769
-0.020477
-0.020927
-0.020995
-0.021035
-0.021138
-0.021459
-0.021481
-0.021538
-0.021469
-0.020555
-0.018996
-0.017123
-0.014816
-0.012473
-0.010307
-0.008075
-0.005989
-0.003820
-0.001382
0.001715
0.005439
0.009325
0.013448
0.017770
0.021745
0.024980
0.027660
0.029513
0.030491
0.030884
0.031366
0.031922
0.032109
0.031934
0.030980
0.029253
0.027203
0.025060
0.023060
0.020799
0.018295
0.015853
0.013872
0.012221
0.010131
0.007554
0.004897
0.001955
-0.001304
-0.004414
-0.007206
-0.009270
-0.010301
-0.011030
-0.011744
-0.012055
-0.012505
-0.013419
-0.014530
-0.015669
-0.017043
-0.018372
-0.019334
-0.019559
-0.019016
-0.018080
-0.017125
-0.016553
-0.015948
-0.015055
-0.014097
-0.012910
-0.011465
-0.010148
-0.009288
-0.008384
-0.008031
-0.008541
-0.009350
-0.010228
-0.010996
-0.011465
-0.011568
-0.011318
-0.010717
-0.009712
-0.008392
-0.007064
-0.005888
-0.004859
-0.003677
-0.002296
-0.000793
0.000627
0.001634
0.002334
0.002716
0.002938
0.003001
0.003005
0.002865
0.002735
0.003405
0.004779
0.006640
0.009020
0.011818
0.014819
0.017633
0.020134
0.022358
0.024151
0.025531
0.027143
0.028926
0.030438
0.031544
0.032220
0.032598
0.032647
0.032099
0.031229
0.029795
0.027750
0.025367
0.022804
0.020614
0.018519
0.016371
0.014059
0.011317
0.008110
0.004691
0.000847
-0.003140
-0.007184
-0.011398
-0.015535
-0.019182
-0.022102
-0.024179
-0.025475
-0.025991
-0.025995
-0.025537
-0.025040
-0.025139
-0.025768
-0.026483
-0.027313
-0.027757
-0.027748
-0.027385
-0.026308
-0.024690
-0.022773
-0.021191
-0.020373
-0.020062
-0.019844
-0.019422
-0.018481
-0.016707
-0.014053
-0.010996
-0.008157
-0.005840
-0.004354
-0.003963
-0.004507
-0.005226
-0.005721
-0.005642
-0.004688
-0.003010
-0.000976
0.001190
0.003291
0.005025
0.006645
0.008494
0.010630
0.012883
0.015589
0.018633
0.021795
0.024306
0.026173
0.027468
0.027749
0.027364
0.026197
0.024401
0.022436
0.020480
0.018590
0.016718
0.014676
0.012637
0.010793
0.008983
0.007016
0.004979
0.003125
0.001112
-0.000621
-0.001701
-0.002558
-0.003340
-0.004315
-0.005434
-0.006580
-0.007855
-0.009140
-0.009968
-0.010346
-0.010098
-0.009463
-0.008870
-0.008378
-0.007992
-0.008055
-0.008430
-0.008948
-0.009446
-0.009866
-0.009997
-0.009814
-0.009718
-0.009343
-0.008759
-0.007867
-0.006721
-0.005587
-0.004013
-0.002644
-0.001595
-0.000674
-0.000242
-0.000453
-0.000977
-0.001386
-0.001558
-0.001198
-0.000426
0.000773
0.001883
0.002867
0.003713
0.004438
0.005261
0.005979
0.006968
0.008720
0.010968
0.013457
0.016118
0.018250
0.019888
0.021033
0.021511
0.021308
0.020237
0.018156
0.015403
0.012352
0.009082
0.006112
0.003426
0.001052
-0.001023
-0.002661
-0.003905
-0.005170
-0.006609
-0.007884
-0.008718
-0.009007
-0.008885
-0.008482
-0.007846
-0.007695
-0.007553
-0.007359
-0.007349
-0.007238
-0.007193
-0.007452
-0.007899
-0.008305
-0.008487
-0.008255
-0.007463
-0.006235
-0.004600
-0.002534
-0.000345
0.001683
0.002846
0.003322
0.003479
0.003259
0.002859
0.002463
0.002146
0.001439
0.000602
0.000054
-0.000687
-0.001571
-0.002276
-0.002344
-0.002083
-0.001795
-0.001414
-0.001190
-0.000940
-0.000628
-0.000692
-0.000663
-0.000230
-0.000060
0.000144
0.000365
0.000230
-0.000028
-0.000206
-0.000457
-0.000890
-0.001496
-0.002244
-0.003021
-0.003660
-0.004397
-0.005337
-0.006192
-0.006934
-0.007206
-0.007000
-0.006539
-0.005953
-0.005607
-0.005806
-0.006364
-0.006771
-0.007480
-0.008857
-0.010116
-0.011381
-0.012204
-0.012536
-0.012804
-0.012801
-0.012540
-0.012299
-0.012079
-0.011428
-0.009915
-0.007636
-0.004879
-0.001889
0.001066
0.003777
0.006297
0.008760
0.011111
0.013176
0.015146
0.017309
0.019309
0.021113
0.022357
0.023038
0.022906
0.021821
0.020637
0.018997
0.017784
0.017502
0.017529
0.018124
0.019379
0.020671
0.021787
0.022340
0.022253
0.021654
0.020633
0.019555
0.018045
0.016338
0.014214
0.011377
0.008633
0.005956
0.003450
0.001186
-0.000864
-0.002607
-0.004214
-0.005761
-0.006869
-0.008017
-0.008980
-0.009559
-0.010529
-0.011460
-0.012213
-0.012875
-0.013311
-0.013588
-0.013590
-0.013550
-0.013640
-0.013309
-0.012451
-0.011611
-0.010780
-0.010041
-0.009754
-0.009644
-0.009762
-0.009874
-0.009807
-0.009718
-0.009229
-0.008921
-0.008900
-0.008494
-0.008227
-0.008268
-0.008181
-0.008347
-0.008817
-0.009171
-0.009229
-0.008957
-0.008420
-0.008225
-0.008006
-0.007467
-0.007173
-0.006785
-0.006271
-0.005725
-0.005324
-0.005511
-0.005825
-0.006072
-0.006548
-0.007000
-0.007261
-0.007394
-0.007119
-0.006515
-0.005984
-0.005410
-0.004921
-0.004460
-0.003885
-0.003251
-0.003038
-0.002842
-0.002491
-0.002257
-0.001650
-0.001108
-0.000410
0.000641
0.001867
0.003239
0.004861
0.006490
0.007846
0.008705
0.009312
0.010049
0.010512
0.011133
0.012438
0.013792
0.015330
0.016753
0.017544
0.018086
0.018368
0.018264
0.017928
0.017719
0.017641
0.018149
0.019230
0.020583
0.021947
0.022982
0.023629
0.024004
0.023991
0.023847
0.023634
0.023732
0.023938
0.024138
0.024259
0.023973
0.023041
0.021706
0.020213
0.018288
0.015940
0.013376
0.010802
0.008299
0.006013
0.003886
0.001302
-0.001871
-0.005457
-0.009829
-0.014132
-0.017919
-0.021525
-0.024671
-0.026849
-0.028395
-0.029796
-0.031002
-0.032384
-0.033531
-0.034649
-0.035771
-0.036474
-0.036848
-0.037028
-0.036706
-0.036460
-0.036470
-0.035882
-0.034983
-0.034123
-0.033086
-0.031906
-0.030319
-0.028271
-0.026014
-0.023519
-0.020599
-0.017790
-0.015049
-0.012191
-0.009477
-0.006729
-0.003863
-0.001248
0.000890
0.003082
0.005353
0.007291
0.009231
0.010901
0.012074
0.013011
0.013456
0.013615
0.013859
0.014129
0.014532
0.014778
0.015074
0.015527
0.016375
0.017012
0.017100
0.017163
0.017245
0.017199
0.017003
0.016902
0.017102
0.017557
0.018231
0.019272
0.020382
0.021634
0.022957
0.024057
0.025024
0.026148
0.027026
0.027755
0.028304
0.028512
0.028697
0.028266
0.027233
0.026116
0.024462
0.022403
0.020108
0.017900
0.015690
0.013729
0.011580
0.009115
0.006414
0.003312
0.000537
-0.002315
-0.005204
-0.007676
-0.009541
-0.011378
-0.013065
-0.014538
-0.016224
-0.017575
-0.018599
-0.019901
-0.020867
-0.021605
-0.022473
-0.023306
-0.024486
-0.025766
-0.026970
-0.028198
-0.029149
-0.029524
-0.029591
-0.029573
-0.029205
-0.028247
-0.026914
-0.025210
-0.023279
-0.021042
-0.018703
-0.016541
-0.014143
-0.011834
-0.010071
-0.008809
-0.007722
-0.006490
-0.005078
-0.003333
-0.001156
0.001057
0.003638
0.006586
0.009025
0.010838
0.012019
0.012964
0.013838
0.014498
0.014984
0.015298
0.015400
0.015076
0.014288
0.013234
0.011787
0.010419
0.009447
0.008447
0.007649
0.007127
0.006100
0.004856
0.003592
0.002086
0.000668
-0.000523
-0.001482
-0.002255
-0.002584
-0.002676
-0.002789
-0.002785
-0.002927
-0.003367
-0.003877
-0.004575
-0.005055
-0.005356
-0.005594
-0.005360
-0.004799
-0.004280
-0.003479
-0.002143
-0.000586
0.000879
0.002329
0.004006
0.005888
0.008136
0.010367
0.012208
0.013812
0.015383
0.016730
0.017980
0.019134
0.019805
0.020078
0.020043
0.019745
0.019332
0.018799
0.017905
0.016787
0.015521
0.014019
0.012333
0.010764
0.009249
0.007951
0.006975
0.005884
0.004725
0.003633
0.002378
0.000926
-0.000647
-0.002159
-0.004089
-0.006160
-0.007817
-0.009432
-0.011025
-0.012542
-0.014052
-0.015181
-0.015627
-0.015870
-0.016137
-0.016272
-0.016718
-0.017422
-0.017833
-0.018243
-0.018582
-0.018607
-0.018672
-0.018506
-0.018217
-0.017907
-0.017435
-0.016874
-0.015997
-0.015046
-0.014185
-0.013325
-0.012455
-0.011588
-0.010829
-0.009958
-0.009258
-0.008358
-0.007181
-0.006145
-0.005026
-0.003388
-0.001982
-0.000604
0.000929
0.002198
0.003522
0.005095
0.006554
0.007995
0.009321
0.010230
0.011050
0.011815
0.012471
0.013163
0.014054
0.014918
0.015651
0.016275
0.016581
0.016348
0.015611
0.014459
0.013284
0.012340
0.011855
0.011753
0.011854
0.011884
0.011901
0.011727
0.010957
0.010087
0.008965
0.007474
0.006122
0.004922
0.003874
0.003161
0.002514
0.001785
0.000964
0.000025
-0.000716
-0.001372
-0.001924
-0.002550
-0.003031
-0.002989
-0.002819
-0.002745
-0.002934
-0.003214
-0.003105
-0.002983
-0.002996
-0.002729
-0.002359
-0.001553
-0.000382
0.000779
0.001857
0.002682
0.003598
0.004358
0.004838
0.005055
0.004943
0.004387
0.003397
0.002548
0.001632
0.000477
-0.000493
-0.001250
-0.001887
-0.002588
-0.003201
-0.003751
-0.004654
-0.005756
-0.006886
-0.007834
-0.008454
-0.009138
-0.009979
-0.010572
-0.011063
-0.012019
-0.013115
-0.014155
-0.014968
-0.015497
-0.015887
-0.016127
-0.016397
-0.016778
-0.017229
-0.017833
-0.018606
-0.019458
-0.020133
-0.020228
-0.020051
-0.019601
-0.018792
-0.017205
-0.015377
-0.013776
-0.011914
-0.010027
-0.008069
-0.006095
-0.003903
-0.001704
0.000155
0.002157
0.004476
0.006546
0.008547
0.010772
0.012885
0.014912
0.017322
0.020275
0.023193
0.025796
0.028295
0.030314
0.031972
0.033668
0.035160
0.036347
0.036926
0.036933
0.036797
0.036506
0.035706
0.034404
0.032703
0.030884
0.028826
0.026610
0.024636
0.022444
0.020240
0.017858
0.015250
0.012948
0.010481
0.007494
0.004338
0.001085
-0.002336
-0.005380
-0.008055
-0.010505
-0.012568
-0.014334
-0.016159
-0.018079
-0.019836
-0.021093
-0.022072
-0.023223
-0.024097
-0.024674
-0.025068
-0.024925
-0.024602
-0.024287
-0.023542
-0.022814
-0.022293
-0.021737
-0.021175
-0.020696
-0.020091
-0.019644
-0.019042
-0.018516
-0.018185
-0.017530
-0.016799
-0.015816
-0.014818
-0.013787
-0.012513
-0.011266
-0.010017
-0.008866
-0.007690
-0.006290
-0.005252
-0.004332
-0.003344
-0.002495
-0.001839
-0.001642
-0.001563
-0.001646
-0.001835
-0.001786
-0.001486
-0.000765
0.000393
0.001649
0.003002
0.004293
0.005518
0.006679
0.007534
0.008341
0.008973
0.009486
0.010456
0.011568
0.012245
0.013090
0.014527
0.015986
0.017115
0.018065
0.019027
0.019775
0.020312
0.020866
0.021467
0.022112
0.022750
0.023078
0.023132
0.022927
0.022123
0.020740
0.019171
0.017530
0.015698
0.013650
0.011663
0.010070
0.008883
0.007824
0.006460
0.004951
0.003421
0.001855
0.000304
-0.001624
-0.004057
-0.006663
-0.009274
-0.012069
-0.014574
-0.016746
-0.018556
-0.020073
-0.021204
-0.021883
-0.022430
-0.022626
-0.022081
-0.021452
-0.020624
-0.019281
-0.017788
-0.016363
-0.014785
-0.013207
-0.011612
-0.009932
-0.008335
-0.006635
-0.004901
-0.003263
-0.001767
-0.000495
0.000365
0.000870
0.001320
0.002055
0.002657
0.003388
0.004600
0.005890
0.007324
0.008764
0.010249
0.011429
0.012105
0.012302
0.011956
0.011782
0.011781
0.011413
0.011014
0.010864
0.010741
0.010469
0.010181
0.010047
0.010040
0.009577
0.008550
0.007807
0.007359
0.006713
0.005984
0.005239
0.004081
0.002520
0.000987
-0.000748
-0.002427
-0.003937
-0.005672
-0.007642
-0.009553
-0.011285
-0.012948
-0.014460
-0.015709
-0.016805
-0.017690
-0.018041
-0.018498
-0.019005
-0.018939
-0.018693
-0.018232
-0.017551
-0.016724
-0.015558
-0.014247
-0.013146
-0.011972
-0.010705
-0.009512
-0.008076
-0.006508
-0.004995
-0.003338
-0.001596
0.000107
0.001321
0.002034
0.002650
0.003212
0.003892
0.004380
0.004936
0.006138
0.007508
0.008927
0.010152
0.011172
0.011771
0.012224
0.012749
0.013299
0.013674
0.014437
0.015741
0.016795
0.017900
0.018906
0.019368
0.019568
0.019644
0.019631
0.019538
0.019319
0.019076
0.018769
0.018363
0.017595
0.016566
0.015075
0.013496
0.011881
0.009981
0.007958
0.005897
0.003750
0.001484
-0.000275
-0.001678
-0.003023
-0.004055
-0.004877
-0.005716
-0.006324
-0.007056
-0.008258
-0.009377
-0.010503
-0.011556
-0.012349
-0.013021
-0.013694
-0.014438
-0.014772
-0.014872
-0.014988
-0.014842
-0.014350
-0.013883
-0.013690
-0.013802
-0.014019
-0.013919
-0.013584
-0.013288
-0.012956
-0.012635
-0.012319
-0.011824
-0.011330
-0.010988
-0.010920
-0.011239
-0.011549
-0.011538
-0.011119
-0.010562
-0.009895
-0.008868
-0.007529
-0.006479
-0.005382
-0.003955
-0.002755
-0.001368
0.000009
0.001433
0.002996
0.004431
0.005678
0.006794
0.007980
0.008773
0.009086
0.009364
0.009707
0.010281
0.010874
0.011212
0.011652
0.012546
0.013413
0.013920
0.013990
0.013798
0.013424
0.013001
0.013006
0.013067
0.012780
0.012463
0.012614
0.013116
0.013754
0.014523
0.015074
0.015228
0.015043
0.014301
0.013437
0.012471
0.011063
0.009290
0.007514
0.005710
0.003831
0.002256
0.000644
-0.000745
-0.001886
-0.003397
-0.005056
-0.006645
-0.007806
-0.008704
-0.009595
-0.010471
-0.011267
-0.011834
-0.012251
-0.012487
-0.012642
-0.012951
-0.013526
-0.013995
-0.014075
-0.013762
-0.012961
-0.011636
-0.010141
-0.008812
-0.007664
-0.006939
-0.006898
-0.006982
-0.006961
-0.006832
-0.006559
-0.006071
-0.005406
-0.004225
-0.002606
-0.000953
0.000645
0.002429
0.003945
0.005012
0.005498
0.005419
0.005038
0.004156
0.003219
0.002463
0.001728
0.001512
0.001707
0.001969
0.002016
0.002206
0.002484
0.002222
0.001970
0.002015
0.001915
0.001559
0.001425
0.001521
0.001718
0.001948
0.002365
0.002841
0.003096
0.003424
0.003616
0.003519
0.003136
0.002546
0.001484
0.000476
-0.000182
-0.000597
-0.000608
-0.000325
-0.000177
-0.000013
0.000051
-0.000071
-0.000179
-0.000110
0.000352
0.000918
0.001764
0.002822
0.003804
0.004690
0.005193
0.005391
0.005152
0.004738
0.004324
0.003560
0.002749
0.002248
0.001888
0.001480
0.001466
0.001693
0.001728
0.001487
0.001017
0.000537
-0.000073
-0.000897
-0.001529
-0.002023
-0.002389
-0.002467
-0.002517
-0.002708
-0.002862
-0.002903
-0.003156
-0.003711
-0.004165
-0.004286
-0.004079
-0.003635
-0.003370
-0.003340
-0.003579
-0.003870
-0.004367
-0.005091
-0.005746
-0.006169
-0.006519
-0.006996
-0.007001
-0.006624
-0.006017
-0.005068
-0.004227
-0.003381
-0.002245
-0.000915
0.000138
0.000902
0.001589
0.002104
0.002705
0.003171
0.003503
0.003791
0.003756
0.003738
0.003752
0.003862
0.004113
0.004439
0.004719
0.004774
0.004734
0.004823
0.004700
0.004593
0.004366
0.003775
0.002962
0.002357
0.002042
0.002144
0.002730
0.003299
0.004076
0.005042
0.005951
0.006541
0.006597
0.006684
0.006848
0.007074
0.007384
0.007688
0.008004
0.007712
0.007190
0.006924
0.006281
0.005621
0.005100
0.004277
0.003212
0.002081
0.000836
-0.000386
-0.001410
-0.002861
-0.004365
-0.005590
-0.006640
-0.007227
-0.007466
-0.007460
-0.007489
-0.007546
-0.007366
-0.007247
-0.007558
-0.008205
-0.008809
-0.009245
-0.009478
-0.009033
-0.007979
-0.006936
-0.005934
-0.005316
-0.004819
-0.004208
-0.003534
-0.002729
-0.001596
-0.000514
0.000362
0.001271
0.001856
0.001970
0.002195
0.002421
0.002350
0.002196
0.002239
0.002984
0.003960
0.004186
0.003856
0.003077
0.001999
0.000836
-0.000123
-0.000737
-0.001105
-0.001632
-0.002168
-0.002718
-0.003620
-0.004707
-0.005696
-0.006599
-0.007361
-0.007775
-0.007784
-0.007456
-0.006988
-0.006522
-0.005914
-0.005323
-0.004729
-0.004027
-0.003461
-0.002685
-0.001775
-0.000937
-0.000096
0.000521
0.001299
0.002239
0.003176
0.004242
0.004994
0.005154
0.004925
0.004672
0.004516
0.004462
0.004373
0.004139
0.004189
0.004290
0.004259
0.004198
0.004116
0.004364
0.004877
0.005415
0.005998
0.006274
0.006433
0.006585
0.006694
0.006967
0.007451
0.008379
0.009579
0.010145
0.010045
0.009292
0.008219
0.007234
0.006727
0.006645
0.006909
0.007377
0.007443
0.007165
0.006322
0.004975
0.003711
0.002713
0.002325
0.002432
0.002609
0.003087
0.003179
0.002543
0.001443
-0.000386
-0.002255
-0.003512
-0.004091
-0.004301
-0.004337
-0.004208
-0.004164
-0.004251
-0.004749
-0.005348
-0.006102
-0.006562
-0.006426
-0.005796
-0.004633
-0.003338
-0.002493
-0.002191
-0.002352
-0.003040
-0.003881
-0.004413
-0.004745
-0.004894
-0.004783
-0.004900
-0.005365
-0.006300
-0.007373
-0.008484
-0.009722
-0.010561
-0.010848
-0.010926
-0.010615
-0.010015
-0.009685
-0.009593
-0.009647
-0.010202
-0.010731
-0.010961
-0.010964
-0.010362
-0.009141
-0.007895
-0.006500
-0.005098
-0.003989
-0.002932
-0.002017
-0.001327
-0.000340
0.000817
0.001677
0.002315
0.002825
0.003290
0.003780
0.004651
0.005418
0.006240
0.007155
0.007778
0.008554
0.009386
0.010572
0.011886
0.013087
0.014342
0.015171
0.015635
0.015876
0.016010
0.015944
0.015819
0.015773
0.015403
0.014919
0.014390
0.013697
0.012656
0.011586
0.010531
0.009186
0.007728
0.006190
0.004985
0.003725
0.002278
0.000925
-0.000366
-0.001515
-0.002694
-0.003849
-0.005086
-0.006357
-0.007491
-0.008713
-0.009879
-0.010967
-0.012141
-0.013213
-0.014372
-0.015228
-0.015596
-0.015898
-0.015877
-0.015813
-0.015632
-0.015167
-0.014345
-0.013304
-0.012119
-0.010878
-0.009734
-0.008696
-0.007681
-0.006363
-0.005057
-0.003950
-0.002459
-0.001161
-0.000273
0.000910
0.001927
0.003013
0.004463
0.005799
0.007039
0.007941
0.008565
0.009462
0.010231
0.010790
0.011250
0.011530
0.011930
0.012138
0.012514
0.012885
0.013088
0.013511
0.013811
0.013823
0.013878
0.013603
0.012789
0.011810
0.010610
0.009269
0.008338
0.007964
0.007717
0.007140
0.006137
0.004582
0.002554
0.000611
-0.001150
-0.003039
-0.004572
-0.005839
-0.006791
-0.007511
-0.007984
-0.008501
-0.009297
-0.010301
-0.011164
-0.012107
-0.013079
-0.013901
-0.014448
-0.014788
-0.015144
-0.015278
-0.015144
-0.014848
-0.014504
-0.013875
-0.013214
-0.012471
-0.011160
-0.009759
-0.008841
-0.008004
-0.007050
-0.006479
-0.005810
-0.004927
-0.004180
-0.003228
-0.002078
-0.000963
0.000665
0.002471
0.004226
0.006150
0.007672
0.008421
0.008385
0.007825
0.006902
0.006371
0.006210
0.006239
0.006822
0.007510
0.008290
0.008743
0.008781
0.008682
0.007957
0.007072
0.006444
0.005872
0.005346
0.005128
0.005018
0.004687
0.003962
0.003497
0.003441
0.003798
0.004378
0.004541
0.004702
0.004461
0.003965
0.003858
0.004194
0.004896
0.005601
0.006037
0.006056
0.005970
0.005564
0.004846
0.003611
0.002185
0.001293
0.001084
0.001423
0.002073
0.002748
0.003071
0.002876
0.001950
0.000875
-0.000077
-0.000921
-0.001080
-0.000975
-0.001107
-0.001416
-0.001747
-0.002334
-0.003284
-0.004278
-0.005571
-0.006744
-0.006988
-0.006564
-0.005831
-0.005193
-0.004889
-0.004692
-0.004691
-0.004834
-0.005118
-0.005536
-0.005678
-0.005684
-0.005457
-0.005051
-0.004386
-0.003632
-0.003292
-0.003232
-0.003726
-0.004641
-0.005303
-0.005549
-0.005371
-0.005260
-0.004975
-0.004456
-0.004011
-0.003130
-0.002229
-0.001693
-0.001270
-0.000720
-0.000038
0.000700
0.001457
0.001786
0.002014
0.002042
0.001596
0.001229
0.001115
0.001134
0.001124
0.001179
0.001457
0.001756
0.002187
0.002701
0.003571
0.004008
0.003905
0.004019
0.004017
0.003742
0.003606
0.003638
0.003636
0.003668
0.003709
0.003694
0.003640
0.003601
0.003322
0.003115
0.003383
0.003517
0.003367
0.003279
0.002893
0.002367
0.001993
0.001984
0.002055
0.002099
0.002399
0.002253
0.001694
0.001023
-0.000046
-0.000875
-0.001313
-0.001998
-0.002780
-0.003508
-0.004266
-0.004860
-0.005323
-0.005524
-0.005482
-0.005171
-0.004742
-0.004694
-0.005054
-0.005509
-0.005637
-0.005382
-0.004856
-0.004410
-0.003629
-0.002743
-0.001906
-0.001397
-0.001095
-0.000864
-0.000568
-0.000049
0.000767
0.001598
0.002107
0.002388
0.002754
0.003055
0.003769
0.004820
0.005877
0.006965
0.007901
0.008344
0.008489
0.008697
0.008630
0.008727
0.009485
0.010146
0.010493
0.010626
0.010671
0.010521
0.010221
0.010015
0.009292
0.008409
0.007653
0.006809
0.006009
0.005040
0.003768
0.002399
0.001433
0.000505
-0.000683
-0.001923
-0.003243
-0.004969
-0.006984
-0.008590
-0.009638
-0.010214
-0.010095
-0.009712
-0.009256
-0.008905
-0.008819
-0.009076
-0.009544
-0.009901
-0.009885
-0.009491
-0.008864
-0.008198
-0.008006
-0.008126
-0.008407
-0.008807
-0.008971
-0.009039
-0.008775
-0.008286
-0.007353
-0.006208
-0.005414
-0.004363
-0.003492
-0.003379
-0.003561
-0.003591
-0.003394
-0.002860
-0.002037
-0.001083
-0.000342
0.000189
0.000550
0.000343
0.000067
-0.000082
0.000209
0.001203
0.002476
0.003989
0.005496
0.006515
0.006703
0.006401
0.005554
0.004791
0.004414
0.004697
0.005553
0.006290
0.007016
0.007366
0.007159
0.006579
0.006077
0.005587
0.005281
0.005075
0.004911
0.005217
0.005954
0.006571
0.007075
0.007369
0.007178
0.006290
0.005480
0.004893
0.004194
0.003566
0.002986
0.002401
0.001861
0.001470
0.001359
0.001402
0.001416
0.001285
0.000915
0.000557
0.000337
0.000367
0.000389
0.000236
0.000410
0.000556
0.000615
0.000746
0.000804
0.000938
0.001298
0.001263
0.000919
0.000578
-0.000488
-0.001539
-0.002400
-0.003019
-0.002968
-0.002773
-0.002756
-0.003019
-0.003393
-0.003792
-0.004405
-0.005057
-0.005264
-0.005215
-0.005243
-0.005505
-0.005892
-0.006088
-0.006074
-0.005857
-0.005565
-0.005203
-0.004928
-0.004655
-0.004400
-0.004450
-0.004638
-0.004769
-0.004896
-0.004742
-0.004124
-0.003423
-0.002470
-0.001534
-0.000821
-0.000270
0.000139
0.000554
0.001041
0.001740
0.002524
0.003170
0.003435
0.003633
0.004181
0.004750
0.005239
0.005748
0.005818
0.005459
0.004955
0.004767
0.004874
0.005175
0.005751
0.006344
0.006964
0.007351
0.007361
0.007277
0.006962
0.006490
0.006044
0.005679
0.005618
0.005485
0.005118
0.004562
0.003988
0.003485
0.003097
0.002834
0.002581
0.002247
0.001726
0.000962
-0.000217
-0.001585
-0.002947
-0.004486
-0.005794
-0.006854
-0.007791
-0.008256
-0.008520
-0.008880
-0.009086
-0.009249
-0.009350
-0.009220
-0.009104
-0.008974
-0.009134
-0.008944
-0.008658
-0.008745
-0.008692
-0.008305
-0.007861
-0.007708
-0.007442
-0.007161
-0.007308
-0.007347
-0.006894
-0.006148
-0.005107
-0.003940
-0.002889
-0.002015
-0.001093
-0.000189
0.001016
0.002207
0.003268
0.004227
0.004627
0.004811
0.005098
0.005503
0.005718
0.005831
0.005830
0.005600
0.005418
0.005546
0.006255
0.007022
0.007531
0.007714
0.007735
0.007672
0.007223
0.007002
0.006968
0.007019
0.007026
0.007089
0.007225
0.007183
0.007080
0.006825
0.006366
0.005702
0.004843
0.004420
0.004221
0.003730
0.003544
0.003256
0.002730
0.002403
0.001954
0.001737
0.001859
0.002103
0.002317
0.002447
0.002460
0.002511
0.002454
0.002221
0.002014
0.001947
0.002001
0.001651
0.001119
0.000790
0.000664
0.000778
0.000796
0.000955
0.001124
0.001060
0.000915
0.000943
0.000897
0.000665
0.000485
0.000428
0.000149
-0.000635
-0.001204
-0.001548
-0.002168
-0.002927
-0.004169
-0.005698
-0.007166
-0.008203
-0.008879
-0.009300
-0.009594
-0.010002
-0.010253
-0.010474
-0.010793
-0.010879
-0.010997
-0.011124
-0.011339
-0.011791
-0.012187
-0.012385
-0.012276
-0.011898
-0.011338
-0.010715
-0.010075
-0.009222
-0.008341
-0.007468
-0.006614
-0.005921
-0.005217
-0.004421
-0.003459
-0.002892
-0.002264
-0.001367
-0.000657
-0.000072
0.001027
0.002230
0.003253
0.004595
0.005626
0.006396
0.006977
0.007245
0.007404
0.007653
0.007933
0.008136
0.008359
0.008524
0.008857
0.009384
0.009982
0.010414
0.010796
0.011146
0.010840
0.010121
0.009627
0.008862
0.008156
0.007552
0.006807
0.006251
0.005962
0.005750
0.005869
0.005991
0.005645
0.005369
0.004965
0.004019
0.003181
0.002847
0.002782
0.002928
0.002983
0.002764
0.002528
0.002120
0.001642
0.001423
0.001411
0.001662
0.002134
0.002631
0.003269
0.004009
0.004486
0.004458
0.004347
0.004327
0.004388
0.004302
0.004009
0.003595
0.002924
0.001950
0.000908
0.000230
-0.000355
-0.000964
-0.001774
-0.002714
-0.003157
-0.003289
-0.003430
-0.003870
-0.004533
-0.005216
-0.006103
-0.007252
-0.008646
-0.009600
-0.010376
-0.011201
-0.011810
-0.012283
-0.012725
-0.013252
-0.013624
-0.013989
-0.014105
-0.013994
-0.014013
-0.013942
-0.013748
-0.013654
-0.013678
-0.013507
-0.012867
-0.012201
-0.011672
-0.011038
-0.010154
-0.008953
-0.007969
-0.007086
-0.005775
-0.004556
-0.003527
-0.002731
-0.001966
-0.001136
-0.000412
0.000386
0.001304
0.002629
0.004005
0.005420
0.006846
0.008110
0.009448
0.010702
0.011753
0.012748
0.013663
0.014335
0.015238
0.016355
0.017173
0.017665
0.017940
0.017831
0.017358
0.016725
0.015980
0.015310
0.014599
0.014160
0.013790
0.013257
0.012876
0.012425
0.011812
0.010919
0.010032
0.009234
0.008577
0.007908
0.007156
0.006160
0.004802
0.003416
0.002112
0.001045
0.000163
-0.000673
-0.001416
-0.002248
-0.002834
-0.003161
-0.003640
-0.004162
-0.004733
-0.005448
-0.006085
-0.006585
-0.006904
-0.007257
-0.007732
-0.008232
-0.008755
-0.009437
-0.010037
-0.010809
-0.011174
-0.011285
-0.011608
-0.011923
-0.012000
-0.012038
-0.012282
-0.012169
-0.011717
-0.011482
-0.010934
-0.010254
-0.009580
-0.009016
-0.008633
-0.008526
-0.008127
-0.007653
-0.007345
-0.006757
-0.006175
-0.005512
-0.004478
-0.003658
-0.002810
-0.001990
-0.001237
-0.000424
0.000154
0.000636
0.001108
0.001433
0.001822
0.002253
0.002585
0.002827
0.003058
0.003537
0.004284
0.005036
0.005518
0.005752
0.005708
0.005383
0.005016
0.005068
0.005372
0.005626
0.006169
0.006628
0.006517
0.006437
0.006586
0.006880
0.007041
0.007555
0.008139
0.008476
0.008735
0.008992
0.008926
0.008595
0.008132
0.007351
0.006874
0.006415
0.005764
0.005217
0.004673
0.004219
0.003484
0.002734
0.001975
0.001120
0.000249
-0.000815
-0.001858
-0.002826
-0.003538
-0.003784
-0.003851
-0.003861
-0.003781
-0.003804
-0.004223
-0.005022
-0.005567
-0.006050
-0.006649
-0.006880
-0.007007
-0.007008
-0.006952
-0.007119
-0.007138
-0.006993
-0.006660
-0.006054
-0.005214
-0.004093
-0.002927
-0.002048
-0.000913
0.000459
0.001446
0.002059
0.002642
0.003247
0.003589
0.003706
0.003723
0.003604
0.003432
0.003046
0.002601
0.002623
0.002859
0.003097
0.003204
0.003288
0.003220
0.003147
0.003055
0.002857
0.002864
0.002854
0.002578
0.002828
0.003156
0.003460
0.003852
0.004124
0.004119
0.003802
0.003604
0.003149
0.002409
0.001854
0.001364
0.001166
0.001262
0.001213
0.001006
0.000597
-0.000087
-0.000733
-0.001255
-0.001918
-0.002525
-0.002804
-0.003019
-0.003355
-0.003667
-0.003953
-0.004186
-0.004376
-0.004795
-0.005161
-0.005457
-0.005862
-0.005887
-0.005650
-0.005689
-0.006009
-0.006621
-0.006992
-0.007149
-0.007237
-0.007074
-0.006893
-0.006685
-0.006257
-0.005633
-0.004685
-0.003777
-0.003082
-0.002361
-0.001963
-0.001627
-0.000979
-0.000511
-0.000187
0.000325
0.001009
0.001510
0.002051
0.002640
0.003023
0.003350
0.003583
0.003621
0.003673
0.003702
0.003663
0.003791
0.004006
0.004205
0.004506
0.004904
0.005092
0.005437
0.005680
0.005799
0.005990
0.006030
0.005926
0.005700
0.005253
0.004805
0.004406
0.003817
0.003372
0.003075
0.002658
0.002233
0.001995
0.001756
0.001622
0.001484
0.001388
0.001340
0.001256
0.001189
0.001009
0.000455
0.000194
0.000053
-0.000224
-0.000508
-0.000694
-0.000840
-0.001042
-0.000916
-0.000660
-0.000875
-0.001101
-0.001023
-0.000978
-0.001023
-0.000693
-0.000356
-0.000255
-0.000224
-0.000363
-0.000457
-0.000603
-0.000784
-0.001030
-0.001194
-0.001243
-0.001300
-0.001367
-0.001380
-0.001374
-0.001501
-0.001669
-0.001755
-0.001833
-0.001557
-0.001225
-0.001238
-0.001226
-0.001194
-0.001302
-0.001390
-0.001303
-0.001018
-0.000404
0.000340
0.000774
0.001034
0.001541
0.001808
0.001708
0.001418
0.000870
0.000490
-0.000140
-0.000459
-0.000392
-0.000419
-0.000550
-0.000309
0.000057
0.000283
0.000591
0.000781
0.000552
0.000197
0.000032
-0.000172
-0.000409
-0.000399
-0.000275
-0.000182
-0.000301
-0.000398
-0.000599
-0.001004
-0.001570
-0.001994
-0.001967
-0.001936
-0.001867
-0.001722
-0.001736
-0.001910
-0.002157
-0.002356
-0.002383
-0.002477
-0.002695
-0.002862
-0.002826
-0.002866
-0.002913
-0.002875
-0.002760
-0.002604
-0.002355
-0.002045
-0.001695
-0.001350
-0.001271
-0.001067
-0.000756
-0.000509
-0.000259
0.000042
0.000340
0.000795
0.001276
0.001846
0.002307
0.002575
0.002804
0.003099
0.003455
0.003514
0.003305
0.003427
0.003596
0.003639
0.003542
0.003557
0.003628
0.003506
0.003271
0.002965
0.002764
0.002701
0.002543
0.002657
0.002914
0.003031
0.003026
0.003040
0.003184
0.003080
0.002878
0.002766
0.002363
0.001820
0.001745
0.001606
0.001417
0.001276
0.001007
0.000579
0.000201
-0.000100
-0.000371
-0.000425
-0.000282
-0.000192
-0.000264
-0.000415
-0.000519
-0.000691
-0.001062
-0.001395
-0.001726
-0.002106
-0.002398
-0.002613
-0.002769
-0.002820
-0.003164
-0.003722
-0.004194
-0.004236
-0.004063
-0.004130
-0.004367
-0.004251
-0.004143
-0.003920
-0.003514
-0.003244
-0.002914
-0.002876
-0.002967
-0.002967
-0.002930
-0.002648
-0.002229
-0.001927
-0.001695
-0.001565
-0.001344
-0.000956
-0.000673
-0.000469
-0.000025
0.000139
0.000285
0.000547
0.000639
0.000476
0.000389
0.000534
0.000764
0.001254
0.001718
0.001935
0.001775
0.001349
0.001132
0.001410
0.001850
0.002454
0.003035
0.003452
0.004161
0.004664
0.005105
0.005175
0.004902
0.004991
0.005157
0.005285
0.005566
0.005809
0.005793
0.005741
0.005822
0.005656
0.005484
0.005299
0.005006
0.004727
0.004476
0.004194
0.003956
0.003871
0.003712
0.003395
0.003187
0.003042
0.002405
0.001585
0.000833
-0.000168
-0.001125
-0.001784
-0.002125
-0.002569
-0.003569
-0.004591
-0.005675
-0.006733
-0.007541
-0.008111
-0.008326
-0.008258
-0.008130
-0.008124
-0.008160
-0.008476
-0.008733
-0.008899
-0.009082
-0.009227
-0.009260
-0.009138
-0.008910
-0.008410
-0.007890
-0.007791
-0.007777
-0.007374
-0.006690
-0.005867
-0.004886
-0.003750
-0.002782
-0.002065
-0.001334
-0.000758
-0.000550
-0.000189
0.000156
0.000428
0.001115
0.001860
0.002509
0.003222
0.004054
0.004468
0.004654
0.004860
0.005274
0.005747
0.006597
0.007517
0.009118
0.009555
0.011460
0.008279
