# STATIONID: 207
# STARTTIME: 1123744047.500000
# SAMPLERATE: 100
# NUMSAMPLES: 8269
0.000277
0.001205
0.001386
0.001774
0.002698
0.002987
0.002248
0.001895
0.001405
0.000619
-0.000177
-0.000777
-0.000837
-0.000847
-0.000502
-0.000300
-0.000354
-0.000036
0.000682
0.001013
0.000828
0.001212
0.001654
0.001753
0.000975
0.000181
0.000196
-0.000218
0.000076
-0.000698
-0.001743
-0.000917
-0.000890
-0.000690
-0.000215
-0.000198
0.000289
0.000251
0.000816
0.001583
0.001418
0.001349
0.000910
0.000201
0.000003
0.000059
0.000119
-0.000065
-0.000513
-0.000455
0.000145
-0.000127
-0.000232
0.000083
0.001004
0.001074
0.000394
0.000761
0.000623
0.000280
0.000270
-0.000509
-0.001116
-0.001340
-0.001095
-0.000459
-0.000178
0.000154
0.000006
0.000497
0.001598
0.001755
0.001555
0.002238
0.002547
0.002154
0.001496
0.000537
-0.000182
-0.001097
-0.001840
-0.001253
-0.001259
-0.001263
-0.001166
-0.000877
0.000211
0.001277
0.002118
0.002963
0.002994
0.002315
0.002221
0.002054
0.001177
0.000384
-0.000506
-0.001491
-0.001602
-0.002100
-0.002393
-0.002313
-0.001791
-0.000290
0.000721
0.000756
0.000838
0.001819
0.002096
0.001746
0.001991
0.002310
0.001674
0.000599
0.000632
0.000826
0.000268
-0.000762
-0.000392
-0.000861
-0.001513
-0.000665
-0.000070
0.000196
0.001000
0.001626
0.001339
0.001379
0.001168
0.000960
0.000776
-0.000228
-0.000961
-0.001234
-0.001772
-0.001605
-0.001327
-0.001065
-0.000021
0.000055
0.000042
0.000669
0.001608
0.002082
0.001839
0.001667
0.001821
0.000869
-0.000164
-0.000465
-0.001048
-0.001516
-0.001536
-0.001269
-0.000994
-0.001519
-0.001481
-0.000051
-0.000099
-0.000151
0.000599
0.000739
0.000913
0.001391
0.001062
0.000477
0.000047
-0.000144
-0.000269
-0.000587
-0.000602
-0.000379
0.000154
0.000382
0.000355
0.000639
0.001521
0.001767
0.001261
0.000735
0.000181
-0.000268
-0.001095
-0.001611
-0.001321
-0.001086
-0.000864
-0.000988
-0.000984
-0.000747
-0.000193
0.001006
0.001086
0.001086
0.001778
0.001288
0.000479
0.000439
-0.000113
-0.000724
-0.001307
-0.001491
-0.000965
-0.001386
-0.001658
-0.000910
0.000023
0.000218
0.000736
0.001289
0.001015
0.001423
0.001684
0.001191
0.000898
0.000333
-0.000654
-0.000511
0.000165
-0.000227
-0.000699
-0.000638
-0.000370
-0.000589
-0.000005
0.000141
-0.000456
-0.000082
0.000399
0.001241
0.001240
0.000742
0.000373
0.000429
0.000878
0.000805
0.000028
-0.000273
0.000207
0.000250
-0.000592
-0.000753
-0.000046
-0.000208
-0.000636
-0.000382
-0.000126
-0.000238
-0.000447
-0.000167
-0.000291
-0.000746
-0.000089
0.000604
0.000281
0.000777
0.001260
0.001751
0.001938
0.002068
0.001778
0.001299
0.000750
0.000165
-0.000497
-0.001101
-0.001490
-0.001156
-0.000938
-0.000876
-0.000148
0.000901
0.001976
0.002289
0.001962
0.001753
0.001282
0.000458
0.000417
-0.000353
-0.001249
-0.001102
-0.000909
-0.001081
-0.000857
-0.000019
0.001258
0.001562
0.001616
0.001716
0.002544
0.002243
0.001018
0.000200
-0.001004
-0.001712
-0.001946
-0.002376
-0.002511
-0.002199
-0.001420
-0.000771
-0.000139
0.001068
0.001787
0.002200
0.002829
0.002873
0.002846
0.002585
0.000919
0.000035
-0.000001
-0.000345
-0.001090
-0.002071
-0.002000
-0.001792
-0.000870
-0.000302
-0.000415
0.000212
0.000958
0.001231
0.001069
0.000997
0.001261
0.001242
0.001091
0.000732
0.000156
-0.000109
-0.000752
-0.000804
-0.000405
-0.000915
-0.000700
-0.000262
0.000219
0.000418
0.000092
0.000245
-0.000107
-0.000556
-0.000251
-0.000434
-0.000446
0.000043
0.000730
0.001314
0.001611
0.001001
0.001219
0.000919
-0.000192
-0.000217
0.000331
0.000096
0.000072
0.000456
0.000237
-0.000004
-0.000665
-0.001186
-0.001378
-0.001220
-0.001264
-0.001469
-0.001046
-0.000361
0.000096
0.000728
0.001064
0.001394
0.001799
0.001844
0.001607
0.001205
0.000958
0.001170
0.000881
-0.000012
-0.000280
-0.000518
-0.000532
-0.000537
-0.000890
-0.000793
-0.001126
-0.001154
-0.000365
-0.000077
0.000130
0.000893
0.001166
0.001498
0.002325
0.001801
0.000707
0.001050
0.001355
0.000893
0.000305
0.000170
0.000517
0.000095
-0.000570
-0.000014
0.000221
0.000047
0.000057
0.000779
0.001306
0.001356
0.000927
0.000761
0.000628
0.000453
0.000481
0.000293
0.000182
-0.000201
-0.000095
0.000453
0.000599
0.000437
0.000797
0.001319
0.001042
0.000713
0.000224
-0.000321
-0.000405
-0.000400
-0.000277
-0.000555
-0.000997
-0.000744
-0.000147
-0.000378
-0.000375
-0.000464
-0.000489
-0.000159
0.000547
0.000813
0.000750
0.000977
0.000409
0.000336
0.000249
0.000438
0.000752
0.000343
-0.000054
-0.000028
0.000253
0.000222
-0.000304
0.000176
0.000780
0.000663
0.000913
0.000280
0.000129
0.000640
0.000720
0.000809
0.000026
-0.000516
0.000014
0.000203
-0.000600
-0.000208
0.000461
0.000494
0.000927
0.000648
0.000282
0.000637
0.000559
0.000675
0.000910
0.000876
0.000789
0.000264
-0.000080
0.000205
0.000067
-0.000220
0.000066
-0.000128
-0.000133
-0.000113
-0.000338
-0.000391
-0.000061
-0.000078
-0.000014
0.000261
0.000174
0.000075
0.000568
0.000929
0.000724
0.000493
0.000165
0.000087
0.000720
0.000497
-0.000139
-0.000206
-0.000585
-0.000357
0.000042
-0.000512
-0.001013
-0.000234
0.000222
0.000355
0.000575
0.000331
0.000906
0.001247
0.000918
0.001000
0.001346
0.001496
0.001199
0.001093
0.000933
0.000415
0.000365
0.000267
-0.000413
-0.000561
-0.000708
-0.000799
-0.000142
-0.000390
-0.000680
-0.000468
0.000496
0.000676
0.000392
0.000968
0.001047
0.000937
0.000918
0.000338
0.000502
0.000409
-0.000244
-0.000179
0.000430
0.001001
0.000881
0.000424
0.000873
0.001278
0.001135
0.001295
0.000728
0.000054
0.000249
-0.000049
0.000437
0.000536
-0.000233
0.000375
0.000556
0.000709
0.000879
0.000498
0.000203
-0.000530
-0.000985
-0.000129
-0.000411
-0.000777
-0.000774
-0.000619
-0.000153
-0.000225
-0.000051
0.000503
0.000528
0.000763
0.001015
0.000996
0.000585
0.000703
0.000820
0.000302
0.000239
0.000374
0.000677
0.000019
-0.000812
-0.000506
-0.000391
-0.000464
-0.000016
0.000303
0.000218
0.000794
0.000022
-0.000541
-0.000018
0.000687
0.001073
0.000929
0.000738
0.000318
0.000121
0.000140
-0.000423
0.000050
-0.000523
-0.001414
-0.001052
-0.000790
-0.000466
-0.000115
0.000404
0.000354
0.000260
0.000653
0.000405
0.000374
0.000866
-0.000074
-0.001153
-0.001769
-0.001676
-0.001120
-0.000833
-0.000734
-0.000181
0.000477
0.000996
0.001438
0.001079
0.001364
0.001517
0.001578
0.001316
0.000927
0.000623
0.000031
-0.000681
-0.001461
-0.001435
-0.001405
-0.001330
-0.000976
-0.000678
-0.000263
0.000083
0.000173
0.000299
0.000871
0.001222
0.000838
0.000340
0.000156
-0.000136
-0.000638
-0.000612
-0.000426
-0.000493
-0.000242
0.000116
0.000286
0.000954
0.001646
0.001264
0.001432
0.001939
0.001234
0.000610
0.000638
0.000346
-0.000972
-0.001551
-0.001023
-0.000271
0.000225
0.000248
0.000747
0.001381
0.000926
0.001096
0.001744
0.000862
0.000400
0.000620
0.000350
0.000249
-0.000389
-0.000843
-0.000966
-0.001150
-0.001225
-0.001276
-0.000887
-0.000312
0.000010
0.000497
0.000639
0.000041
0.000045
-0.000235
-0.000760
-0.000227
-0.000150
0.000110
-0.000180
-0.000909
0.000095
0.000639
0.000486
0.000522
0.001221
0.001356
0.000962
0.001341
0.001431
0.000776
0.000998
0.000990
0.000636
0.001123
0.000470
-0.000135
0.000134
0.000673
0.000952
0.000063
-0.000852
-0.001257
-0.001816
-0.001876
-0.001883
-0.001692
-0.001080
-0.000748
-0.000179
0.000462
0.001201
0.001960
0.002002
0.002194
0.002790
0.002642
0.001806
0.001321
0.001384
0.001126
-0.000191
-0.001081
-0.001297
-0.001525
-0.001171
-0.001088
-0.000912
0.000222
0.000473
0.000805
0.001376
0.001028
0.000988
0.001344
0.001298
0.000660
-0.000018
-0.000089
0.000587
0.000584
-0.000358
-0.000348
-0.000198
0.000281
0.000446
0.000959
0.001257
0.001047
0.001443
0.001305
0.000697
0.000517
0.000197
-0.000080
-0.000282
-0.000360
-0.000616
-0.001145
-0.001050
-0.000782
-0.000433
-0.000341
-0.000370
-0.000092
0.000091
-0.000043
0.000068
0.000266
0.000613
0.000331
0.000186
0.000533
0.000312
0.000625
0.000668
0.000387
0.000309
0.000716
0.000496
0.000300
-0.000661
-0.001768
-0.001273
-0.001098
-0.001000
-0.000807
-0.000867
-0.000286
0.000462
0.000652
0.000847
0.000367
0.000618
0.000830
0.000826
0.000148
-0.000398
-0.000190
-0.000532
-0.001094
-0.000731
-0.000438
-0.000366
0.000231
0.000120
-0.000564
-0.000818
-0.000216
-0.000017
-0.000162
0.000006
-0.000228
-0.000247
0.000053
-0.000374
-0.000653
-0.000025
0.000783
0.001223
0.001268
0.001132
0.001408
0.001619
0.001655
0.000949
-0.000092
-0.000395
-0.000271
-0.000231
0.000032
-0.000502
-0.001070
-0.000567
-0.000400
-0.000416
-0.000200
0.000830
0.001407
0.001625
0.001914
0.001273
0.000605
0.000884
0.000594
0.000257
0.000434
0.000131
0.000021
0.000630
0.000558
0.000327
0.000543
0.000473
0.000228
0.000495
0.000906
0.000785
0.000188
0.000087
-0.000410
-0.000197
0.000300
0.000443
0.000383
0.000377
0.000814
0.000679
0.000514
0.000390
-0.000023
-0.000110
-0.000335
-0.001211
-0.001246
-0.001356
-0.001420
-0.001480
-0.001113
-0.000263
-0.000230
-0.000232
0.000473
0.001177
0.000636
-0.000034
0.000486
0.000460
0.000463
0.000782
0.001263
0.001581
0.001291
0.000790
0.000828
0.000567
0.000086
-0.000190
0.000352
0.001100
0.000550
-0.000105
-0.000046
-0.000436
-0.000170
0.000350
0.000012
-0.000587
-0.000568
-0.000262
-0.000346
-0.000223
-0.000106
0.000456
0.000798
0.000888
0.001326
0.001154
0.001193
0.000793
0.000301
0.000386
-0.000085
-0.000718
-0.000730
-0.000780
-0.000800
-0.000459
0.000528
0.000479
0.000508
0.001254
0.001609
0.001612
0.001037
0.000730
0.000462
0.000033
0.000250
0.000093
0.000018
-0.000238
-0.000271
-0.000343
-0.000513
-0.000044
0.001088
0.001549
0.001413
0.002027
0.002406
0.001986
0.001340
0.001195
0.001229
0.001199
0.000095
-0.000662
-0.000234
-0.000093
-0.000921
-0.001583
-0.001933
-0.002039
-0.001088
-0.000132
0.000428
0.000828
0.000973
0.001594
0.002145
0.002105
0.001726
0.000870
0.000075
-0.000259
-0.000495
-0.000683
-0.001636
-0.001927
-0.001153
-0.000560
-0.000327
-0.000357
0.000094
-0.000085
-0.000180
0.000259
0.000784
0.000959
0.000994
0.001462
0.001262
0.000378
-0.000180
-0.000418
-0.000712
-0.000671
-0.001205
-0.001509
-0.001155
-0.001383
-0.001537
-0.000929
0.000335
0.000992
0.001157
0.000798
0.000851
0.001145
0.000454
0.000156
0.000419
0.000718
0.000734
0.000818
0.001298
0.001102
0.001193
0.001677
0.001264
0.000903
-0.000004
-0.000514
-0.000279
-0.000893
-0.001086
-0.000509
-0.001076
-0.001342
-0.001041
-0.000806
0.000337
0.000826
0.000977
0.001763
0.001458
0.001024
0.001130
0.000659
0.000365
0.000203
0.000418
0.000703
0.000417
-0.000258
-0.000640
-0.000683
-0.000565
-0.000515
0.000534
0.000570
0.000106
0.000756
0.000997
0.001022
0.000934
0.000825
0.001764
0.002359
0.001643
0.001160
0.000804
0.000601
0.000963
-0.000190
-0.001092
-0.001289
-0.001550
-0.001285
-0.000815
-0.000567
-0.000552
-0.000461
0.000278
0.001254
0.001731
0.001604
0.001631
0.001754
0.001590
0.001245
0.000523
-0.000435
-0.000600
-0.000368
-0.000859
-0.001356
-0.001274
-0.001224
-0.001729
-0.001295
-0.000722
0.000225
0.000542
0.000654
0.001409
0.001357
0.001422
0.001466
0.001443
0.000992
0.000746
0.000570
-0.000021
-0.000859
-0.001837
-0.002678
-0.002438
-0.001982
-0.002064
-0.001915
-0.001464
-0.001275
-0.000742
0.000106
0.000547
0.001380
0.002010
0.002181
0.002238
0.002313
0.002139
0.001226
0.000300
0.000419
0.000195
-0.000376
-0.000519
0.000082
0.000034
-0.000210
0.000035
0.000805
0.001022
0.000748
0.000788
0.000491
-0.000176
-0.000880
-0.000694
-0.000692
-0.000072
0.000876
0.001115
0.001108
0.000700
0.001246
0.001873
0.001992
0.001733
0.000904
0.000118
-0.000134
-0.000340
-0.000834
-0.000999
-0.000766
-0.001074
-0.000971
-0.000785
-0.000544
0.000220
0.000980
0.001238
0.001214
0.001537
0.001917
0.002145
0.002444
0.002289
0.001899
0.001357
0.000576
0.000110
-0.000393
-0.001409
-0.001182
-0.000716
-0.001181
-0.002003
-0.001863
-0.001540
-0.000833
-0.000267
0.000272
0.001201
0.001539
0.001481
0.001798
0.001438
0.000879
0.000910
0.000755
0.000590
0.000486
0.000197
-0.000741
-0.001028
-0.000855
-0.000176
-0.000127
0.000018
0.001130
0.001420
0.001470
0.001123
0.000318
-0.000047
0.000051
-0.000096
-0.000556
-0.000440
-0.000867
-0.000962
-0.000878
-0.000763
0.000007
0.000836
0.001699
0.001765
0.001411
0.001098
0.001086
0.000863
0.000426
-0.000431
-0.000960
-0.001042
-0.001580
-0.001335
-0.000613
-0.000053
0.000788
0.001385
0.001428
0.001694
0.001890
0.002189
0.002173
0.001449
0.000373
-0.000489
-0.000293
-0.000688
-0.000942
-0.000242
0.000291
0.000712
0.000523
0.000579
0.001312
0.001894
0.001798
0.001348
0.001766
0.001799
0.000565
-0.000433
-0.000968
-0.000875
-0.000838
-0.000825
-0.000029
0.000683
0.000754
0.001053
0.001206
0.000708
0.000799
0.001471
0.001620
0.000824
0.000066
-0.000332
-0.000878
-0.001553
-0.001618
-0.001134
-0.000715
-0.000332
-0.000062
0.000596
0.000914
0.001117
0.001591
0.001713
0.001739
0.001429
0.001100
0.000457
0.000252
0.000041
-0.000214
0.000024
-0.000160
-0.000437
-0.000212
0.000365
0.000896
0.000630
-0.000033
0.000503
0.000046
-0.000602
-0.000438
-0.000647
-0.000751
-0.001022
-0.000764
-0.000359
-0.000524
0.000417
0.001245
0.001265
0.000965
0.001122
0.002000
0.001837
0.001632
0.001652
0.000973
0.000504
-0.000078
-0.000934
-0.001840
-0.002108
-0.001548
-0.001324
-0.001462
-0.000669
-0.000080
0.000886
0.001537
0.001589
0.001567
0.001329
0.001233
0.001844
0.002096
0.001098
0.000302
0.000111
0.000012
-0.000122
0.000117
0.000325
0.000285
0.000368
0.000861
0.001007
0.000772
0.000925
0.001182
0.000870
0.000412
0.000599
0.000618
0.000599
0.000150
-0.000633
-0.000539
0.000004
0.000356
0.000109
0.000099
0.000839
0.000873
0.000352
0.000637
0.000495
0.000256
0.000320
0.000634
0.001560
0.001667
0.000545
0.000488
0.000439
-0.000390
-0.000682
-0.000347
0.000397
0.000378
-0.000018
-0.000795
-0.000835
-0.000244
-0.000068
0.000004
0.000286
0.000976
0.001000
0.001363
0.001930
0.001642
0.001597
0.001697
0.001553
0.001303
0.000966
0.000082
-0.000693
-0.000673
-0.000466
-0.000470
-0.000069
0.000434
0.000450
0.000527
0.000591
0.000301
-0.000826
-0.000976
-0.000629
-0.000682
-0.000100
0.000256
0.000471
0.000974
0.000619
0.000508
0.001174
0.001530
0.001639
0.001569
0.001591
0.000880
0.000575
-0.000594
-0.001143
-0.000613
-0.000528
0.000056
0.000608
0.000735
0.000630
0.000595
0.000618
0.000841
0.001357
0.001260
0.000909
0.000524
-0.000007
-0.000419
-0.000620
-0.000413
0.000389
0.000671
0.000865
0.001613
0.001688
0.001226
0.001009
0.000508
0.000533
0.000582
0.000082
-0.000312
-0.000676
-0.000672
-0.000398
-0.000570
-0.000266
0.000471
0.000752
0.001085
0.001467
0.001214
0.000630
0.000240
0.000185
0.000089
0.000204
0.000490
0.000694
0.000719
0.000354
0.000585
0.001495
0.001685
0.001931
0.002506
0.002250
0.001471
0.000837
0.000524
-0.000405
-0.001300
-0.001118
-0.001106
-0.001295
-0.000779
-0.000240
-0.000015
-0.000151
-0.000271
0.001030
0.002086
0.001959
0.001942
0.002047
0.002110
0.001043
-0.000307
-0.000807
-0.001263
-0.001422
-0.001105
-0.001266
-0.001269
-0.000542
-0.000029
0.000904
0.001164
0.001154
0.001448
0.001252
0.001555
0.001701
0.000741
0.000338
0.000086
-0.000496
-0.000503
-0.000722
-0.000613
-0.000599
-0.001633
-0.001750
-0.000928
-0.000025
0.000369
0.000769
0.001074
0.000685
0.000134
0.000410
0.000791
0.000449
0.000642
0.000941
0.000740
0.000647
0.000331
-0.000035
0.000203
-0.000245
-0.000764
-0.000332
-0.000465
-0.000666
-0.000180
0.000214
-0.000605
-0.000579
-0.000179
-0.000468
-0.000169
0.000589
0.000648
0.000711
0.001115
0.000594
0.000538
0.000863
0.000510
0.000850
0.001199
0.001303
0.001665
0.001435
0.000811
0.000368
-0.000036
0.000093
0.000068
-0.000135
-0.000251
-0.001576
-0.001988
-0.001146
-0.000135
0.000381
0.000340
0.000886
0.001975
0.001986
0.001278
0.001301
0.001378
0.000537
0.000227
0.000589
0.000759
0.000626
0.000496
0.000552
0.000151
-0.000396
-0.000280
0.000867
0.001162
0.000099
-0.000247
0.000560
0.000867
-0.000028
-0.000365
-0.000002
0.000328
0.000355
0.000138
-0.000108
-0.000135
0.000085
-0.000523
-0.000495
0.000394
0.000647
0.000649
-0.000070
0.000184
0.000543
0.000525
0.000334
0.000489
0.000658
0.000669
0.000126
-0.000502
-0.000723
-0.000539
-0.000347
-0.000420
-0.000012
0.000447
0.000926
0.001054
0.000869
0.000311
-0.000296
-0.000246
0.000866
0.001001
0.000181
-0.000279
0.000092
-0.000077
-0.000274
0.000858
0.001481
0.001019
0.000985
0.000952
0.000637
-0.000174
-0.000389
0.000040
0.000067
-0.000052
-0.000166
0.000061
0.000216
0.000752
0.001556
0.001201
0.001406
0.002059
0.001679
0.001444
0.000679
-0.000398
-0.000996
-0.001408
-0.001689
-0.001432
-0.001544
-0.001726
-0.000515
-0.000170
-0.000143
0.000554
0.000989
0.001413
0.001911
0.001624
0.001484
0.001764
0.001017
0.000437
-0.000712
-0.001408
-0.000991
-0.000711
-0.000347
-0.000181
-0.000082
-0.000349
-0.000284
0.000421
0.000408
0.000854
0.002022
0.002378
0.002040
0.001851
0.000936
-0.000049
-0.000032
-0.000008
0.000001
-0.000323
-0.000379
-0.000130
0.000001
0.000088
0.000010
0.000798
0.001758
0.001532
0.001127
0.000758
0.000378
0.000178
0.000085
-0.000426
-0.000225
0.000154
0.000007
-0.000183
-0.000622
-0.000518
-0.000296
0.000058
0.001196
0.001790
0.001663
0.001477
0.001432
0.001215
0.000883
0.000287
-0.000471
-0.001178
-0.000734
-0.000580
-0.001079
-0.001409
-0.000647
0.000038
0.000705
0.001150
0.001041
0.001178
0.001185
0.000715
0.000863
0.000985
0.000369
0.000126
0.000164
0.000374
-0.000025
-0.000121
-0.000259
-0.000426
-0.000740
-0.000472
0.000159
-0.000579
-0.000299
0.001094
0.000818
0.000229
-0.000051
0.000152
0.000763
0.001236
0.000983
0.000769
0.000904
0.000236
0.000197
-0.000172
-0.001232
-0.000635
-0.000330
-0.000448
-0.000086
-0.000069
0.000208
0.000257
-0.000088
-0.000438
-0.000141
0.000525
0.001171
0.001287
0.000914
0.000873
0.001282
0.001132
0.000604
0.000843
0.000878
0.000365
0.000146
0.000238
-0.000129
0.000134
0.000723
0.000480
0.000171
0.000304
0.000288
0.000315
0.000671
0.000394
0.000279
0.001258
0.000741
0.000178
0.001013
0.001049
0.000784
0.000576
0.000456
0.000053
0.000130
0.000026
-0.000429
-0.000177
0.000328
0.000126
-0.000499
-0.000073
-0.000022
-0.000344
0.000683
0.001192
0.000535
0.000286
0.000061
-0.000433
-0.000264
0.000188
0.000063
-0.000229
-0.000461
-0.000222
0.000473
0.000135
0.000026
-0.000191
-0.000277
0.000207
-0.000152
-0.000245
-0.000165
-0.000208
-0.000108
0.000294
0.000575
0.000826
0.000923
0.000797
0.001630
0.001568
0.000768
0.000877
0.000298
0.000022
-0.000085
-0.001042
-0.001439
-0.000862
-0.000367
-0.000182
-0.000323
-0.000203
0.000648
0.001264
0.001580
0.001386
0.001200
0.000982
0.000292
0.000367
-0.000149
-0.000480
-0.000334
0.000241
0.000158
-0.000348
0.000587
0.001507
0.001997
0.002386
0.002593
0.002269
0.001654
0.000621
0.000106
-0.000061
-0.001009
-0.001388
-0.001830
-0.002313
-0.002246
-0.002060
-0.001858
-0.001433
-0.000247
0.000265
0.000491
0.002155
0.003411
0.003717
0.002706
0.002103
0.002041
0.001171
0.000242
-0.000232
-0.000712
-0.001061
-0.001488
-0.001972
-0.001299
-0.000718
-0.000669
-0.000159
0.000690
0.001218
0.001276
0.000706
0.000782
0.000580
0.000514
0.001133
0.000957
0.000892
0.001064
0.000891
0.001058
0.000920
0.000527
-0.000257
-0.000497
-0.000322
-0.000514
0.000073
0.000070
-0.000515
-0.000627
-0.000167
0.000103
0.000417
0.000744
0.001393
0.001170
0.000819
0.000795
0.001152
0.000854
-0.000292
-0.000768
-0.000064
0.000808
0.000355
-0.000495
-0.000316
-0.000228
-0.000344
0.000331
0.000769
0.000587
0.000576
0.000853
0.000940
0.000267
0.000371
0.000872
0.000518
-0.000397
-0.000726
-0.000069
0.000288
0.000353
0.000307
0.000225
0.000618
0.000937
0.000500
0.000801
0.001378
0.001440
0.001079
0.000435
0.000138
0.000546
0.000985
0.000287
-0.000003
-0.000068
-0.000580
-0.000387
-0.000303
-0.000193
0.000716
0.001031
0.000476
0.000051
0.000721
0.001819
0.002143
0.002017
0.001363
0.000560
0.000222
-0.000190
-0.000427
-0.000341
-0.001134
-0.001311
-0.000918
-0.001002
-0.000796
-0.000893
-0.000568
-0.000139
-0.000320
0.000276
0.001711
0.002052
0.001748
0.001714
0.001772
0.001213
0.001279
0.001464
0.001162
0.001022
0.001026
0.001000
0.000563
0.000021
-0.000563
-0.000569
-0.000875
-0.001772
-0.001456
-0.001162
-0.001225
-0.000839
-0.001269
-0.000679
0.001244
0.001540
0.002197
0.002515
0.002837
0.002639
0.002272
0.002351
0.001855
0.001310
0.000616
-0.000238
-0.000868
-0.001131
-0.001788
-0.001969
-0.001916
-0.001612
-0.001035
-0.000482
0.000021
0.000424
0.001548
0.001944
0.001294
0.001276
0.001767
0.001669
0.001923
0.001995
0.001561
0.001215
0.000527
-0.000031
0.000290
0.000782
0.000746
0.000484
-0.000025
-0.000166
-0.000319
-0.000285
-0.000367
-0.000394
-0.000129
-0.000383
0.000025
0.000439
0.000672
0.000987
0.000884
0.000425
0.000372
0.000248
-0.000069
0.000552
0.000649
0.000324
0.000025
0.000158
0.000373
0.000283
0.000622
0.000279
0.000256
0.000462
0.000468
0.000450
-0.000169
-0.000168
0.000144
0.000329
-0.000320
-0.000647
-0.000803
-0.001067
-0.000653
-0.000664
-0.000200
0.000568
0.000452
0.000351
0.000700
0.001428
0.001443
0.001397
0.001790
0.001825
0.001693
0.001009
0.000690
-0.000386
-0.000789
-0.000488
-0.001314
-0.001674
-0.001430
-0.000949
-0.000759
0.000025
0.000643
0.000587
0.001107
0.001295
0.001491
0.001637
0.001432
0.000995
0.000643
0.000434
0.000251
0.000498
0.000549
-0.000105
-0.000474
-0.000584
-0.000038
0.000417
0.000377
0.000908
0.001222
0.000606
0.000706
0.000825
0.000014
-0.000208
-0.000545
-0.000706
-0.000125
-0.000365
-0.000767
-0.000521
-0.000381
-0.000691
-0.000146
0.000483
0.000071
0.000508
0.001329
0.001053
0.000728
0.001142
0.000849
0.000262
0.000059
-0.000562
-0.000747
-0.000778
-0.000742
-0.000242
-0.000347
-0.000833
-0.000043
0.000915
0.001166
0.001786
0.002297
0.001757
0.001688
0.002025
0.002369
0.002098
0.001229
0.000509
0.000116
-0.000813
-0.001533
-0.001479
-0.001250
-0.001265
-0.001399
-0.001469
-0.000805
0.000833
0.002021
0.001993
0.002131
0.002118
0.001856
0.001320
0.000981
0.000615
0.000277
0.000194
-0.000652
-0.001227
-0.000815
-0.000517
-0.000023
-0.000008
0.000029
0.000093
-0.000212
-0.000101
-0.000328
-0.000862
-0.001338
-0.001359
-0.001552
-0.001431
-0.000990
-0.000663
0.000426
0.001175
0.001425
0.001257
0.001839
0.001623
0.001088
0.001141
0.000420
-0.000291
-0.000509
-0.001193
-0.001707
-0.001430
-0.001545
-0.000959
0.000331
0.001444
0.001374
0.001222
0.001515
0.002372
0.002533
0.002107
0.001529
0.000680
-0.000407
-0.001270
-0.001932
-0.002023
-0.002854
-0.002943
-0.001535
-0.000432
-0.000457
0.000265
0.001898
0.002919
0.003781
0.003870
0.003167
0.002960
0.001810
0.000069
-0.000528
-0.001022
-0.001236
-0.001431
-0.001947
-0.001598
-0.001397
-0.001401
-0.001330
-0.000831
-0.000062
-0.000225
0.000212
0.000661
0.000801
0.001326
0.001856
0.001895
0.001737
0.002037
0.001763
0.001236
0.001565
0.001432
0.000782
0.000571
0.000404
-0.000164
-0.000303
-0.000303
-0.000085
-0.000140
-0.000482
-0.000228
0.000115
0.000261
0.001257
0.001551
0.001230
0.001419
0.000837
0.000637
0.000495
-0.000147
-0.000340
-0.000771
-0.001140
-0.001107
-0.001206
-0.001451
-0.001566
-0.001333
-0.000981
-0.000927
0.000048
0.000337
0.000841
0.001374
0.001168
0.001658
0.001274
0.000501
0.000324
0.000156
0.000018
-0.000417
-0.000211
0.000417
0.000292
-0.000157
-0.000025
0.000659
0.000745
0.000722
0.000863
0.000994
0.001170
0.001344
0.000973
0.000688
0.000980
0.000104
-0.000564
-0.000456
-0.000711
-0.000392
-0.000250
-0.000421
-0.000349
0.000085
0.001067
0.001714
0.001512
0.001581
0.001972
0.001734
0.001668
0.001429
0.000468
-0.000242
-0.000340
-0.000205
-0.000568
-0.001193
-0.001062
-0.000649
-0.000104
0.000938
0.001518
0.001378
0.001643
0.002122
0.001936
0.001681
0.000823
-0.000105
0.000069
-0.000354
-0.001275
-0.001173
-0.000710
-0.000909
-0.000834
-0.000351
-0.000244
0.000295
0.001186
0.001488
0.001122
0.001444
0.001321
0.001158
0.001346
0.000892
0.000660
0.000524
0.000011
-0.000978
-0.001314
-0.001136
-0.001344
-0.001502
-0.000861
-0.000483
-0.000734
-0.000604
0.000353
0.000086
-0.000829
-0.000524
0.000048
0.000244
-0.000104
-0.000187
0.000423
0.001099
0.001374
0.001501
0.001470
0.001486
0.000800
0.000524
0.000733
0.000052
-0.000442
-0.000737
-0.001085
-0.001404
-0.001439
-0.001914
-0.001774
-0.000792
0.000098
0.000573
0.000583
0.001279
0.001780
0.001225
0.000615
0.000723
0.000119
-0.000287
-0.000259
-0.000288
-0.000245
-0.000084
0.000217
0.000073
0.000354
0.000204
0.000297
0.000326
0.000406
0.000524
-0.000070
-0.000492
-0.000688
-0.000883
-0.001303
-0.001287
-0.000986
0.000166
0.000673
0.000058
0.001005
0.001641
0.001383
0.001140
0.000976
0.000321
-0.000284
-0.000378
-0.000150
-0.000146
0.000200
0.000295
0.000093
0.000305
0.000264
0.000785
0.001296
0.000827
0.000393
0.001020
0.001881
0.001899
0.001298
0.000521
-0.000190
-0.000769
-0.000491
-0.000118
-0.000688
-0.000676
0.000084
0.000433
0.000020
0.000392
0.001203
0.001096
0.001725
0.001284
0.000561
0.000690
0.000639
0.001062
0.000492
-0.000313
-0.000083
-0.000199
-0.000371
-0.000944
-0.000637
-0.000097
0.000033
0.000339
0.000381
0.000953
0.000887
0.000572
0.000632
0.000749
0.000833
0.000850
0.000241
-0.000332
-0.000683
-0.000873
-0.000763
-0.000457
-0.000292
-0.000687
-0.000148
0.001166
0.001172
0.000869
0.001172
0.001320
0.000776
0.000243
-0.000005
-0.000025
-0.000713
-0.001644
-0.001695
-0.000643
-0.000086
-0.000227
0.000039
0.000732
0.001219
0.001219
0.001752
0.002272
0.002238
0.001346
0.000808
0.001059
0.000556
0.000031
-0.000272
0.000150
0.000688
0.000609
0.000648
0.000453
0.001170
0.001375
0.000681
0.001024
0.001672
0.001546
0.001317
0.000674
-0.000048
-0.000146
-0.000264
-0.000894
-0.001262
-0.001175
-0.001440
-0.001600
-0.000629
-0.000461
-0.000548
0.000229
0.001132
0.001181
0.001192
0.001487
0.001889
0.001617
0.000670
0.000676
0.000596
-0.000195
-0.000327
-0.000243
0.000302
0.000155
-0.000640
-0.000754
-0.000521
0.000049
0.000046
0.000046
0.000265
0.000725
0.001203
0.001275
0.000984
0.000820
0.001116
0.001315
0.000997
0.000724
0.000496
-0.000272
-0.000263
-0.000165
-0.000131
0.000418
0.000090
-0.000139
0.000415
0.000523
0.000339
0.000550
0.000693
0.000540
0.000815
0.001136
0.001253
0.000976
0.001065
0.001360
0.001294
0.001450
0.000834
0.000374
0.000351
-0.000351
-0.000817
-0.000872
-0.001095
-0.001500
-0.001563
-0.001085
-0.000465
0.000054
0.000886
0.001418
0.001847
0.002054
0.001758
0.001799
0.002094
0.002189
0.001732
0.000910
0.000241
0.000143
0.000061
-0.000573
-0.000880
-0.000515
-0.000088
-0.000468
-0.001126
-0.000724
0.000422
0.002480
0.004922
0.005694
0.004969
0.001762
-0.001991
-0.004894
-0.006725
-0.006631
-0.003346
-0.000009
0.002446
0.003532
0.003350
0.003432
0.003577
0.004324
0.005002
0.004402
0.002713
-0.000457
-0.003703
-0.006313
-0.007324
-0.005551
-0.001851
0.002221
0.004467
0.004132
0.002051
0.000957
0.001473
0.002899
0.005303
0.006037
0.004377
0.002486
-0.000050
-0.004425
-0.006960
-0.005625
-0.000827
0.003572
0.004089
0.000985
-0.001787
-0.003273
-0.004860
-0.005730
-0.004974
-0.002322
0.001839
0.007159
0.011413
0.012096
0.010851
0.009029
0.007297
0.003712
-0.003382
-0.010702
-0.016093
-0.019166
-0.019370
-0.014443
-0.004851
0.007664
0.017869
0.020778
0.017032
0.009415
0.002825
-0.000603
-0.001985
-0.004304
-0.008952
-0.015188
-0.019795
-0.019968
-0.014010
-0.002432
0.010873
0.024469
0.031503
0.030192
0.023028
0.013852
0.004141
-0.006162
-0.014167
-0.017551
-0.018907
-0.021582
-0.024905
-0.026663
-0.023494
-0.015068
-0.002976
0.011776
0.026923
0.036595
0.038152
0.032617
0.022022
0.011141
0.001349
-0.007470
-0.016233
-0.026040
-0.032907
-0.031272
-0.017326
0.005553
0.023154
0.028202
0.021254
0.009395
-0.001053
-0.012584
-0.022215
-0.023180
-0.013345
0.001569
0.012367
0.016548
0.014197
0.009654
0.007586
0.007210
0.004738
0.001103
-0.002172
-0.004233
-0.004745
-0.005064
-0.005082
-0.003139
0.003277
0.008889
0.008842
0.001838
-0.010886
-0.018894
-0.018268
-0.010527
0.002764
0.015817
0.022215
0.019480
0.009814
-0.001582
-0.007821
-0.008671
-0.006631
-0.003094
-0.000431
0.001491
0.001622
-0.000882
-0.005416
-0.008400
-0.007071
-0.001548
0.003698
0.006105
0.008922
0.015139
0.020601
0.020216
0.013305
0.000396
-0.012266
-0.021882
-0.028009
-0.029721
-0.026180
-0.015533
0.001216
0.019210
0.031562
0.034873
0.031030
0.023754
0.017525
0.010028
-0.001467
-0.016262
-0.031179
-0.041763
-0.044664
-0.040725
-0.028907
-0.013634
0.002577
0.019629
0.035930
0.047267
0.050008
0.044716
0.030104
0.012020
-0.003477
-0.013973
-0.021587
-0.027454
-0.033122
-0.034632
-0.030205
-0.019001
-0.004233
0.008128
0.016161
0.019075
0.017971
0.016787
0.016809
0.018158
0.021421
0.022313
0.019038
0.010619
-0.001319
-0.015728
-0.028870
-0.035947
-0.035290
-0.028884
-0.023351
-0.021000
-0.016993
-0.006978
0.009158
0.026789
0.041403
0.050519
0.051247
0.041717
0.022335
-0.001333
-0.023140
-0.034964
-0.036501
-0.032274
-0.024855
-0.016833
-0.007423
0.004337
0.015991
0.025233
0.031413
0.032739
0.028606
0.017068
0.000349
-0.016741
-0.026946
-0.028214
-0.025204
-0.023042
-0.023565
-0.025970
-0.025434
-0.016609
0.001150
0.022202
0.039179
0.044727
0.041413
0.030194
0.017134
0.008644
0.006117
0.005352
0.001263
-0.009334
-0.022250
-0.029630
-0.030525
-0.028345
-0.022492
-0.013031
-0.003475
0.004486
0.011173
0.016729
0.020044
0.021630
0.021723
0.017296
0.006277
-0.005788
-0.011694
-0.011509
-0.008528
-0.007523
-0.008141
-0.009477
-0.010359
-0.010067
-0.005862
0.002304
0.010773
0.017599
0.020921
0.020395
0.015749
0.009315
0.002149
-0.005325
-0.012618
-0.017816
-0.018885
-0.016597
-0.010435
-0.001728
0.008371
0.016499
0.020064
0.019713
0.014737
0.004556
-0.007578
-0.017662
-0.022187
-0.021802
-0.018992
-0.015150
-0.009711
-0.000713
0.010496
0.019564
0.024939
0.026210
0.025978
0.024629
0.019838
0.012983
0.007401
0.002700
-0.002394
-0.008914
-0.018415
-0.028325
-0.035433
-0.037286
-0.034895
-0.029639
-0.021872
-0.011113
0.004163
0.021038
0.036489
0.047312
0.050335
0.046637
0.038262
0.026693
0.014194
0.001654
-0.011817
-0.024716
-0.035227
-0.042543
-0.045128
-0.042606
-0.035070
-0.023871
-0.011299
0.003165
0.016592
0.027095
0.035261
0.039056
0.039445
0.036518
0.028091
0.015810
0.002246
-0.012088
-0.026165
-0.037920
-0.043660
-0.043075
-0.035683
-0.022486
-0.007254
0.008680
0.023096
0.033597
0.038054
0.037927
0.033233
0.025728
0.017278
0.007426
-0.003077
-0.014029
-0.023596
-0.030552
-0.033671
-0.034053
-0.032033
-0.027402
-0.019664
-0.006689
0.008495
0.022587
0.034333
0.042283
0.044966
0.041902
0.032361
0.017502
-0.000434
-0.017855
-0.031860
-0.040788
-0.042897
-0.038021
-0.027931
-0.014816
0.000424
0.015244
0.026895
0.034018
0.035567
0.031287
0.022352
0.011978
0.000917
-0.010389
-0.020634
-0.027767
-0.030390
-0.029335
-0.024096
-0.014831
-0.004015
0.006687
0.015622
0.021945
0.024437
0.024124
0.021139
0.017127
0.012379
0.006843
0.000311
-0.006051
-0.011965
-0.016702
-0.018819
-0.019090
-0.017336
-0.012213
-0.005886
-0.000156
0.005321
0.009163
0.010453
0.009454
0.006855
0.004731
0.002518
0.000050
-0.002347
-0.003197
-0.003128
-0.002194
-0.000592
0.001469
0.003802
0.006349
0.009280
0.010910
0.010731
0.008967
0.005528
0.000055
-0.006592
-0.013882
-0.020090
-0.022936
-0.021564
-0.015815
-0.007529
0.001315
0.008474
0.013598
0.017465
0.019697
0.019030
0.016287
0.012619
0.007372
0.001502
-0.004394
-0.009804
-0.012571
-0.013828
-0.014215
-0.012666
-0.010113
-0.006936
-0.002535
0.001878
0.005880
0.009265
0.011891
0.013193
0.013021
0.011846
0.008923
0.003846
-0.001622
-0.007180
-0.012614
-0.016640
-0.017316
-0.014040
-0.007231
-0.000076
0.006241
0.011512
0.015078
0.016379
0.015458
0.011674
0.006382
0.000418
-0.005098
-0.009934
-0.013061
-0.015338
-0.017195
-0.016963
-0.015261
-0.010964
-0.003533
0.004947
0.013333
0.019735
0.023384
0.023835
0.021441
0.016760
0.010430
0.003857
-0.003548
-0.011076
-0.016140
-0.019118
-0.019586
-0.017810
-0.014340
-0.009190
-0.004249
0.000481
0.005157
0.009147
0.012559
0.014904
0.015248
0.013525
0.010207
0.006696
0.002879
-0.001812
-0.005461
-0.008403
-0.010628
-0.011664
-0.011854
-0.010538
-0.007959
-0.005562
-0.001944
0.002953
0.007527
0.011786
0.014633
0.017316
0.017977
0.015050
0.011504
0.007014
0.000726
-0.006238
-0.013007
-0.018860
-0.023776
-0.025667
-0.023766
-0.017519
-0.009646
-0.001794
0.006840
0.014501
0.019610
0.021932
0.022258
0.020886
0.016819
0.011427
0.005524
0.000386
-0.003750
-0.006815
-0.009511
-0.011111
-0.011092
-0.009991
-0.008336
-0.006613
-0.004601
-0.002908
-0.002023
-0.002096
-0.002500
-0.002766
-0.003266
-0.001712
0.000289
0.002549
0.006732
0.010757
0.014207
0.016600
0.016643
0.013867
0.009693
0.004782
-0.001974
-0.009736
-0.016466
-0.021077
-0.022328
-0.020128
-0.015176
-0.008537
-0.001310
0.005295
0.011213
0.015059
0.015628
0.015062
0.013764
0.010484
0.005988
0.000595
-0.004269
-0.007137
-0.008431
-0.008816
-0.007376
-0.004699
-0.002932
-0.000815
0.001740
0.002575
0.002920
0.003270
0.002158
-0.000092
-0.001936
-0.003360
-0.004876
-0.005309
-0.005129
-0.002620
0.000920
0.004801
0.009029
0.012465
0.013649
0.012063
0.008782
0.003955
-0.001175
-0.006077
-0.010247
-0.013139
-0.014708
-0.014632
-0.012391
-0.008147
-0.002632
0.003948
0.009930
0.014276
0.016448
0.016395
0.014541
0.010066
0.004428
-0.001719
-0.007474
-0.011873
-0.013659
-0.013803
-0.011662
-0.007154
-0.002800
0.001975
0.006577
0.009051
0.009672
0.008559
0.006212
0.003626
0.000671
-0.002178
-0.003590
-0.004276
-0.004627
-0.004035
-0.003495
-0.003288
-0.002591
-0.001576
-0.000696
0.000473
0.002063
0.003633
0.004954
0.005685
0.006091
0.005441
0.004262
0.002414
0.000133
-0.001771
-0.003444
-0.005016
-0.005335
-0.004694
-0.003125
-0.000947
0.001512
0.004036
0.005437
0.005554
0.004433
0.001708
-0.001166
-0.003019
-0.004169
-0.005270
-0.005033
-0.003151
-0.000769
0.001644
0.003263
0.004960
0.007274
0.007919
0.007033
0.005211
0.002950
0.000063
-0.003528
-0.006260
-0.007451
-0.008254
-0.007846
-0.006321
-0.004258
-0.001790
0.000829
0.003310
0.005513
0.007265
0.007883
0.008464
0.008135
0.006569
0.004280
0.000845
-0.003145
-0.006967
-0.008959
-0.009711
-0.009211
-0.006673
-0.003624
-0.000696
0.002764
0.005150
0.005882
0.005793
0.004394
0.002854
0.001940
0.001831
0.001592
0.000923
0.001163
0.001901
0.003319
0.003979
0.003238
0.001416
-0.001501
-0.004419
-0.007403
-0.009741
-0.010222
-0.009837
-0.007969
-0.004960
-0.001911
0.001612
0.005360
0.008714
0.011252
0.012926
0.013444
0.013135
0.011416
0.008029
0.003484
-0.002299
-0.007969
-0.012633
-0.015129
-0.015119
-0.013116
-0.009468
-0.003853
0.002618
0.007832
0.011455
0.012461
0.011942
0.010403
0.006990
0.002106
-0.001862
-0.004870
-0.007466
-0.008387
-0.007692
-0.005673
-0.003285
-0.000374
0.001927
0.003167
0.003856
0.003865
0.003545
0.002790
0.002126
0.002049
0.001907
0.001894
0.001912
0.001607
0.001177
0.000679
-0.000155
-0.001931
-0.004187
-0.005726
-0.006508
-0.006356
-0.005143
-0.002755
0.000914
0.003907
0.005432
0.007377
0.008466
0.008002
0.006709
0.005033
0.002656
-0.001187
-0.005074
-0.007439
-0.009139
-0.009352
-0.007677
-0.004237
0.000043
0.004612
0.008252
0.009686
0.010149
0.009726
0.007531
0.004904
0.001442
-0.001923
-0.004477
-0.007487
-0.008800
-0.008888
-0.008035
-0.005123
-0.002094
0.000556
0.003532
0.005836
0.007112
0.007559
0.006847
0.005662
0.004053
0.002696
0.000160
-0.002290
-0.003534
-0.005115
-0.005835
-0.005747
-0.004793
-0.001876
0.001553
0.004008
0.006053
0.006681
0.006106
0.004195
0.001315
-0.001651
-0.004347
-0.007007
-0.008729
-0.009084
-0.007334
-0.004314
-0.000424
0.003521
0.007357
0.009899
0.011172
0.011587
0.009489
0.005987
0.002449
-0.001911
-0.006039
-0.008741
-0.010287
-0.010664
-0.008715
-0.005720
-0.002334
0.001019
0.003724
0.006446
0.008259
0.008687
0.007765
0.006381
0.003549
0.001574
-0.000646
-0.002701
-0.003366
-0.004246
-0.004515
-0.004861
-0.005027
-0.004925
-0.004344
-0.002864
-0.000306
0.002088
0.004531
0.006857
0.008242
0.008609
0.007567
0.005597
0.002357
-0.000607
-0.002558
-0.003977
-0.004176
-0.003484
-0.002097
-0.000503
0.000057
0.001134
0.000791
-0.000691
-0.002330
-0.003413
-0.004514
-0.005496
-0.005192
-0.004296
-0.001880
0.001735
0.005228
0.007617
0.009678
0.010625
0.010298
0.008359
0.005307
0.001972
-0.001183
-0.003495
-0.005520
-0.007125
-0.008186
-0.009216
-0.008481
-0.006421
-0.004482
-0.002495
0.000234
0.002693
0.003966
0.004737
0.005594
0.006634
0.007029
0.006548
0.005486
0.003871
0.001678
-0.000005
-0.001824
-0.003869
-0.005280
-0.005766
-0.005944
-0.006214
-0.006231
-0.005254
-0.003325
-0.000705
0.001556
0.002879
0.004694
0.006372
0.007423
0.007285
0.006285
0.005537
0.003174
0.000508
-0.000682
-0.001130
-0.002356
-0.004151
-0.004472
-0.004082
-0.003462
-0.002508
-0.000323
0.001928
0.002876
0.002765
0.002471
0.001865
0.000174
-0.001041
-0.001657
-0.001882
-0.001600
-0.001183
-0.000373
0.000588
0.001341
0.001583
0.002297
0.002874
0.002626
0.002002
0.000618
-0.000230
-0.000902
-0.001840
-0.002127
-0.002183
-0.001446
-0.000046
0.000400
0.000341
0.000541
0.000805
0.000792
0.000486
-0.000404
-0.001037
-0.001479
-0.001557
-0.001534
-0.001502
-0.000398
0.000906
0.001674
0.002797
0.003672
0.004373
0.004214
0.003031
0.001751
-0.000418
-0.003269
-0.005287
-0.005482
-0.005426
-0.005587
-0.003739
-0.001038
0.000351
0.002332
0.004250
0.005410
0.006639
0.007162
0.006755
0.005446
0.003171
0.000644
-0.002109
-0.004475
-0.006273
-0.007564
-0.007983
-0.007877
-0.006501
-0.004062
-0.001596
0.000870
0.004328
0.006470
0.007183
0.007643
0.007712
0.007381
0.005981
0.003628
0.001481
-0.000579
-0.003683
-0.005780
-0.006893
-0.008883
-0.009367
-0.007963
-0.005925
-0.003800
-0.000639
0.002475
0.004400
0.005972
0.007423
0.007852
0.007268
0.006433
0.005188
0.004178
0.002179
0.000000
-0.001131
-0.002451
-0.002752
-0.002678
-0.003027
-0.002500
-0.002348
-0.002136
-0.001817
-0.001158
-0.000913
-0.001102
0.000033
0.000535
0.001253
0.001728
0.002086
0.003288
0.004339
0.005403
0.005499
0.005271
0.004077
0.002399
-0.000007
-0.001668
-0.003345
-0.005326
-0.006186
-0.006303
-0.004926
-0.002810
-0.000863
0.001088
0.003583
0.005207
0.006118
0.006542
0.005393
0.003224
0.000990
-0.001813
-0.004390
-0.005574
-0.005489
-0.005121
-0.003770
-0.000651
0.002110
0.003716
0.005259
0.006152
0.005923
0.004406
0.002170
-0.000267
-0.002717
-0.004386
-0.005444
-0.006081
-0.005831
-0.004341
-0.001883
0.001445
0.004330
0.006226
0.007742
0.008280
0.007479
0.005892
0.003680
0.000974
-0.002454
-0.005533
-0.007522
-0.008198
-0.007899
-0.006523
-0.004071
-0.001343
0.002110
0.004324
0.006133
0.007705
0.007043
0.005385
0.003832
0.001968
-0.000224
-0.002144
-0.003407
-0.003903
-0.003778
-0.003267
-0.002204
-0.000788
0.000288
0.001182
0.001049
0.000207
0.000242
0.000799
0.000351
-0.000479
-0.000189
0.000880
0.001040
0.001112
0.001684
0.001925
0.001878
0.001936
0.001369
0.000481
-0.000131
-0.001852
-0.002990
-0.003687
-0.004195
-0.004160
-0.003582
-0.001849
0.000461
0.002597
0.004913
0.006731
0.006806
0.006964
0.005793
0.003536
0.001249
-0.001069
-0.002780
-0.004069
-0.005564
-0.005682
-0.004477
-0.003352
-0.001533
0.000619
0.002701
0.005228
0.006451
0.006294
0.005015
0.002967
0.000711
-0.001356
-0.003205
-0.005045
-0.006586
-0.005983
-0.004869
-0.002815
0.000357
0.002849
0.005097
0.006846
0.007001
0.006769
0.005018
0.002956
0.001564
-0.000923
-0.003740
-0.004465
-0.004504
-0.004690
-0.003635
-0.001252
0.000512
0.001627
0.002256
0.002665
0.002698
0.002083
0.001190
-0.000055
-0.001509
-0.001826
-0.001932
-0.001017
0.000048
0.001061
0.002770
0.003370
0.003791
0.003395
0.002460
0.001419
0.000344
-0.000726
-0.002144
-0.003213
-0.003685
-0.003862
-0.003655
-0.002252
-0.000444
0.001084
0.002642
0.003525
0.003891
0.004246
0.004254
0.003402
0.002163
0.001137
0.000109
-0.000987
-0.001263
-0.002214
-0.002833
-0.002633
-0.002448
-0.001786
-0.001441
-0.001009
0.000079
0.001024
0.002336
0.002874
0.002723
0.002401
0.002399
0.002311
0.001445
0.000697
-0.000180
-0.000899
-0.001066
-0.000663
-0.000607
-0.000338
0.000699
0.000946
0.000520
0.000436
0.000535
-0.000035
-0.000946
-0.000068
0.000594
-0.000135
-0.000470
-0.001181
-0.000953
-0.000557
-0.000457
0.000390
0.000898
0.001277
0.001423
0.001566
0.001805
0.001750
0.001814
0.002279
0.002168
0.002029
0.001768
0.001182
0.000600
0.000199
-0.000620
-0.002547
-0.003047
-0.003394
-0.003031
-0.002459
-0.002452
-0.001449
-0.000256
0.001104
0.001862
0.002905
0.004257
0.004191
0.003977
0.003574
0.002537
0.000651
-0.000467
-0.000267
-0.000708
-0.001281
-0.001074
-0.000847
-0.000357
0.000121
-0.000096
0.000687
0.001173
0.000901
0.000437
0.000166
-0.000415
-0.001471
-0.001744
-0.001274
-0.000666
-0.000053
0.001003
0.001925
0.002860
0.003427
0.003823
0.003718
0.003308
0.003083
0.002449
0.000415
-0.001165
-0.002142
-0.003636
-0.004823
-0.005398
-0.005086
-0.004026
-0.003437
-0.001622
0.000549
0.002113
0.003841
0.004912
0.005348
0.005576
0.005561
0.004596
0.002961
0.001500
-0.000326
-0.002011
-0.002467
-0.002778
-0.002356
-0.002003
-0.001398
-0.000525
0.000547
0.001109
0.000870
0.000641
0.001125
0.001612
0.001155
0.000412
-0.000236
-0.000723
-0.000441
-0.000189
-0.000588
-0.000182
0.000917
0.000882
0.000571
0.000600
0.000516
0.000185
-0.000257
-0.000634
-0.000167
-0.000600
-0.001532
-0.001542
-0.001015
-0.000097
0.000641
0.001030
0.001921
0.002073
0.002025
0.002076
0.001809
0.000396
-0.000469
-0.000238
-0.000200
0.000094
0.000541
0.000835
0.000789
0.001287
0.002184
0.001795
0.001936
0.001885
0.001679
0.001546
0.000559
-0.000895
-0.002073
-0.002975
-0.003375
-0.003266
-0.002963
-0.002556
-0.001835
-0.000619
0.001137
0.002833
0.003776
0.004038
0.003878
0.003778
0.003308
0.003103
0.002451
0.000832
0.000195
-0.000635
-0.002357
-0.003147
-0.002819
-0.002565
-0.002585
-0.001833
-0.000788
0.000086
0.001221
0.002357
0.003394
0.003780
0.002813
0.001830
0.000965
-0.000360
-0.001218
-0.001914
-0.002833
-0.003523
-0.003059
-0.001870
-0.001491
0.000055
0.001546
0.002502
0.003269
0.003523
0.003884
0.003872
0.003353
0.002072
0.001201
0.000442
-0.000592
-0.002074
-0.002877
-0.003145
-0.003853
-0.004278
-0.004182
-0.003311
-0.001983
-0.001158
0.000090
0.001897
0.003381
0.004369
0.005297
0.006233
0.005723
0.004728
0.002960
0.000900
-0.001210
-0.003235
-0.004679
-0.005654
-0.005368
-0.004588
-0.003747
-0.002374
-0.000973
0.000914
0.002651
0.003758
0.004468
0.004553
0.004123
0.003309
0.002740
0.001488
0.000433
-0.000925
-0.001145
-0.000859
-0.001302
-0.001392
-0.001247
-0.000715
-0.000693
-0.000413
-0.000055
-0.000470
-0.000339
0.000515
0.000421
0.000045
0.000415
0.000962
0.001020
0.001100
0.001000
0.001508
0.002201
0.001741
0.000912
0.001078
0.001202
0.000092
-0.000168
-0.000016
-0.000633
-0.001392
-0.001790
-0.001862
-0.001473
-0.000974
-0.000736
0.000099
0.001512
0.002240
0.002470
0.002663
0.002385
0.001056
0.000461
-0.000182
-0.001279
-0.001351
-0.001804
-0.002007
-0.001271
-0.000538
0.000275
0.000585
0.000676
0.001420
0.002554
0.002822
0.002803
0.002574
0.001698
0.001395
0.001228
0.001019
0.000663
0.000603
0.000746
0.000988
0.000930
-0.000015
-0.000642
-0.000673
-0.000477
-0.000647
-0.000119
0.000380
-0.000085
0.000535
0.000591
0.000387
0.000902
0.000695
0.000601
0.000207
-0.000318
-0.000385
-0.000138
0.000970
0.001761
0.002361
0.002916
0.003561
0.003725
0.003101
0.002242
0.000012
-0.001537
-0.002655
-0.004430
-0.004926
-0.004161
-0.003350
-0.002416
-0.000971
0.001266
0.003047
0.004271
0.005341
0.005419
0.004860
0.004142
0.002268
0.000394
-0.001095
-0.002436
-0.003396
-0.003758
-0.002715
-0.002272
-0.001982
-0.001362
-0.000147
0.001412
0.002329
0.002705
0.002676
0.001939
0.001217
0.000635
0.000333
-0.000076
-0.000542
-0.000041
0.000185
-0.000129
0.000431
0.000591
0.000447
0.000958
0.000151
-0.000540
-0.000508
-0.000301
-0.000755
-0.000760
-0.000538
-0.000825
-0.000132
0.000487
0.000766
0.001253
0.001432
0.002032
0.001864
0.001870
0.002396
0.002467
0.002840
0.002477
0.001509
0.000956
-0.000002
-0.000818
-0.001354
-0.001741
-0.001988
-0.002662
-0.002869
-0.002090
-0.001473
-0.001839
-0.001440
-0.000077
0.001195
0.001751
0.002747
0.003805
0.003697
0.003550
0.002557
0.000691
-0.000640
-0.001989
-0.003224
-0.003283
-0.003685
-0.004050
-0.003096
-0.002295
-0.001190
0.000288
0.001859
0.003122
0.003653
0.004147
0.003866
0.002974
0.002025
0.001309
0.000085
-0.001188
-0.002357
-0.003244
-0.003158
-0.002701
-0.002849
-0.001873
0.000719
0.000955
0.001718
0.003006
0.003863
0.004527
0.004282
0.003297
0.002215
0.001616
0.000801
-0.000267
-0.000930
-0.001285
-0.001729
-0.002220
-0.001803
-0.001527
-0.001210
-0.000093
0.000125
0.000085
0.000587
0.001090
0.001927
0.002631
0.002490
0.002815
0.002694
0.002045
0.002052
0.001695
0.000446
-0.000512
-0.000902
-0.001428
-0.001341
-0.001327
-0.001517
-0.001809
-0.002217
-0.001587
-0.000820
-0.000146
-0.000119
0.000288
0.001100
0.000882
0.001093
0.001513
0.001361
0.002139
0.002392
0.001686
0.000998
0.001127
0.001246
0.000199
-0.000285
-0.000582
-0.000813
-0.000832
-0.001061
-0.001392
-0.001678
-0.001513
-0.000883
-0.000498
0.000214
0.001282
0.001564
0.001442
0.001309
0.001239
0.001392
0.001416
0.000757
0.000478
0.000068
-0.000312
0.000015
0.000072
-0.000806
-0.001066
-0.000376
-0.000258
0.000127
0.000469
0.000088
-0.000046
0.000084
-0.000074
-0.000232
0.000080
0.000765
0.000589
0.000352
0.000409
0.000376
0.000543
0.000780
0.001070
0.001240
0.001054
0.000818
0.000613
0.000043
-0.000130
0.000063
0.000283
0.000101
-0.000307
-0.000543
-0.001104
-0.000988
-0.000457
-0.000022
0.000129
0.000138
0.000713
0.001198
0.001287
0.001103
-0.000020
-0.000609
-0.000350
-0.000662
-0.000938
-0.001298
-0.001628
-0.001655
-0.001399
-0.000667
0.000226
0.001298
0.001927
0.002710
0.003065
0.002353
0.002222
0.002122
0.001550
0.000352
-0.000764
-0.001023
-0.001957
-0.002478
-0.002044
-0.001301
-0.000648
-0.000319
0.000012
0.000539
0.001186
0.001473
0.000922
0.000311
0.001053
0.000719
-0.001014
-0.001503
-0.001470
-0.001313
-0.000986
-0.000079
0.000089
0.000308
0.001190
0.001129
0.001569
0.001700
0.001343
0.000581
-0.000129
-0.000524
-0.001210
-0.001506
-0.002283
-0.002595
-0.001638
-0.000229
0.000364
0.000619
0.001032
0.001596
0.001781
0.001764
0.001433
0.001213
0.000685
-0.000447
-0.000459
-0.000404
-0.001175
-0.001650
-0.001251
-0.001224
-0.000974
-0.000492
-0.000085
0.001054
0.001307
0.001708
0.002068
0.001943
0.001395
0.000581
0.000257
-0.000594
-0.001438
-0.001494
-0.001679
-0.001174
-0.001101
-0.000123
0.001436
0.002740
0.003536
0.003072
0.003048
0.002425
0.001508
0.000614
-0.000217
-0.001429
-0.001759
-0.001620
-0.001621
-0.001421
-0.001516
-0.001187
-0.000586
0.000800
0.001368
0.000778
0.000172
-0.000282
-0.000327
-0.000432
-0.000157
-0.000131
-0.000619
-0.000037
0.000338
-0.000025
-0.000010
0.000493
0.000695
-0.000020
0.000462
0.000973
0.000788
0.000703
0.001163
0.000867
-0.000160
-0.000354
-0.000377
-0.000195
-0.000695
-0.001341
-0.001025
-0.000001
0.000133
-0.000040
-0.000004
0.000355
0.000814
0.000666
0.001047
0.001182
0.000576
0.000222
-0.000072
-0.000468
-0.001314
-0.001629
-0.001662
-0.001650
-0.001581
-0.001140
-0.000745
-0.000659
0.000224
0.001279
0.001282
0.001074
0.000860
0.000728
0.000610
0.000538
0.000522
0.000487
0.000303
-0.000819
-0.001787
-0.000977
0.000603
0.001184
0.000622
0.000141
0.000403
0.000235
-0.000352
-0.000586
-0.000859
-0.000279
0.000571
0.000623
0.000680
0.001088
0.001043
0.000473
0.000315
-0.000002
-0.000758
-0.000453
0.000286
0.000483
0.000946
0.001378
0.000580
0.000220
-0.000090
-0.000460
-0.000257
-0.000384
-0.001083
-0.001092
-0.000844
-0.000587
-0.000018
0.000353
0.000447
0.000680
0.001032
0.000516
-0.000118
-0.000063
0.000628
0.000910
0.000308
0.000548
0.000916
0.000675
0.000308
-0.000538
-0.001193
-0.001559
-0.001656
-0.001262
-0.001025
-0.000756
0.000365
0.001285
0.001369
0.002108
0.002795
0.002276
0.002011
0.001756
0.000729
-0.000054
-0.001167
-0.001688
-0.001653
-0.001575
-0.001309
-0.000657
0.000285
0.001201
0.001965
0.001974
0.001899
0.001391
0.000808
0.000651
-0.000207
-0.000960
-0.000998
-0.001797
-0.002114
-0.001341
-0.000960
-0.000066
0.001564
0.002388
0.002377
0.002458
0.002285
0.002109
0.002151
0.001643
0.000392
-0.000430
-0.001164
-0.001236
-0.001261
-0.001889
-0.001631
-0.001190
-0.001018
-0.000813
-0.000913
-0.000988
0.000055
0.000936
0.000797
0.000964
0.001784
0.002208
0.002650
0.002240
0.000959
0.000313
-0.000567
-0.001186
-0.000899
-0.000753
-0.000549
-0.000273
-0.000006
0.001230
0.001625
0.000932
0.000293
0.000259
0.000240
-0.000023
-0.000324
-0.001058
-0.001599
-0.001674
-0.002115
-0.001776
-0.000993
-0.000902
0.000015
0.000857
0.001070
0.001531
0.002165
0.002961
0.003167
0.002989
0.002818
0.002339
0.001538
0.000055
-0.001398
-0.002807
-0.003678
-0.003642
-0.003684
-0.003528
-0.002759
-0.001760
-0.000096
0.000710
0.001564
0.002761
0.002844
0.002454
0.001704
0.000716
-0.000298
-0.000883
-0.001030
-0.000620
-0.000405
-0.000684
0.000415
0.001269
0.000859
0.000634
0.000905
0.001310
0.000722
-0.000022
-0.000097
-0.000373
-0.000093
0.000466
0.000036
-0.000525
0.000190
0.000429
-0.000139
-0.000010
0.000633
0.000712
0.000522
0.000586
0.000475
0.000381
0.000744
0.000085
-0.000821
-0.001389
-0.001508
-0.001705
-0.001766
-0.000868
0.000333
0.000787
0.000775
0.000987
0.001082
0.001101
0.001064
0.000806
0.000126
-0.000100
-0.000067
0.000201
-0.000252
-0.000725
-0.000403
-0.000262
-0.000550
-0.000185
0.000383
0.000138
-0.000303
-0.000101
0.000377
0.000671
0.001084
0.000891
0.000558
0.000453
0.000269
0.000531
-0.000177
-0.000700
-0.000523
-0.000475
-0.000297
0.000217
0.000587
0.000354
0.000056
0.000018
0.000037
0.000043
0.000298
-0.000291
-0.001082
-0.000180
0.000435
-0.000122
0.000502
0.000438
-0.000071
-0.000085
-0.000425
-0.000221
-0.000064
-0.000324
-0.000602
-0.000545
-0.000397
-0.000775
-0.000488
0.000340
0.000462
0.000211
0.000062
0.000654
0.000940
0.000832
0.001390
0.001369
0.000869
-0.000124
-0.001015
-0.001391
-0.001257
-0.001433
-0.001281
-0.001013
-0.000846
0.000119
0.000563
0.000942
0.001427
0.001305
0.001402
0.002230
0.002551
0.002158
0.002329
0.001723
0.000746
0.000104
-0.001038
-0.002266
-0.002627
-0.002653
-0.002337
-0.002168
-0.000803
0.000370
0.000848
0.001995
0.001514
0.001141
0.001188
0.000948
0.000635
0.000332
-0.000350
-0.001118
-0.000896
-0.001228
-0.000961
-0.000150
0.000289
0.000761
0.001202
0.001933
0.002282
0.002216
0.001909
0.001641
0.000487
-0.001400
-0.001972
-0.002304
-0.002330
-0.002021
-0.001967
-0.001463
-0.000514
-0.000080
-0.000037
0.000423
0.001071
0.000922
0.000838
0.000641
0.000591
0.000601
0.000081
0.000552
0.000636
-0.000253
-0.000144
0.000347
0.000421
0.000193
-0.000347
0.000137
0.000637
0.000453
0.001021
0.001229
0.000884
0.000585
0.000839
0.001128
0.000540
0.000312
0.000642
0.000531
0.000151
-0.000162
-0.000156
-0.000551
-0.000749
-0.000184
-0.000316
-0.000197
-0.000095
0.000073
0.000433
0.000696
0.001011
0.000727
0.000324
-0.000344
-0.000358
0.000405
0.000344
-0.000318
-0.000791
-0.000208
0.000131
0.000038
-0.000130
-0.000259
-0.000026
0.000664
0.000958
0.000219
0.000038
-0.000447
-0.000750
-0.000571
-0.000862
-0.000957
-0.001254
-0.001472
-0.001214
-0.000676
-0.000004
0.000588
0.000942
0.001285
0.002377
0.002188
0.001721
0.001339
0.000772
0.000579
0.000022
-0.000498
-0.000289
-0.000181
-0.000634
-0.000220
0.000924
0.001031
0.000972
0.000542
0.000430
0.000720
-0.000232
-0.000750
-0.001476
-0.001422
-0.001317
-0.001497
-0.000864
0.000348
0.001358
0.001237
0.001342
0.001393
0.001522
0.001622
0.001129
0.000958
0.000656
0.000058
-0.000595
-0.001533
-0.002203
-0.003076
-0.003718
-0.002952
-0.002150
-0.001126
0.000502
0.002029
0.002796
0.002898
0.003414
0.003954
0.003237
0.001329
-0.000051
-0.000884
-0.001834
-0.002842
-0.003099
-0.002750
-0.002422
-0.001426
-0.000378
0.000475
0.001471
0.002315
0.003036
0.003377
0.002714
0.001901
0.001528
-0.000305
-0.001639
-0.001492
-0.002158
-0.003086
-0.002987
-0.002151
-0.001686
-0.000714
0.000619
0.001898
0.002363
0.002800
0.003245
0.003268
0.003500
0.003284
0.002194
0.001550
0.000395
-0.001543
-0.002312
-0.002963
-0.003766
-0.003631
-0.003424
-0.002548
-0.001019
0.000503
0.001561
0.001976
0.002836
0.003344
0.003073
0.002094
0.000786
0.000115
-0.000466
-0.001256
-0.001801
-0.001564
-0.000826
-0.000166
-0.000005
0.000160
0.000494
0.000802
0.000710
0.000536
-0.000030
-0.001027
-0.000795
-0.001296
-0.001862
-0.001047
-0.000550
-0.000286
0.000183
0.000631
0.001367
0.001737
0.001740
0.001304
0.001058
0.000458
0.000084
-0.000409
-0.000497
-0.000594
-0.001085
-0.001425
-0.001127
-0.000733
-0.000531
-0.000072
0.000659
0.000991
0.001011
0.001250
0.001335
0.001737
0.001591
0.001447
0.001189
0.000542
-0.000052
-0.001055
-0.001008
-0.001102
-0.001586
-0.001074
-0.000012
0.000705
0.000641
0.001166
0.002486
0.002986
0.002876
0.002381
0.002168
0.000895
0.000341
0.000268
-0.000660
-0.000794
-0.000402
-0.000400
-0.000060
0.000485
0.000502
0.000949
0.001423
0.001199
0.000535
0.000444
0.000349
-0.000203
-0.000104
0.000190
0.000363
0.000698
0.000855
0.000791
0.000513
0.000250
0.000668
0.000435
0.000396
0.000357
0.000130
0.000551
0.000877
0.000905
0.000869
0.000931
0.000941
0.000575
0.000237
0.000689
0.000732
0.000455
0.000442
0.001024
0.001386
0.000798
0.000573
0.000772
0.001182
0.000497
-0.000511
-0.000159
-0.000094
-0.000721
-0.001515
-0.001728
-0.001520
-0.000123
0.000642
0.000622
0.001400
0.002111
0.002835
0.003563
0.003006
0.001965
0.001382
0.000780
-0.000157
-0.001062
-0.002397
-0.003164
-0.002739
-0.001709
-0.001036
-0.000781
0.000248
0.001187
0.002233
0.002711
0.002723
0.002926
0.002216
0.000811
0.000574
0.000769
0.000202
-0.000381
-0.000550
-0.000541
-0.000426
-0.000193
0.000171
0.000238
0.000960
0.001101
0.000816
0.000961
0.000522
0.000413
-0.000442
-0.001074
-0.000587
-0.000548
-0.000703
-0.000355
-0.000107
0.000070
0.000574
0.001038
0.001687
0.001488
0.001066
0.001192
0.001058
0.001304
0.000720
-0.000713
-0.000872
-0.000805
-0.001016
-0.001251
-0.001172
-0.000656
0.000080
0.000711
0.000808
0.001456
0.001978
0.001398
0.001008
0.000909
0.000794
0.000297
-0.000148
-0.000505
-0.000732
-0.000426
-0.000757
-0.001296
-0.000855
-0.000340
0.000475
0.001238
0.001047
0.001471
0.002056
0.001506
0.001468
0.001242
0.000868
0.000517
0.000395
0.000100
-0.000912
-0.001250
-0.001268
-0.001079
-0.000884
-0.000621
-0.000089
0.000826
0.000970
0.000780
0.001315
0.000747
0.000334
0.000227
-0.000130
-0.000225
-0.000435
0.000016
0.000786
0.000886
0.001246
0.002597
0.002854
0.002239
0.001493
0.001035
0.001066
0.000467
0.000072
0.000034
-0.000902
-0.001540
-0.001767
-0.001522
-0.000771
-0.000478
-0.000581
0.000987
0.001673
0.001319
0.001983
0.002242
0.001277
0.000394
-0.000207
-0.000616
-0.000384
-0.000823
-0.001127
-0.000624
-0.000048
0.000591
0.001054
0.000342
0.000862
0.001466
0.001130
0.000759
0.001185
0.001516
0.001397
0.000971
0.001081
0.000907
-0.000644
-0.001012
-0.000826
-0.001340
-0.001034
-0.000918
-0.000884
-0.000166
0.000225
0.000688
0.001196
0.001688
0.001457
0.000848
0.000883
0.000316
-0.000388
-0.000329
-0.000419
-0.000778
-0.000613
-0.000330
-0.000631
0.000014
0.000362
-0.000105
0.000322
0.000515
0.000622
0.000497
-0.000057
-0.000544
-0.000475
-0.000645
-0.001212
-0.000777
-0.000041
0.000508
0.001401
0.001825
0.001764
0.002071
0.001943
0.001630
0.001471
0.000803
0.000398
-0.000514
-0.001731
-0.002420
-0.002359
-0.001670
-0.001571
-0.001718
-0.000742
0.000524
0.001140
0.001431
0.001663
0.002777
0.003513
0.003553
0.003451
0.003309
0.002511
0.000792
0.000513
0.000370
-0.000731
-0.001479
-0.001285
-0.001632
-0.001957
-0.001974
-0.002274
-0.001411
-0.000230
-0.000296
-0.000020
0.000979
0.001420
0.001690
0.001867
0.001308
0.001111
0.000897
0.000643
0.000519
-0.000178
-0.000129
-0.000301
-0.000840
-0.001086
-0.000467
-0.000246
-0.000486
-0.000551
0.000081
0.000465
0.000476
0.000693
0.000227
0.000512
0.000371
-0.000255
-0.000036
-0.000003
-0.000589
0.000047
0.000766
0.000478
0.000337
0.000616
0.001243
0.001173
0.000703
0.001321
0.001162
0.000243
0.000033
-0.000114
0.000075
-0.000331
-0.000384
0.000212
0.000050
0.000163
-0.000040
-0.000092
-0.000270
-0.000937
-0.000465
-0.000499
-0.000497
-0.000289
0.000011
0.000190
-0.000181
0.000397
0.000988
0.000963
0.001405
0.002030
0.002023
0.001817
0.001688
0.001444
0.000981
0.000066
-0.000971
-0.001054
-0.001240
-0.001954
-0.002190
-0.001999
-0.001545
-0.000552
0.000299
0.000324
0.000924
0.001583
0.001843
0.002077
0.002004
0.001573
0.001231
0.000912
0.000306
0.000071
-0.000539
-0.001623
-0.001362
-0.001121
-0.001773
-0.001697
-0.000934
0.000089
0.000844
0.000642
-0.000252
-0.000395
0.000005
0.000158
-0.000077
-0.000752
-0.000763
0.000100
0.000383
-0.000063
0.000001
0.001160
0.001394
0.002041
0.003029
0.002596
0.002235
0.001906
0.000871
-0.000728
-0.001821
-0.002781
-0.004058
-0.004344
-0.004931
-0.005091
-0.003875
-0.002955
-0.001880
0.000200
0.001662
0.002447
0.002998
0.003497
0.003585
0.003164
0.003030
0.002504
0.001662
0.000527
-0.000690
-0.001052
-0.000943
-0.001250
-0.001483
-0.001438
-0.001322
-0.000908
-0.000725
-0.000967
-0.000899
-0.000861
-0.000887
-0.000753
-0.000623
-0.000255
0.000078
0.000653
0.001525
0.002123
0.002037
0.002886
0.002949
0.002226
0.002155
0.001861
0.000860
0.000039
-0.000132
-0.001280
-0.002098
-0.002431
-0.002632
-0.003158
-0.003269
-0.002909
-0.002103
-0.001409
-0.000693
0.000635
0.001572
0.002021
0.003275
0.003424
0.002781
0.002693
0.002307
0.001595
0.000172
-0.000758
-0.000661
-0.000809
-0.001466
-0.001827
-0.000816
-0.000183
0.000136
0.000085
0.000478
0.000890
0.001119
0.001804
0.002068
0.001301
0.000715
0.000316
0.000066
-0.000689
-0.001475
-0.001525
-0.002270
-0.002425
-0.001621
-0.001300
-0.001117
0.000360
0.001518
0.001933
0.002916
0.003418
0.002982
0.002559
0.001976
0.001676
0.000633
-0.000441
-0.000999
-0.001692
-0.001847
-0.002142
-0.002273
-0.001786
-0.001945
-0.001504
-0.001214
-0.000728
0.000253
0.001246
0.001820
0.002254
0.002676
0.002723
0.003169
0.002879
0.002083
0.001279
0.000974
0.000640
0.000204
0.000157
0.000073
-0.000932
-0.002032
-0.002172
-0.002398
-0.002766
-0.002965
-0.002792
-0.002044
-0.000987
0.000410
0.001217
0.001784
0.002956
0.003608
0.003410
0.002699
0.001917
0.001184
0.000622
-0.000316
-0.001459
-0.001775
-0.001979
-0.003142
-0.003367
-0.003192
-0.002491
-0.001427
-0.000211
0.000600
0.001187
0.001488
0.001424
0.001668
0.001825
0.002261
0.001787
0.000592
-0.000479
-0.001072
-0.000879
-0.000970
-0.001506
-0.001635
-0.000736
0.000212
0.000549
0.001499
0.001848
0.001836
0.002065
0.002403
0.002151
0.001255
0.000182
-0.000598
-0.001376
-0.002084
-0.002334
-0.002598
-0.002916
-0.003012
-0.002273
-0.001219
0.000163
0.001128
0.001757
0.001721
0.001652
0.001884
0.001398
0.001468
0.001565
0.001473
0.001350
0.000941
0.000572
0.000207
-0.000192
-0.000550
-0.000279
-0.000268
-0.000589
-0.000357
-0.000399
-0.000618
-0.000941
-0.000942
-0.000291
-0.000428
-0.000025
0.000603
0.001062
0.002292
0.002098
0.001630
0.001926
0.001728
0.000785
0.000622
0.000691
-0.000248
-0.000690
-0.000996
-0.002404
-0.002484
-0.001937
-0.002159
-0.001138
0.000032
0.000502
0.001263
0.002210
0.003546
0.003376
0.003154
0.003412
0.003114
0.002205
0.001260
0.000361
-0.001163
-0.001858
-0.001974
-0.002359
-0.002523
-0.002406
-0.001449
-0.000217
0.000052
0.001392
0.002422
0.002670
0.003068
0.002828
0.001871
0.000166
-0.000691
-0.000991
-0.002014
-0.002687
-0.002879
-0.003579
-0.003505
-0.002692
-0.001613
-0.000380
0.001343
0.003182
0.003606
0.003202
0.003309
0.003243
0.002591
0.002155
0.001517
0.000145
-0.000911
-0.000721
-0.000377
-0.000820
-0.000892
-0.000385
-0.000889
-0.000657
-0.000179
-0.000172
-0.000211
-0.000341
-0.000418
-0.000074
0.000225
0.000163
0.001048
0.000956
0.000157
0.000629
0.001213
0.001204
0.001170
0.000782
0.000644
0.000343
-0.000094
0.000077
0.000322
0.000180
0.000017
-0.000952
-0.000669
-0.000113
-0.000805
-0.000041
0.001053
0.001440
0.001798
0.002244
0.002588
0.003273
0.003536
0.002635
0.001339
0.000175
-0.000764
-0.001196
-0.001806
-0.002162
-0.002219
-0.002794
-0.002294
-0.000947
0.000222
0.000684
0.000586
0.000885
0.002109
0.002912
0.002415
0.002232
0.001718
0.000430
0.000200
0.000054
-0.000142
-0.000288
-0.000741
-0.001185
-0.001153
-0.001248
-0.001719
-0.001227
-0.000640
-0.000163
0.000212
0.000641
0.000845
0.001636
0.001993
0.001184
0.000295
0.000297
-0.000415
-0.000868
-0.000517
0.000290
-0.000195
-0.000505
0.000282
0.000401
0.000487
-0.000175
-0.000344
0.000037
-0.000118
-0.000308
-0.000139
0.000017
0.000558
0.000387
-0.000352
0.000149
0.000397
-0.000199
-0.000066
-0.000005
0.000307
0.000379
0.000486
0.000605
0.000388
0.000390
0.000129
-0.000174
0.000487
0.000369
0.000309
0.000081
-0.000559
0.000015
0.000371
0.000551
0.000546
0.000465
0.000482
0.000311
0.000463
0.000955
0.000855
0.000480
0.000307
-0.000067
-0.000267
-0.000122
-0.000386
-0.000860
-0.000722
-0.000360
-0.000259
-0.000562
-0.000342
-0.000087
0.000419
0.001388
0.001606
0.001586
0.001200
0.001366
0.001364
0.001144
0.001242
0.000450
-0.000142
0.000115
-0.000348
-0.001142
-0.001547
-0.001717
-0.001677
-0.001995
-0.001629
-0.001009
-0.000605
-0.000321
0.000126
0.001502
0.001540
0.001906
0.002335
0.001792
0.001767
0.002182
0.001531
0.000613
0.000247
-0.000190
-0.001226
-0.001206
-0.000808
-0.000873
-0.001093
-0.001220
-0.000779
-0.000045
0.000556
0.000444
0.000629
0.001083
0.001862
0.002284
0.001881
0.001932
0.001887
0.001151
0.001009
0.000871
0.000380
-0.000634
-0.001282
-0.001163
-0.000828
-0.000513
-0.000912
-0.001063
-0.000405
0.000161
0.000131
0.000973
0.001777
0.001121
0.001501
0.001797
0.000928
0.000895
0.001453
0.001213
0.000063
-0.000330
-0.000310
-0.000208
-0.000264
-0.000390
0.000059
0.000038
-0.000370
-0.000087
0.000098
0.000211
0.000758
0.001282
0.000777
0.000538
0.000893
0.000642
0.000104
0.000319
0.000468
0.000787
0.001485
0.000761
0.000755
0.000895
0.000038
-0.000046
-0.000337
-0.001521
-0.001484
-0.000658
-0.000694
-0.000309
0.000655
0.000379
0.000779
0.002228
0.002902
0.003235
0.002981
0.002375
0.001483
0.000568
0.000116
-0.000900
-0.001999
-0.002031
-0.002167
-0.002267
-0.001708
-0.000907
0.000892
0.001653
0.001467
0.002156
0.002289
0.001852
0.001113
0.000486
0.000084
-0.000636
-0.001157
-0.000883
-0.001217
-0.001823
-0.001185
-0.000687
-0.000160
0.000622
0.001064
0.000816
0.000855
0.001021
0.000777
0.000633
0.000226
0.000337
0.000233
0.000228
0.000573
0.000294
0.000313
0.001110
0.001822
0.001640
0.001551
0.001834
0.002069
0.001386
0.000756
0.000491
-0.000360
-0.000781
-0.000790
-0.000973
-0.000582
-0.000210
-0.000282
0.000145
0.000199
-0.000183
0.000189
0.000967
0.001335
0.001152
0.000350
0.000443
0.000740
0.000642
0.000722
0.000325
-0.000202
-0.000454
-0.000390
-0.000546
-0.000332
0.000500
0.000873
0.000822
0.001137
0.001114
0.000777
0.001159
0.001260
0.000495
0.000258
-0.000260
-0.000814
-0.000815
-0.000831
-0.000450
-0.000237
-0.000376
-0.000408
-0.000572
0.000352
0.000854
0.001072
0.001041
0.000965
0.000704
0.000853
0.001043
0.000690
0.000936
0.000542
-0.000437
-0.000665
-0.000720
-0.001038
-0.001418
-0.001689
-0.002052
-0.001571
-0.000320
0.000399
0.000489
0.000764
0.001452
0.001643
0.001765
0.001767
0.001639
0.001635
0.001599
0.001469
0.000863
0.000144
-0.000752
-0.001238
-0.001064
-0.000937
-0.001163
-0.001133
-0.000850
-0.001285
-0.000726
-0.000165
-0.000262
0.000172
0.001279
0.002116
0.001737
0.002206
0.002119
0.001507
0.001543
0.001435
0.001297
0.000641
0.000207
0.000083
-0.000139
-0.000544
-0.001029
-0.000810
-0.000392
-0.000693
-0.001023
-0.000845
-0.000265
0.000076
-0.000016
0.000484
0.001639
0.001619
0.001374
0.001693
0.001537
0.000793
0.000374
-0.000166
-0.001240
-0.001109
-0.000681
-0.000751
-0.000510
-0.000382
-0.000311
0.000508
0.001342
0.001008
0.001483
0.002168
0.001701
0.001611
0.001058
-0.000337
-0.001545
-0.002001
-0.001989
-0.002206
-0.001974
-0.001691
-0.001773
-0.000980
-0.000036
0.000044
0.000336
0.000578
0.000574
0.000887
0.001531
0.000729
-0.000440
-0.000367
-0.000350
-0.000527
-0.000429
0.000103
0.000290
0.000697
0.001591
0.001630
0.001118
0.001008
0.001329
0.001381
0.001084
0.000494
-0.000594
-0.001079
-0.000942
-0.001063
-0.000857
-0.000041
0.000350
0.000445
0.001252
0.001679
0.001666
0.002179
0.002058
0.001171
0.001303
0.000865
-0.000155
-0.000230
-0.000674
-0.000931
-0.000776
-0.000733
-0.000620
-0.000364
0.000160
0.000547
0.000444
0.000040
0.000198
0.000456
0.000599
0.000756
0.000754
0.000245
-0.000088
0.000376
0.000926
0.000975
0.000947
0.001024
0.001251
0.001340
0.001260
0.001156
0.000674
0.000689
0.000679
0.000487
0.000607
0.000524
-0.000395
-0.000932
-0.001214
-0.001727
-0.001833
-0.001359
-0.000605
0.000138
0.000237
0.000523
0.001264
0.001905
0.002106
0.001106
0.000725
0.000763
0.000646
0.000131
-0.000651
-0.000950
-0.000613
-0.000573
-0.000556
0.000229
0.000826
0.000688
0.000942
0.001206
0.000806
0.000675
0.000444
0.000556
0.000636
0.000728
0.000539
0.000180
0.000061
-0.000267
0.000149
-0.000178
-0.000500
0.000392
0.000199
-0.000407
-0.000476
-0.000023
0.000635
0.000866
0.001100
0.001335
0.001429
0.001347
0.001405
0.001101
0.000505
-0.000228
-0.000128
0.000719
0.000886
0.000507
0.000288
0.000362
-0.000276
-0.000290
-0.000334
-0.000113
-0.000179
-0.000733
-0.000597
-0.000110
-0.000008
-0.000476
-0.000141
0.000499
0.000588
0.000657
0.001375
0.000934
0.000376
0.000277
0.000535
0.000318
0.000495
0.000687
0.000209
0.000154
0.000528
0.000344
0.000257
0.000669
0.000710
0.000188
-0.000099
-0.000592
-0.001281
-0.000800
-0.000995
-0.001402
-0.000838
-0.000495
-0.000445
0.000151
0.000640
0.000889
0.000886
0.000735
0.001121
0.001320
0.001254
0.001437
0.001146
0.000955
0.001075
0.000019
-0.000124
0.000254
-0.000288
-0.000449
-0.000538
-0.000532
-0.001311
-0.001168
-0.000821
-0.000793
-0.000790
-0.000087
0.000772
0.000612
0.000897
0.001189
0.000945
0.001300
0.001969
0.002583
0.002344
0.002242
0.001771
0.001135
-0.000141
-0.001055
-0.000826
-0.000586
-0.000468
-0.000891
-0.001545
-0.001315
-0.001064
-0.001110
-0.000892
-0.000018
0.000439
0.000127
0.000515
0.000203
0.000228
0.000426
0.000300
0.000665
0.000808
0.001003
0.000978
0.001313
0.001473
0.000839
0.000016
-0.000404
-0.000343
-0.000608
-0.000459
-0.000580
-0.000911
-0.000860
-0.001095
-0.001542
-0.001211
-0.000465
-0.000522
-0.000188
0.000259
0.000830
0.001312
0.000633
0.000492
0.000751
0.000790
0.000778
0.000719
0.000396
0.000014
-0.000459
-0.001065
-0.001415
-0.001059
-0.000507
-0.000320
0.000431
0.000811
0.000885
0.001316
0.000946
0.000814
0.001374
0.001271
0.001115
0.000558
-0.000899
-0.001536
-0.001199
-0.000710
-0.000694
-0.000243
0.000619
0.001359
0.001449
0.000850
0.000846
0.000876
0.000540
0.001116
0.001267
0.000116
-0.000142
-0.000690
-0.001479
-0.001289
-0.001111
-0.000733
0.000009
0.000145
0.000324
0.000671
0.001261
0.001287
0.000952
0.000853
0.001212
0.000830
-0.000334
-0.000439
-0.000327
-0.000225
-0.000326
-0.000761
-0.001136
-0.000786
-0.000736
-0.000475
0.000364
0.000773
0.001569
0.001758
0.001238
0.001261
0.001411
0.001393
0.000666
-0.000192
-0.000935
-0.001781
-0.001713
-0.001064
-0.001045
-0.001101
-0.000737
0.000231
0.000956
0.000774
0.000379
0.000720
0.000687
0.000297
0.000045
-0.000681
-0.000628
-0.000515
-0.000475
-0.000439
0.000021
0.000705
0.000893
0.001224
0.001824
0.002322
0.002502
0.002379
0.001483
0.001024
0.000402
-0.000578
-0.000631
-0.000956
-0.001255
-0.001231
-0.001619
-0.001676
-0.000486
0.000147
0.000070
0.000468
0.001099
0.001641
0.001642
0.001360
0.001011
0.001036
0.001589
0.001264
-0.000181
-0.000981
-0.001158
-0.001310
-0.001368
-0.001663
-0.001545
-0.000574
0.000438
0.000604
0.000369
0.000618
0.001296
0.001507
0.001183
0.000360
-0.000186
-0.000060
-0.000022
-0.000009
0.000424
0.000939
0.001384
0.001643
0.001086
0.000747
0.000712
0.000500
0.000564
0.000234
-0.000204
-0.001096
-0.001598
-0.001268
-0.001137
-0.000879
-0.000213
-0.000189
0.000531
0.001003
0.000988
0.001315
0.001361
0.001308
0.001083
0.000600
0.000830
0.000804
0.000278
0.000414
0.000028
-0.000059
0.000416
0.000415
0.000676
0.000584
0.000947
0.000998
-0.000033
-0.000579
-0.000078
-0.000419
-0.000422
0.000074
-0.000546
-0.000167
0.000018
0.000518
0.000920
0.001266
0.001712
0.001773
0.001858
0.002159
0.002261
0.001482
0.001320
0.000611
0.000110
-0.000017
0.000488
-0.000508
-0.001550
-0.001473
-0.001523
-0.001433
-0.000870
-0.000563
0.000053
0.000945
0.001470
0.001472
0.001503
0.001575
0.001635
0.001549
0.001531
0.001224
0.000764
-0.000708
-0.001191
-0.000964
-0.001277
-0.000700
-0.000308
0.000404
0.001386
0.001705
0.002257
0.001848
0.001353
0.001250
-0.000036
-0.000745
-0.000387
-0.000389
-0.000897
-0.001322
-0.000522
0.000271
0.000267
0.000684
0.001083
0.002085
0.002979
0.001903
0.000895
0.000661
0.000367
0.000208
-0.000172
-0.000597
-0.000986
-0.001068
-0.001096
-0.001035
-0.000823
-0.000073
0.000666
0.000265
0.000553
0.001774
0.002198
0.001490
0.000729
0.000372
0.000683
0.001189
0.000603
0.000276
0.000294
-0.000065
-0.000066
0.000031
-0.000277
-0.000583
0.000324
0.000957
0.000540
0.000537
0.000826
0.000664
0.000111
0.000201
0.000350
0.000571
0.000496
-0.000179
-0.000264
-0.000258
0.000201
0.000704
0.000254
0.000562
0.000964
0.001449
0.001531
0.001117
0.001167
0.001064
0.000244
0.000872
0.000768
0.000032
0.000051
0.000036
-0.000624
-0.001067
-0.000951
-0.001059
-0.001592
-0.001183
-0.001061
-0.001420
-0.000728
-0.000201
0.000319
0.001335
0.001971
0.002559
0.002739
0.002510
0.002163
0.001468
0.000713
0.000047
-0.000400
-0.000255
-0.000704
-0.000878
-0.000556
-0.000022
0.000097
0.000339
0.000662
0.000227
0.000628
0.000959
0.000804
0.000934
0.000573
0.000071
-0.000131
0.000067
0.000469
0.000651
0.001164
0.000835
0.000786
0.001054
0.000328
0.000235
0.000357
-0.000120
-0.000748
-0.001550
-0.002290
-0.002350
-0.002495
-0.002093
-0.000989
-0.000112
-0.000049
-0.000062
0.000721
0.000950
0.000795
0.000997
0.001066
0.001484
0.002179
0.001598
0.000726
0.000470
0.000366
-0.000595
-0.001170
-0.001034
-0.001151
-0.000636
0.000314
0.000486
0.000042
0.000027
0.000171
0.000104
-0.000022
-0.000104
0.000404
0.000444
0.000066
0.000216
-0.000158
0.000035
0.000891
0.001205
0.001897
0.002007
0.001712
0.001120
0.000945
0.000800
0.000473
0.000479
-0.000045
-0.000913
-0.001531
-0.002342
-0.002742
-0.001869
-0.001549
-0.000796
0.000947
0.001628
0.001831
0.002023
0.002948
0.003524
0.003065
0.002453
0.001981
0.001669
0.000485
-0.000245
-0.000964
-0.001545
-0.001369
-0.001196
-0.001162
-0.001116
-0.000526
0.000443
0.000937
0.000478
0.000609
0.001091
0.000876
0.000572
0.000554
0.000599
-0.000096
-0.000422
-0.000261
-0.001101
-0.001193
-0.001274
-0.000785
-0.000418
-0.000023
0.000016
-0.000215
-0.000380
-0.000028
0.000417
0.000566
0.000457
0.000569
0.000661
0.000704
0.000850
0.000676
0.000119
0.000029
-0.000033
0.000325
0.000837
0.000723
0.000163
-0.000463
-0.000268
0.000229
0.000606
0.000445
0.000889
0.001802
0.001531
0.001026
0.000672
0.000996
0.001429
0.001759
0.001736
0.001454
0.000739
-0.000425
-0.000607
-0.000240
0.000019
-0.000123
-0.000178
-0.000331
-0.000672
-0.000829
-0.000715
-0.001013
-0.000842
-0.000620
-0.000001
0.000901
0.000870
0.000021
0.000507
0.000822
0.000638
0.000703
0.000390
0.000451
0.000430
-0.000030
-0.000028
-0.000072
-0.000187
0.000122
0.000193
0.000229
0.000562
0.000210
0.000005
-0.000211
0.000349
0.000895
0.000574
0.000841
0.000900
0.000646
0.000663
0.000473
0.000013
-0.000524
-0.000881
-0.000718
-0.000171
-0.000424
-0.000991
-0.000673
-0.000087
0.000186
0.000377
0.001024
0.001818
0.002282
0.002129
0.002001
0.002486
0.002189
0.001217
0.001290
0.000889
0.000236
-0.000185
-0.001163
-0.001975
-0.001798
-0.001816
-0.001968
-0.001596
-0.000911
-0.000700
-0.000549
-0.000311
0.000211
0.000875
0.001634
0.001853
0.002251
0.002221
0.002021
0.001795
0.001438
0.000816
0.000401
0.000174
-0.000721
-0.000688
-0.000312
-0.000816
-0.000795
-0.000584
-0.000251
-0.000171
0.000552
0.001636
0.002152
0.001852
0.001184
0.000960
0.000812
0.000705
0.000504
0.000800
0.000795
0.000419
0.000103
0.000400
0.000106
-0.000688
-0.000393
-0.000039
-0.000352
-0.000375
0.000019
-0.000433
-0.000300
-0.000409
-0.001258
-0.000918
-0.000249
0.000344
0.000363
0.000228
0.000768
0.001169
0.000816
0.000931
0.001099
0.000813
0.000552
0.000511
0.000613
-0.000158
-0.000751
-0.000502
-0.000538
-0.000718
-0.000739
0.000014
0.000676
0.000333
0.000398
0.000798
0.000613
-0.000091
-0.000116
0.000875
0.000885
-0.000075
-0.000169
0.000402
0.000503
0.000986
0.001352
0.000538
0.000990
0.001779
0.001434
0.000426
-0.000165
0.000337
0.000282
0.000208
0.000392
0.000091
0.000054
-0.000415
-0.000578
0.000049
0.000490
0.000790
0.001023
0.000690
0.000553
0.000312
-0.000158
-0.000367
-0.000235
-0.000521
-0.000862
-0.000323
-0.000221
-0.000246
0.000124
0.000742
0.000313
0.000460
0.000926
0.000836
0.000822
0.000852
0.000423
-0.000209
-0.000421
-0.001062
-0.001216
-0.001270
-0.001454
-0.001367
-0.001381
-0.001314
-0.000298
0.000104
0.000285
0.000858
0.000983
0.000976
0.001059
0.001145
0.000651
0.000444
0.000658
0.000533
0.000271
-0.000525
-0.000954
-0.000902
-0.000801
-0.000508
-0.000100
0.000689
0.000670
0.000595
0.001014
0.001364
0.001558
0.001490
0.000927
0.000229
0.000134
0.000063
-0.000800
-0.001144
-0.000739
-0.000363
0.000504
0.000670
0.000708
0.001025
0.000349
0.000578
0.001443
0.000387
-0.000363
0.000100
-0.000229
-0.000478
0.000122
0.000484
0.000812
0.000998
0.000486
-0.000013
0.000617
0.000841
0.000725
0.000812
0.000608
0.000111
0.000261
0.000151
-0.000416
-0.000458
0.000053
0.000567
-0.000123
-0.000795
-0.000954
-0.001404
-0.001334
-0.000707
-0.000440
0.000039
0.000488
0.000948
0.001301
0.001108
0.001579
0.001661
0.001592
0.001476
0.001206
0.001056
0.000409
-0.000971
-0.001374
-0.001088
-0.000818
-0.000504
-0.000119
0.000614
0.001125
0.001162
0.001498
0.001376
0.001155
0.000731
0.000704
0.000583
0.000527
0.000362
-0.000001
0.000034
0.000584
0.000866
0.001211
0.000681
0.000480
0.001235
0.000692
-0.000184
-0.000250
-0.000558
-0.000656
-0.000900
-0.001361
-0.001122
-0.001365
-0.001036
-0.000417
-0.000205
0.000481
0.001082
0.000592
0.000970
0.001637
0.001484
0.001147
0.001013
0.000635
0.000812
0.000399
-0.000252
-0.001213
-0.001749
-0.001474
-0.001278
-0.001502
-0.001001
0.000571
0.001643
0.001583
0.001805
0.002624
0.002547
0.002235
0.002451
0.001903
0.001304
0.000850
-0.000155
-0.001351
-0.002031
-0.002125
-0.001874
-0.000824
0.000030
0.000301
0.000878
0.002027
0.002524
0.001993
0.001811
0.001633
0.001393
0.001043
0.000136
-0.000212
-0.000571
-0.000869
-0.001292
-0.000812
0.000146
0.000654
0.000907
0.000613
0.000644
0.000718
0.000879
0.001217
0.000271
-0.000016
-0.000078
-0.000750
-0.000543
-0.000097
-0.000244
-0.000399
0.000302
0.000517
0.000729
0.001345
0.001039
0.000214
-0.000293
-0.000799
-0.001620
-0.001466
-0.000672
-0.000927
-0.001049
-0.000726
-0.000074
0.000897
0.001357
0.001444
0.001652
0.001864
0.002128
0.002214
0.001841
0.001280
0.000865
-0.000118
-0.001188
-0.001613
-0.001629
-0.001316
-0.001278
-0.000746
-0.000911
-0.000989
-0.000615
-0.000301
0.000282
0.000827
0.001193
0.000418
-0.000345
-0.000069
0.000494
0.001007
0.001111
0.001012
0.001060
0.001002
0.000704
0.000740
0.000643
0.000249
0.000172
-0.000589
-0.000400
-0.000064
-0.000704
-0.001013
-0.001149
-0.000797
-0.000504
-0.000348
-0.000197
0.000691
0.001651
0.001748
0.002319
0.002652
0.002243
0.001981
0.001618
0.000825
0.000480
0.000500
-0.000313
-0.001088
-0.001239
-0.001553
-0.001316
-0.001161
-0.000867
-0.000196
0.000213
0.001461
0.001734
0.001490
0.001871
0.002132
0.002118
0.001705
0.001135
0.000294
-0.000452
-0.000991
-0.001333
-0.001318
-0.001356
-0.001157
-0.000459
-0.000619
-0.000560
0.000121
0.000478
0.001231
0.001704
0.001604
0.001433
0.001100
0.000729
0.000558
0.000423
0.000280
-0.000501
-0.000620
-0.000084
-0.000307
-0.000849
-0.000702
-0.000434
0.000588
0.001254
0.001156
0.000919
0.000844
-0.000084
-0.000955
-0.001073
-0.001087
-0.001295
-0.001324
-0.001554
-0.001290
-0.000323
0.000288
0.000829
0.000930
0.000725
0.001212
0.001194
0.000540
0.000565
0.000418
0.000294
-0.000033
-0.000595
-0.000803
-0.000479
-0.000441
-0.000034
0.000197
0.000377
0.000550
0.000637
0.000551
0.000588
0.000585
0.000651
0.001064
0.000318
-0.000221
-0.000486
-0.000863
-0.000770
-0.000146
0.000234
-0.000019
0.000499
0.000742
0.000996
0.001261
0.001362
0.001468
0.001271
0.000726
0.000683
0.000508
0.000173
-0.000452
-0.001027
-0.001517
-0.001012
-0.000586
-0.000953
-0.000883
-0.000240
0.000356
0.000588
0.001311
0.002013
0.002036
0.001950
0.001982
0.001926
0.001227
0.001392
0.001221
0.000555
0.000465
0.000693
0.000444
0.000012
-0.000551
-0.000700
-0.000942
-0.001101
-0.000725
-0.000868
-0.001255
-0.000290
0.000369
-0.000174
-0.000507
0.000385
0.001219
0.001240
0.001582
0.002219
0.001770
0.001525
0.001027
0.000178
0.000200
0.000391
0.000234
-0.000231
-0.000316
-0.000105
-0.000344
-0.000593
-0.000580
-0.000232
-0.000511
-0.000421
0.000293
-0.000008
0.000304
0.001087
0.000752
0.000568
0.000598
0.000713
0.000794
0.000550
0.000368
-0.000259
0.000279
0.000394
0.000018
-0.000026
-0.000227
0.000139
0.000086
0.000342
0.000478
0.000113
0.000035
-0.000119
0.000034
-0.000102
0.000378
0.000603
0.000153
0.000360
0.000266
-0.000201
-0.000342
-0.000832
-0.001238
-0.001164
-0.000672
-0.000636
-0.000437
0.000010
0.000345
0.000258
0.000820
0.001958
0.002109
0.002034
0.002140
0.002089
0.001120
0.000353
0.000057
-0.000175
-0.000647
-0.001639
-0.002107
-0.002000
-0.001166
-0.000935
-0.000568
0.000279
0.000579
0.001607
0.002023
0.001595
0.001606
0.001922
0.001973
0.001541
0.000989
0.000927
0.000181
-0.000172
0.000089
-0.000086
-0.000461
-0.000515
-0.000847
-0.001299
-0.001592
-0.001157
-0.000891
-0.001023
-0.000306
0.000341
0.000120
0.000321
0.000863
0.000835
0.000757
0.001361
0.001184
0.000254
-0.000265
-0.000815
-0.000971
-0.001541
-0.001720
-0.000841
-0.000641
0.000179
0.000798
0.000266
-0.000266
0.000109
0.000452
0.000556
0.000851
0.000452
-0.000530
-0.000328
-0.000191
-0.000680
-0.001108
-0.001172
-0.000887
-0.001154
-0.000757
-0.000405
-0.000273
0.000413
0.000513
0.000605
0.001095
0.000887
0.000679
0.001210
0.001467
0.001109
0.000770
0.000008
-0.000497
-0.000384
-0.000365
-0.000282
-0.000401
-0.000304
-0.000124
-0.000100
0.000042
0.000458
0.000495
0.000630
0.000961
0.000632
0.000727
0.000961
0.000421
0.000254
0.000614
0.000994
0.000619
-0.000245
-0.000471
-0.000528
-0.000837
-0.001151
-0.000945
-0.000383
-0.000240
0.000119
0.001089
0.000990
0.000817
0.001061
0.001309
0.001524
0.000818
0.000878
0.001180
0.000873
0.000199
-0.000909
-0.001127
-0.000858
-0.001360
-0.002094
-0.001726
-0.000899
-0.000811
-0.001019
-0.000237
-0.000198
0.000105
0.000942
0.000989
0.000806
0.001274
0.002061
0.001945
0.001666
0.001077
0.000450
0.000283
-0.000350
-0.000839
-0.000507
-0.000126
-0.000401
-0.000791
-0.000431
0.000120
0.000626
0.001082
0.000639
0.000611
0.000396
0.000231
0.000731
0.001181
0.001660
0.001412
0.001147
0.000548
0.000164
-0.000158
-0.000714
-0.000800
-0.000462
-0.000268
-0.000666
-0.000839
-0.000816
-0.001028
-0.000877
-0.000028
-0.000067
-0.000425
0.000881
0.001863
0.001614
0.001757
0.001902
0.001641
0.000914
0.000815
0.000904
0.000563
0.000106
-0.000029
-0.000025
-0.000404
-0.000279
0.000337
0.000185
0.000006
0.000189
0.000332
0.000172
0.000214
0.000291
-0.000266
-0.000382
-0.000311
-0.000352
-0.000899
-0.001057
-0.000266
0.000100
-0.000016
