# STATIONID: 205
# STARTTIME: 1123732050.520000
# SAMPLERATE: 100
# NUMSAMPLES: 8268
-0.041501
-0.058805
-0.053285
-0.056568
-0.054525
-0.055477
-0.054303
-0.054583
-0.054666
-0.054893
-0.055080
-0.055891
-0.056172
-0.056295
-0.056660
-0.056319
-0.056027
-0.056315
-0.056874
-0.056730
-0.055759
-0.055002
-0.055330
-0.055611
-0.054275
-0.053614
-0.053547
-0.053779
-0.054702
-0.055384
-0.056235
-0.056145
-0.056041
-0.056404
-0.056065
-0.056068
-0.055989
-0.055456
-0.055142
-0.055189
-0.054974
-0.054538
-0.054559
-0.054448
-0.054679
-0.055043
-0.055327
-0.055555
-0.055621
-0.055588
-0.055714
-0.056551
-0.056448
-0.056239
-0.056537
-0.056176
-0.056001
-0.055812
-0.055549
-0.055106
-0.055068
-0.055490
-0.055396
-0.054665
-0.054081
-0.054312
-0.054837
-0.055389
-0.055421
-0.055246
-0.055523
-0.055558
-0.055138
-0.055007
-0.055188
-0.055470
-0.055621
-0.055218
-0.054965
-0.055118
-0.055152
-0.055686
-0.055726
-0.055638
-0.056224
-0.057042
-0.056936
-0.056623
-0.056667
-0.056652
-0.056280
-0.055550
-0.054961
-0.054362
-0.054511
-0.054962
-0.054515
-0.054002
-0.054337
-0.054875
-0.054723
-0.055118
-0.054932
-0.054370
-0.055309
-0.055850
-0.055504
-0.055469
-0.055555
-0.055390
-0.055710
-0.055649
-0.055731
-0.056116
-0.056166
-0.056376
-0.056681
-0.056567
-0.056359
-0.055997
-0.055777
-0.055674
-0.055334
-0.055284
-0.055255
-0.055150
-0.054907
-0.054377
-0.054783
-0.054999
-0.054785
-0.054933
-0.054992
-0.055295
-0.055205
-0.055061
-0.055162
-0.054956
-0.055157
-0.055709
-0.055556
-0.055763
-0.056496
-0.056373
-0.055565
-0.055648
-0.056314
-0.056033
-0.055221
-0.055357
-0.056073
-0.055810
-0.055578
-0.055720
-0.055572
-0.055549
-0.055723
-0.055590
-0.055525
-0.055621
-0.055665
-0.056582
-0.056957
-0.056302
-0.056056
-0.055614
-0.055397
-0.054784
-0.054801
-0.055657
-0.055814
-0.055091
-0.054710
-0.055133
-0.055592
-0.055400
-0.055269
-0.055954
-0.056062
-0.055832
-0.056579
-0.056514
-0.056236
-0.055763
-0.055529
-0.055539
-0.054999
-0.054522
-0.053988
-0.053874
-0.054888
-0.055548
-0.055374
-0.055044
-0.054826
-0.055178
-0.055869
-0.055291
-0.055521
-0.055879
-0.055429
-0.055297
-0.055795
-0.055997
-0.055501
-0.054951
-0.054730
-0.055264
-0.055844
-0.055768
-0.055400
-0.055229
-0.056131
-0.056457
-0.055891
-0.055853
-0.055715
-0.054730
-0.054961
-0.055335
-0.054899
-0.054287
-0.053973
-0.054692
-0.055260
-0.054601
-0.054511
-0.054788
-0.055043
-0.055316
-0.055232
-0.054776
-0.055188
-0.055191
-0.055298
-0.055790
-0.055862
-0.056077
-0.056510
-0.055969
-0.055216
-0.054833
-0.054743
-0.054812
-0.054850
-0.054409
-0.053816
-0.054059
-0.054617
-0.054754
-0.054945
-0.054725
-0.054551
-0.054941
-0.054631
-0.054753
-0.055144
-0.054940
-0.054665
-0.055263
-0.056053
-0.055854
-0.055479
-0.055437
-0.055489
-0.055630
-0.055468
-0.055235
-0.054897
-0.054290
-0.054621
-0.054856
-0.054007
-0.054312
-0.055265
-0.054911
-0.054615
-0.055167
-0.055561
-0.055244
-0.055314
-0.055430
-0.055353
-0.055455
-0.055284
-0.055307
-0.055902
-0.055944
-0.055433
-0.055731
-0.056025
-0.055750
-0.055741
-0.055289
-0.055223
-0.055105
-0.054581
-0.054752
-0.054736
-0.054550
-0.054491
-0.054028
-0.053731
-0.054180
-0.054270
-0.054265
-0.053863
-0.054249
-0.055043
-0.054985
-0.056112
-0.056607
-0.056290
-0.056275
-0.055695
-0.054643
-0.054433
-0.054515
-0.054294
-0.053881
-0.054003
-0.054058
-0.054072
-0.054259
-0.053845
-0.054335
-0.055505
-0.055685
-0.054845
-0.054536
-0.055026
-0.055218
-0.055398
-0.055751
-0.055882
-0.055053
-0.054738
-0.054947
-0.054731
-0.054739
-0.054661
-0.054523
-0.055031
-0.054943
-0.054822
-0.055207
-0.054629
-0.054066
-0.054015
-0.052889
-0.052066
-0.052368
-0.052963
-0.053544
-0.053949
-0.054945
-0.055873
-0.056328
-0.056726
-0.056721
-0.056772
-0.056109
-0.055589
-0.055269
-0.054754
-0.054157
-0.053708
-0.053761
-0.053564
-0.054117
-0.054706
-0.054865
-0.055220
-0.055005
-0.055715
-0.055601
-0.055187
-0.055417
-0.054523
-0.054011
-0.053817
-0.053920
-0.054300
-0.054566
-0.054533
-0.054506
-0.054749
-0.054399
-0.053959
-0.053805
-0.053967
-0.054215
-0.054126
-0.054341
-0.054821
-0.055182
-0.055056
-0.054935
-0.055125
-0.054700
-0.054426
-0.054334
-0.054479
-0.054670
-0.054474
-0.054285
-0.054270
-0.054577
-0.055146
-0.055027
-0.054490
-0.054192
-0.053902
-0.054835
-0.055132
-0.054407
-0.054302
-0.054420
-0.053876
-0.053936
-0.053736
-0.053603
-0.053324
-0.052790
-0.052546
-0.053046
-0.053171
-0.053321
-0.053540
-0.053142
-0.053496
-0.053646
-0.053925
-0.053801
-0.053363
-0.053726
-0.054295
-0.055028
-0.054872
-0.054693
-0.054900
-0.054828
-0.055048
-0.054710
-0.054363
-0.053926
-0.053618
-0.054110
-0.054194
-0.054070
-0.053784
-0.053747
-0.054081
-0.054331
-0.054489
-0.054435
-0.054628
-0.054637
-0.054997
-0.055166
-0.054966
-0.055332
-0.055713
-0.055026
-0.053987
-0.053878
-0.053805
-0.053707
-0.054187
-0.054360
-0.054416
-0.054551
-0.054408
-0.055092
-0.056025
-0.056230
-0.055791
-0.055073
-0.054824
-0.054779
-0.054161
-0.053597
-0.053830
-0.054633
-0.055050
-0.054176
-0.053413
-0.053076
-0.052904
-0.053590
-0.054068
-0.054576
-0.055160
-0.055354
-0.055274
-0.054996
-0.055374
-0.055605
-0.055050
-0.054222
-0.053928
-0.053731
-0.053701
-0.054558
-0.054034
-0.052853
-0.052455
-0.051970
-0.052184
-0.052046
-0.052602
-0.053066
-0.053052
-0.053821
-0.054131
-0.054117
-0.054725
-0.054864
-0.054962
-0.055518
-0.056117
-0.056239
-0.055425
-0.054080
-0.052562
-0.051559
-0.052121
-0.053274
-0.053652
-0.053167
-0.052566
-0.052872
-0.054089
-0.055587
-0.056269
-0.055465
-0.053964
-0.053623
-0.054086
-0.054997
-0.055358
-0.055517
-0.055235
-0.054690
-0.054613
-0.055507
-0.056728
-0.056786
-0.056111
-0.054968
-0.054551
-0.054947
-0.055924
-0.056012
-0.054750
-0.052954
-0.052973
-0.053948
-0.053649
-0.053017
-0.052740
-0.052274
-0.052178
-0.053153
-0.054813
-0.055248
-0.054338
-0.053690
-0.053366
-0.053474
-0.054263
-0.054867
-0.054467
-0.054050
-0.053856
-0.054756
-0.055280
-0.055211
-0.054976
-0.053757
-0.052916
-0.053297
-0.054159
-0.054586
-0.054950
-0.054647
-0.053482
-0.053293
-0.054063
-0.054905
-0.055211
-0.054275
-0.053288
-0.053494
-0.054365
-0.055405
-0.055752
-0.054301
-0.053110
-0.053287
-0.053856
-0.054599
-0.054426
-0.054014
-0.054084
-0.054214
-0.054785
-0.055243
-0.054928
-0.054100
-0.053403
-0.052877
-0.053521
-0.054711
-0.054330
-0.053581
-0.052680
-0.052411
-0.053704
-0.055344
-0.055285
-0.053507
-0.052662
-0.052842
-0.053671
-0.054067
-0.054483
-0.054623
-0.053827
-0.053656
-0.054409
-0.055496
-0.055639
-0.055419
-0.054783
-0.055133
-0.055729
-0.055489
-0.055471
-0.055114
-0.054099
-0.053337
-0.053255
-0.053998
-0.054210
-0.053211
-0.052786
-0.052930
-0.053395
-0.054216
-0.055054
-0.054379
-0.053561
-0.053876
-0.054655
-0.055799
-0.056435
-0.056178
-0.055074
-0.054583
-0.054239
-0.054188
-0.055438
-0.055762
-0.055064
-0.053371
-0.052274
-0.052678
-0.054116
-0.055028
-0.054393
-0.052703
-0.052409
-0.053583
-0.055018
-0.056086
-0.055140
-0.053632
-0.053125
-0.053346
-0.053407
-0.052981
-0.052243
-0.051243
-0.051227
-0.052335
-0.053551
-0.054787
-0.054978
-0.054916
-0.055424
-0.056276
-0.057370
-0.057754
-0.056658
-0.055059
-0.053510
-0.053303
-0.054347
-0.054626
-0.054174
-0.053460
-0.052440
-0.052093
-0.052486
-0.053527
-0.053936
-0.053018
-0.052703
-0.053600
-0.054885
-0.055828
-0.055940
-0.055366
-0.055190
-0.054952
-0.055369
-0.055690
-0.054649
-0.053711
-0.053179
-0.052791
-0.053249
-0.054179
-0.054530
-0.053387
-0.051644
-0.051296
-0.052427
-0.053917
-0.054078
-0.053107
-0.053485
-0.054501
-0.054319
-0.054355
-0.053903
-0.053588
-0.053894
-0.053569
-0.053369
-0.054019
-0.054333
-0.054329
-0.054911
-0.055187
-0.055693
-0.055803
-0.054810
-0.053528
-0.053117
-0.053611
-0.054518
-0.055396
-0.053858
-0.051558
-0.050478
-0.050272
-0.050891
-0.052727
-0.054904
-0.055575
-0.054699
-0.054478
-0.054469
-0.054314
-0.054391
-0.054309
-0.054225
-0.054046
-0.053875
-0.053970
-0.053098
-0.051740
-0.051905
-0.053326
-0.054729
-0.055638
-0.055353
-0.054143
-0.053613
-0.054423
-0.055044
-0.054352
-0.053226
-0.052358
-0.052441
-0.053134
-0.053380
-0.053787
-0.054159
-0.054128
-0.053415
-0.052804
-0.052742
-0.053200
-0.053809
-0.054159
-0.054550
-0.054919
-0.055220
-0.054768
-0.055227
-0.055679
-0.054270
-0.053298
-0.053270
-0.053617
-0.054525
-0.054856
-0.054512
-0.053959
-0.053023
-0.052189
-0.052755
-0.054255
-0.055263
-0.054816
-0.053590
-0.052032
-0.051172
-0.051911
-0.053846
-0.055807
-0.056208
-0.055365
-0.053764
-0.052976
-0.052772
-0.053572
-0.054414
-0.054458
-0.053745
-0.052888
-0.053023
-0.054013
-0.055864
-0.056017
-0.055197
-0.054662
-0.054026
-0.054776
-0.055280
-0.054428
-0.053737
-0.053133
-0.052180
-0.052698
-0.054074
-0.053892
-0.053811
-0.053381
-0.051850
-0.050807
-0.049519
-0.048092
-0.047729
-0.048167
-0.049225
-0.049958
-0.050277
-0.051734
-0.053946
-0.055691
-0.056701
-0.056350
-0.055313
-0.054518
-0.054362
-0.054505
-0.053875
-0.052717
-0.051556
-0.050096
-0.049932
-0.050673
-0.051493
-0.052286
-0.052110
-0.051619
-0.052225
-0.052522
-0.052548
-0.053125
-0.053318
-0.054583
-0.056249
-0.056190
-0.055252
-0.053008
-0.051596
-0.051824
-0.051798
-0.052011
-0.052395
-0.052190
-0.052329
-0.052967
-0.053379
-0.053064
-0.052874
-0.052958
-0.053004
-0.053118
-0.052857
-0.053233
-0.054629
-0.055756
-0.055997
-0.054907
-0.053078
-0.052983
-0.054276
-0.055327
-0.056120
-0.055869
-0.054774
-0.054853
-0.055780
-0.055772
-0.055482
-0.055637
-0.055071
-0.054718
-0.054738
-0.055488
-0.056667
-0.056976
-0.056234
-0.054600
-0.053522
-0.052097
-0.051419
-0.051009
-0.050864
-0.051966
-0.053410
-0.054967
-0.055258
-0.055246
-0.055864
-0.055667
-0.055318
-0.055528
-0.054831
-0.053121
-0.051619
-0.050398
-0.050287
-0.052363
-0.054875
-0.055637
-0.055808
-0.055522
-0.055503
-0.055462
-0.055366
-0.055652
-0.054966
-0.054075
-0.053402
-0.053078
-0.053224
-0.053064
-0.052854
-0.053170
-0.052978
-0.053045
-0.054048
-0.055504
-0.056146
-0.056383
-0.056697
-0.056599
-0.055453
-0.054401
-0.053789
-0.053102
-0.052747
-0.052260
-0.052170
-0.052335
-0.052680
-0.053065
-0.054211
-0.054913
-0.055239
-0.055278
-0.055285
-0.055465
-0.054491
-0.052734
-0.052358
-0.053179
-0.053198
-0.053851
-0.053793
-0.052981
-0.053025
-0.053463
-0.053953
-0.054754
-0.054156
-0.054040
-0.053946
-0.053633
-0.054491
-0.054427
-0.053718
-0.053384
-0.053584
-0.053933
-0.053718
-0.054289
-0.054674
-0.054565
-0.055248
-0.056461
-0.057055
-0.055985
-0.055012
-0.054361
-0.054050
-0.053636
-0.053518
-0.053558
-0.053779
-0.053502
-0.053330
-0.054455
-0.055088
-0.054987
-0.054651
-0.054242
-0.053392
-0.053642
-0.053801
-0.053598
-0.053859
-0.054067
-0.053903
-0.054889
-0.055521
-0.056368
-0.057215
-0.056637
-0.055861
-0.054978
-0.054122
-0.053203
-0.052182
-0.052042
-0.051321
-0.050229
-0.050445
-0.050736
-0.051862
-0.053885
-0.055618
-0.056395
-0.056814
-0.055689
-0.054547
-0.053869
-0.052545
-0.051499
-0.051126
-0.050686
-0.050162
-0.051153
-0.051794
-0.051655
-0.051802
-0.053156
-0.054188
-0.054084
-0.054279
-0.054656
-0.055048
-0.055021
-0.054632
-0.053964
-0.053115
-0.052510
-0.053088
-0.053169
-0.053090
-0.052620
-0.052042
-0.052220
-0.052433
-0.052386
-0.052800
-0.053366
-0.054037
-0.053698
-0.053819
-0.054469
-0.054679
-0.055009
-0.054540
-0.053782
-0.053767
-0.053915
-0.053456
-0.052720
-0.052933
-0.053489
-0.053240
-0.052517
-0.052963
-0.052659
-0.052085
-0.052331
-0.052011
-0.052217
-0.052481
-0.052136
-0.052516
-0.052665
-0.052458
-0.052770
-0.052530
-0.051299
-0.051172
-0.051921
-0.051549
-0.051376
-0.051888
-0.052070
-0.052153
-0.053012
-0.055001
-0.055707
-0.054874
-0.054767
-0.055398
-0.054944
-0.054504
-0.053859
-0.052821
-0.052494
-0.052530
-0.052577
-0.053036
-0.052926
-0.052823
-0.053115
-0.052976
-0.053560
-0.053239
-0.052866
-0.053042
-0.052546
-0.052403
-0.052907
-0.053481
-0.053779
-0.054189
-0.053891
-0.053524
-0.053325
-0.052906
-0.052672
-0.052236
-0.052510
-0.052726
-0.052264
-0.052244
-0.051906
-0.052356
-0.052767
-0.052944
-0.053852
-0.053774
-0.054242
-0.054756
-0.054463
-0.053523
-0.052648
-0.052682
-0.052283
-0.052018
-0.051803
-0.051795
-0.052670
-0.053313
-0.053487
-0.053750
-0.053541
-0.052501
-0.052148
-0.051865
-0.051834
-0.052600
-0.053353
-0.053057
-0.052964
-0.053223
-0.053150
-0.053190
-0.053423
-0.054095
-0.053688
-0.053352
-0.053226
-0.052426
-0.052360
-0.052613
-0.053012
-0.053759
-0.053563
-0.052732
-0.052564
-0.052354
-0.051958
-0.052060
-0.052750
-0.052844
-0.053031
-0.053254
-0.053116
-0.052761
-0.052667
-0.052416
-0.052034
-0.052348
-0.052128
-0.051887
-0.052295
-0.053525
-0.054049
-0.053445
-0.053657
-0.053706
-0.053061
-0.052957
-0.052978
-0.052935
-0.052605
-0.052716
-0.052886
-0.052685
-0.053242
-0.053187
-0.053159
-0.053816
-0.053661
-0.053472
-0.053355
-0.052833
-0.052325
-0.052365
-0.052923
-0.053324
-0.052703
-0.052067
-0.052386
-0.052739
-0.052332
-0.052047
-0.052322
-0.052123
-0.052335
-0.052905
-0.053269
-0.053687
-0.053590
-0.053624
-0.054394
-0.054022
-0.053818
-0.054036
-0.054042
-0.053400
-0.053022
-0.053145
-0.053200
-0.053114
-0.052871
-0.052524
-0.052425
-0.052566
-0.052664
-0.053215
-0.053757
-0.053532
-0.053443
-0.053261
-0.052396
-0.052010
-0.052286
-0.051804
-0.052136
-0.052751
-0.052648
-0.052585
-0.052489
-0.052579
-0.053239
-0.053738
-0.053104
-0.053174
-0.053075
-0.052144
-0.052016
-0.052144
-0.052082
-0.052809
-0.053053
-0.052716
-0.053056
-0.053624
-0.053479
-0.052988
-0.053076
-0.053197
-0.052903
-0.053129
-0.053655
-0.053815
-0.053075
-0.052132
-0.052231
-0.052670
-0.053056
-0.052927
-0.052675
-0.052585
-0.052928
-0.052848
-0.052215
-0.051414
-0.051922
-0.052250
-0.052294
-0.052577
-0.053094
-0.053551
-0.053673
-0.053519
-0.053284
-0.053279
-0.052973
-0.052989
-0.052771
-0.052626
-0.052850
-0.052709
-0.052882
-0.052617
-0.052105
-0.051928
-0.051806
-0.051803
-0.052069
-0.052425
-0.052203
-0.052304
-0.052809
-0.053514
-0.053747
-0.053779
-0.053456
-0.053615
-0.053170
-0.052797
-0.053006
-0.052709
-0.051855
-0.051848
-0.052069
-0.052400
-0.052453
-0.052682
-0.053153
-0.052684
-0.052477
-0.052514
-0.052036
-0.051659
-0.051726
-0.051788
-0.052143
-0.053259
-0.053352
-0.052637
-0.052613
-0.052593
-0.052503
-0.052673
-0.052462
-0.052228
-0.051850
-0.051358
-0.051623
-0.051645
-0.051609
-0.051433
-0.051137
-0.051426
-0.051954
-0.052173
-0.052053
-0.052364
-0.052452
-0.052386
-0.051545
-0.050846
-0.051328
-0.052062
-0.051508
-0.051237
-0.051574
-0.050971
-0.049997
-0.048001
-0.044878
-0.041700
-0.040047
-0.039069
-0.038871
-0.038641
-0.038818
-0.039124
-0.038473
-0.038455
-0.037923
-0.036241
-0.036347
-0.038305
-0.038166
-0.036214
-0.033269
-0.031448
-0.032122
-0.033394
-0.032915
-0.033797
-0.035204
-0.036202
-0.039228
-0.042399
-0.039228
-0.033934
-0.021875
-0.003691
0.004257
0.006505
0.005559
0.000744
-0.006104
-0.013466
-0.021292
-0.026529
-0.031351
-0.036621
-0.040426
-0.043953
-0.046853
-0.047529
-0.043979
-0.037450
-0.031942
-0.029140
-0.023725
-0.015365
-0.008794
-0.001626
0.003762
0.005417
0.004875
0.000938
-0.009016
-0.021757
-0.033942
-0.044246
-0.050020
-0.049692
-0.044853
-0.035941
-0.024958
-0.017460
-0.012568
-0.009115
-0.008857
-0.013853
-0.015682
-0.011122
-0.007421
-0.003074
0.004000
0.006182
0.003522
-0.001161
-0.008047
-0.009100
-0.003338
0.004807
0.017198
0.028049
0.033418
0.033399
0.028647
0.020296
0.010293
0.001450
-0.005699
-0.013011
-0.018944
-0.020280
-0.015613
-0.009305
-0.004558
-0.001133
-0.000749
-0.001119
-0.000483
-0.000109
-0.001106
-0.003006
-0.005344
-0.008138
-0.010676
-0.012774
-0.013575
-0.013194
-0.011444
-0.009441
-0.009557
-0.009359
-0.009083
-0.007797
-0.007076
-0.005612
-0.002592
0.000086
0.001416
-0.002815
-0.007098
-0.008150
-0.007016
-0.004119
-0.000414
0.002941
0.006050
0.007837
0.008249
0.008535
0.008183
0.007562
0.005618
0.003060
0.001573
0.001727
0.002841
0.002579
0.002003
0.000879
-0.001166
-0.004696
-0.009148
-0.011108
-0.011740
-0.011838
-0.010415
-0.009766
-0.009386
-0.008703
-0.006741
-0.003619
-0.002481
-0.001394
0.000778
0.003027
0.004779
0.005461
0.005355
0.006110
0.006828
0.006244
0.000404
-0.007665
-0.012102
-0.015048
-0.017752
-0.018487
-0.017144
-0.015698
-0.013663
-0.010771
-0.009054
-0.007962
-0.006168
-0.001303
0.002961
0.004943
0.004982
0.002106
-0.001421
-0.005013
-0.006748
-0.010897
-0.018181
-0.023754
-0.025736
-0.026259
-0.025057
-0.020837
-0.015856
-0.008084
-0.000411
0.007849
0.016925
0.022418
0.025637
0.026822
0.021555
0.015832
0.011134
0.007035
0.002711
-0.000950
-0.002713
-0.005043
-0.007508
-0.007485
-0.005056
0.001143
0.007574
0.012278
0.013609
0.012842
0.012472
0.012173
0.012185
0.012801
0.012633
0.010576
0.008581
0.006200
0.003570
0.001406
-0.000193
-0.002905
-0.005669
-0.005604
-0.003442
-0.001927
-0.002472
-0.001475
-0.000821
-0.001031
0.000175
0.002369
0.004213
0.005384
0.007053
0.007143
0.007688
0.006278
0.004594
0.005798
0.007308
0.008993
0.010039
0.007994
0.002896
-0.006377
-0.018080
-0.025538
-0.029475
-0.033167
-0.034707
-0.029356
-0.011604
0.001363
0.008267
0.011190
0.028822
0.050974
0.059536
0.068934
0.074001
0.073293
0.068536
0.059282
0.048290
0.036540
0.025899
0.016706
0.008124
0.000417
-0.005821
-0.008535
-0.011185
-0.013835
-0.013874
-0.011069
-0.006681
-0.004486
0.000510
0.009897
0.016268
0.017797
0.019947
0.021716
0.021215
0.021160
0.019867
0.019758
0.017733
0.016297
0.017940
0.017956
0.018021
0.015467
0.012726
0.012663
0.010077
-0.000938
-0.012687
-0.009979
0.003574
0.015818
0.023887
0.029783
0.033957
0.035391
0.034981
0.033411
0.031068
0.026981
0.021344
0.016991
0.015234
0.014551
0.015120
0.017246
0.015657
0.011573
0.009482
0.006625
0.000106
0.002476
0.014237
0.023753
0.030595
0.033467
0.034586
0.036276
0.038538
0.040227
0.040403
0.039020
0.030445
0.015641
0.002635
-0.003203
-0.002448
0.002411
0.008971
0.015203
0.020798
0.021627
0.017665
0.007905
-0.007289
-0.019771
-0.024023
-0.021311
-0.017435
-0.011697
-0.005298
0.002124
0.015053
0.019378
0.015274
0.007345
0.003310
0.001318
0.001489
0.004299
0.007342
0.016843
0.018856
0.009673
0.003941
-0.000752
-0.001411
0.011678
0.045285
0.073318
0.092426
0.102522
0.101842
0.090783
0.071821
0.049768
0.024780
0.000353
-0.019021
-0.031569
-0.039281
-0.040275
-0.035400
-0.029234
-0.017425
-0.004046
0.010861
0.023519
0.032805
0.040856
0.044205
0.045040
0.041528
0.034337
0.029903
0.024147
0.017681
0.013111
0.008227
0.007106
0.005435
0.004615
0.010680
0.017279
0.019786
0.019964
0.018958
0.016799
0.012867
0.010424
0.011005
0.014375
0.018898
0.022648
0.023735
0.026469
0.030367
0.031261
0.032459
0.033167
0.033327
0.032399
0.029672
0.025646
0.021312
0.017116
0.015276
0.015369
0.014951
0.013406
0.018223
0.021372
0.017665
0.014057
0.013089
0.015348
0.018709
0.021638
0.023518
0.024686
0.025640
0.025307
0.022091
0.019021
0.018991
0.014568
0.008979
0.008692
0.007695
0.005009
0.003588
0.003731
0.003267
0.003578
-0.001074
-0.018751
-0.031394
-0.033578
-0.030351
-0.030433
-0.044014
-0.047432
-0.028320
-0.017713
0.003516
0.029620
0.057063
0.077315
0.071733
0.057037
0.045823
0.045466
0.048403
0.054958
0.055701
0.047809
0.037658
0.026067
0.015046
0.005708
-0.002132
-0.009748
-0.013957
-0.012018
-0.007138
0.004702
0.018460
0.025233
0.025954
0.021403
0.012301
0.005420
-0.001796
-0.012247
-0.019601
-0.019945
-0.017808
-0.012088
-0.005556
0.000122
0.003454
0.005571
0.009611
0.015693
0.018263
0.018768
-0.004068
-0.031962
-0.041429
-0.032401
-0.016247
-0.004955
0.001241
0.000460
0.002360
0.008481
0.015633
0.006433
-0.006987
0.003309
0.007297
-0.008174
-0.029171
-0.046271
-0.057971
-0.053762
-0.034240
-0.025225
-0.029674
-0.028332
-0.025689
-0.025756
-0.026573
-0.026371
-0.024347
-0.008953
0.027631
0.051582
0.054719
0.055760
0.054775
0.049758
0.037873
0.015129
-0.021544
-0.050136
-0.065509
-0.074346
-0.076212
-0.069114
-0.047731
-0.014333
0.011010
0.017726
0.020500
0.027132
0.035847
0.039990
0.047013
0.052641
0.051893
0.048181
0.056809
0.079580
0.088342
0.082333
0.071165
0.065219
0.057859
0.055000
0.050492
0.044147
0.038357
0.029087
0.018560
0.008524
0.005648
0.020959
0.051321
0.071613
0.083011
0.089224
0.088477
0.080750
0.073242
0.062615
0.044388
0.025807
0.011256
-0.002204
-0.013521
-0.009276
0.001448
0.009343
0.027163
0.046687
0.057447
0.063512
0.061545
0.050411
0.038621
0.027920
0.018054
0.012699
0.012534
0.011409
0.007896
0.005355
-0.002940
-0.011803
-0.014156
-0.011263
-0.003849
0.002880
0.013827
0.028187
0.041238
0.045650
0.045789
0.045013
0.041581
0.037400
0.034350
0.033671
0.033010
0.031463
0.029491
0.026404
0.022104
0.015250
0.005470
0.000453
0.000096
0.001380
0.006837
0.014267
0.022064
0.024866
0.023732
0.024944
0.026538
0.029138
0.035954
0.042799
0.047036
0.046631
0.042234
0.034916
0.028480
0.026065
0.024369
0.023524
0.020798
0.015644
0.015600
0.017406
0.016577
0.015187
0.011751
0.007345
0.006401
0.008975
0.015206
0.021602
0.025597
0.028040
0.028087
0.026318
0.025531
0.025026
0.023685
0.023400
0.022632
0.021144
0.019638
0.018515
0.017390
0.013527
0.009316
0.005731
0.005277
0.008054
0.011954
0.013322
0.011753
0.012339
0.014788
0.011179
0.004352
0.004650
0.002573
-0.001502
0.002701
0.007565
0.009448
0.009464
0.008366
0.008291
0.010506
0.011111
0.010071
0.008691
0.008974
0.009869
0.011297
0.013037
0.011422
0.008654
0.008619
0.012985
0.016550
0.016452
0.013422
0.010473
0.007501
0.006646
0.010369
0.014578
0.016479
0.017349
0.017661
0.017723
0.017312
0.013318
0.007534
0.002618
0.001125
0.002594
0.010305
0.021061
0.029144
0.033749
0.034918
0.036595
0.035056
0.031095
0.025881
0.021376
0.017166
0.011603
0.006626
0.000580
-0.003823
-0.005116
-0.004322
-0.001901
-0.000173
0.001103
0.005442
0.011383
0.015106
0.021875
0.027397
0.027565
0.018260
0.004342
-0.003817
-0.006370
-0.006692
-0.004211
-0.000956
0.001185
0.004224
0.008440
0.012812
0.018761
0.036214
0.050662
0.054553
0.049251
0.039508
0.028925
0.017364
0.006911
-0.000437
-0.005320
-0.008193
-0.006405
0.000959
0.007029
0.004804
0.001049
0.003595
0.011486
0.017231
0.021364
0.023415
0.023330
0.021657
0.019407
0.020097
0.020058
0.018344
0.014192
0.009167
0.008708
0.018438
0.029888
0.039137
0.044378
0.040171
0.031587
0.021127
0.008751
0.001267
-0.001284
-0.000279
0.003106
0.007781
0.011284
0.013412
0.014491
0.015677
0.017827
0.022402
0.026138
0.025316
0.024262
0.023837
0.020699
0.016730
0.013345
0.009721
0.007475
0.006036
0.005984
0.007354
0.009942
0.011232
0.011647
0.011888
0.013223
0.016509
0.018053
0.017065
0.017984
0.020553
0.024157
0.032597
0.037970
0.040051
0.041331
0.039535
0.032217
0.021606
0.010173
-0.003420
-0.018389
-0.028677
-0.031902
-0.032128
-0.029226
-0.022580
-0.013683
-0.003061
0.009916
0.023558
0.034302
0.042023
0.044714
0.044736
0.043480
0.037627
0.029951
0.024399
0.019167
0.014359
0.011106
0.011138
0.011109
0.011169
0.010370
0.005561
0.003961
0.003354
-0.000769
0.003124
0.014043
0.019886
0.020998
0.018912
0.016245
0.016011
0.015147
0.012742
0.010342
0.010556
0.011328
0.010537
0.010487
0.010080
0.008092
0.002375
0.000098
0.002284
0.005974
0.007835
0.008876
0.010778
0.010699
0.010370
0.011699
0.012676
0.011653
0.011131
0.010796
0.014204
0.017287
0.015770
0.017006
0.016302
0.012812
0.011727
0.010639
0.009275
0.006875
0.005967
0.005083
0.003464
0.003858
0.006953
0.011657
0.014432
0.017366
0.019732
0.020307
0.022510
0.023826
0.023089
0.019889
0.014834
0.007103
-0.003445
-0.011179
-0.017236
-0.019255
-0.017877
-0.016292
-0.011152
-0.004484
0.000461
0.006057
0.008689
0.008044
0.006298
0.006141
0.005408
0.002550
0.004242
0.013180
0.020867
0.021566
0.018624
0.014151
0.012132
0.013636
0.012140
0.009990
0.008097
0.004095
-0.002465
-0.004665
-0.001053
-0.000507
0.000499
0.004527
0.008485
0.010568
0.010579
0.009581
0.005999
0.003668
0.004513
0.008985
0.012953
0.015415
0.016069
0.015792
0.014942
0.015814
0.015618
0.014381
0.015147
0.018139
0.020407
0.021895
0.021663
0.020345
0.018017
0.012858
0.007724
0.004463
0.001898
0.000446
0.001242
0.004583
0.006597
0.008359
0.010546
0.012736
0.013718
0.014076
0.013293
0.011792
0.008949
0.006041
0.003485
-0.001155
-0.004076
-0.002237
0.000436
0.003985
0.010077
0.013868
0.015506
0.018581
0.020470
0.020249
0.019103
0.017743
0.014522
0.009582
0.006225
0.004309
0.003185
0.009438
0.017309
0.023139
0.026679
0.030168
0.033546
0.033750
0.033006
0.030947
0.026970
0.020623
0.012918
0.005937
0.000911
-0.002207
-0.003633
-0.002781
-0.001854
-0.001316
-0.000041
0.000966
0.002375
0.005105
0.007656
0.008824
0.009777
0.012638
0.014304
0.014219
0.013573
0.012343
0.011987
0.011004
0.009797
0.007445
0.005489
0.005934
0.006365
0.008158
0.010136
0.013113
0.015599
0.017594
0.019554
0.019674
0.016507
0.012167
0.010328
0.009851
0.009866
0.009689
0.008954
0.007943
0.007081
0.006165
0.005447
0.005904
0.006417
0.006136
0.007116
0.008188
0.008729
0.010542
0.013864
0.013928
0.011853
0.010174
0.008205
0.006774
0.006334
0.006783
0.008364
0.008450
0.009005
0.010733
0.010886
0.009390
0.007340
0.007571
0.011482
0.015171
0.014967
0.012209
0.008041
0.004528
0.001102
-0.001800
-0.002263
-0.001395
-0.001242
-0.001720
-0.002565
-0.003254
-0.002954
-0.001002
0.001609
0.002127
0.001714
0.002145
0.003193
0.006793
0.012005
0.017238
0.021010
0.017624
0.011457
0.007066
0.002530
-0.001705
-0.006597
-0.010051
-0.009936
-0.009578
-0.009464
-0.007913
-0.005216
-0.002519
-0.000084
0.001706
0.002040
0.002345
0.002911
0.003773
0.004580
0.003830
0.000871
-0.003266
-0.005942
-0.006682
-0.006959
-0.006403
-0.003718
-0.001151
0.005910
0.017374
0.022034
0.021539
0.020127
0.017753
0.016351
0.014753
0.011771
0.007619
0.001639
0.000637
0.001853
0.002610
0.003416
0.002044
-0.000931
-0.003876
-0.005841
-0.004917
-0.002709
-0.001291
-0.000494
-0.002614
-0.004190
-0.002841
-0.000672
0.001724
0.002682
0.003181
0.003716
0.003601
0.002729
0.001664
0.000325
-0.000665
-0.000966
0.000351
0.003576
0.005097
0.006630
0.007236
0.005956
0.004348
0.002503
0.001142
-0.000527
-0.002499
-0.004450
-0.005963
-0.005496
-0.004034
-0.004142
-0.005195
-0.005056
-0.003410
-0.002790
-0.003940
-0.004344
-0.004001
-0.003210
-0.002692
-0.001383
0.002600
0.006285
0.009308
0.010956
0.011239
0.009503
0.006021
0.003317
-0.000305
-0.003966
-0.006401
-0.008075
-0.009352
-0.010283
-0.009586
-0.007950
-0.004064
-0.000043
0.002509
0.003235
0.002469
0.002119
0.000719
-0.000529
-0.001388
-0.002356
-0.002584
-0.002557
-0.002034
-0.000501
0.000014
0.000038
0.001234
0.002189
0.002565
0.002057
0.001229
0.000465
-0.000734
-0.001016
-0.000386
0.000320
0.000988
-0.000340
-0.001563
-0.001795
-0.000995
0.000021
-0.000404
-0.002567
-0.004622
-0.005487
-0.005324
-0.005678
-0.006449
-0.008812
-0.009484
-0.009524
-0.009806
-0.008918
-0.007859
-0.007207
-0.006646
-0.005816
-0.002664
0.000370
0.001428
0.004538
0.008337
0.011124
0.014047
0.015785
0.014826
0.014761
0.015616
0.015331
0.012830
0.010347
0.008649
0.008359
0.008298
0.007784
0.006466
0.004452
0.002599
0.000726
0.000650
0.002383
0.002463
0.001368
0.001139
0.000680
0.000027
-0.001178
-0.000828
0.000749
-0.000225
-0.002021
-0.001549
-0.003032
-0.004874
-0.004534
-0.003343
-0.001657
0.001441
0.004164
0.007760
0.012295
0.013047
0.009808
0.006890
0.004435
0.003049
0.001860
-0.000877
-0.004606
-0.008878
-0.011093
-0.008240
-0.005261
-0.003648
-0.001475
0.001517
0.004814
0.007645
0.013089
0.018728
0.020682
0.016552
0.007176
-0.002358
-0.011133
-0.015302
-0.018285
-0.020911
-0.020323
-0.016968
-0.009808
-0.001535
0.003312
0.002850
0.001625
-0.000039
-0.002378
-0.004296
-0.005142
-0.004531
-0.003355
-0.001704
0.000681
0.001561
0.001351
0.001788
0.002714
0.003699
0.004248
0.003316
0.001539
0.000499
-0.000791
-0.002318
-0.003529
-0.003465
-0.003207
-0.002590
-0.001661
-0.001280
-0.000557
-0.000124
0.000531
0.002582
0.003129
0.003563
0.003875
0.003686
0.003746
0.003559
0.003663
0.003131
0.000465
-0.001685
-0.000668
0.000406
0.000577
0.001282
0.002008
0.002439
0.003085
0.004141
0.005770
0.006785
0.008199
0.012450
0.017183
0.020404
0.022096
0.021147
0.017029
0.012376
0.008691
0.006635
0.005590
0.002085
-0.005190
-0.011192
-0.011801
-0.006601
-0.001030
-0.001126
-0.008600
-0.016428
-0.012610
-0.000042
0.008193
0.008214
0.005755
0.006624
0.011097
0.012733
0.010943
0.004702
-0.001209
-0.002409
0.000007
0.006767
0.010211
0.007352
-0.002294
-0.011213
-0.011528
-0.006753
-0.002672
-0.003183
-0.006613
-0.008890
-0.006788
0.000727
0.005271
0.004722
-0.000222
-0.004720
-0.006281
-0.005217
0.000594
0.003865
0.002376
-0.002174
-0.004560
0.001010
0.013730
0.017348
0.007267
-0.011687
-0.017417
-0.007353
0.007436
0.009426
-0.000252
-0.009365
-0.007840
0.002395
0.007360
0.003494
-0.006344
-0.010564
-0.007922
0.002505
0.008641
0.004642
-0.003929
-0.005760
0.001139
0.008375
0.006881
0.000170
-0.002237
0.002096
0.008900
0.009245
0.002948
-0.000734
0.002418
0.007675
0.007188
0.001230
-0.003595
-0.002636
0.003253
0.006512
0.005175
0.002780
0.002669
0.004190
0.004516
0.000049
-0.008709
-0.013771
-0.012879
-0.006890
-0.004006
-0.004334
-0.003654
0.000367
0.005361
0.007035
0.005521
0.001825
0.000724
0.002503
0.006913
0.008798
0.004923
0.002072
0.002058
0.004826
0.005857
0.005025
0.009412
0.013873
0.012840
0.003687
-0.003659
-0.002928
0.004404
0.008533
0.006196
-0.003880
-0.009901
-0.008587
0.000432
0.007901
0.007318
-0.001762
-0.007778
-0.002337
0.009243
0.016028
0.014592
0.009284
0.008187
0.011543
0.013445
0.012180
0.008220
0.004434
0.001230
-0.000814
-0.000559
0.004294
0.010216
0.014900
0.020778
0.022833
0.016634
0.005820
-0.003020
-0.006262
-0.003622
0.000002
-0.003791
-0.010780
-0.010889
-0.000821
0.011404
0.014559
0.007592
-0.000882
-0.002886
0.006146
0.015990
0.015828
0.000960
-0.011577
-0.008242
0.005314
0.013724
0.006332
-0.000806
0.000425
0.013487
0.025299
0.025067
0.010725
-0.010239
-0.019673
-0.014621
0.002672
0.014414
0.008062
-0.010871
-0.023189
-0.018713
-0.002725
0.009467
0.008609
0.002704
0.000686
0.009054
0.023910
0.034079
0.032861
0.024219
0.013647
0.004565
-0.003040
-0.005578
-0.003856
0.001299
0.006201
0.005757
0.002860
0.004365
0.012978
0.020975
0.022488
0.020572
0.014985
0.007190
-0.002433
-0.008753
-0.009200
-0.002028
0.012543
0.021622
0.018183
0.004252
-0.006763
0.000498
0.016988
0.023903
0.013231
-0.002597
-0.003202
0.008367
0.024682
0.033495
0.034956
0.036177
0.035978
0.033242
0.024230
0.007674
-0.008388
-0.016793
-0.017803
-0.015765
-0.012704
-0.008612
-0.001965
0.006487
0.017552
0.025109
0.025447
0.020784
0.016255
0.016409
0.016693
0.010090
-0.005594
-0.016814
-0.015919
-0.006716
0.003649
0.008034
0.009356
0.014158
0.021578
0.021101
0.012123
0.004321
0.007733
0.020241
0.030079
0.027908
0.013850
-0.000113
-0.004569
-0.000818
0.005005
0.005363
0.002238
-0.001284
0.000784
0.006794
0.009962
0.009594
0.009344
0.011451
0.011693
0.005269
-0.003682
-0.007854
-0.007407
-0.004885
-0.001280
0.002181
0.004981
0.005209
0.006006
0.008701
0.011045
0.010012
0.005310
0.001562
0.000659
0.004794
0.011393
0.012007
0.005568
-0.004262
-0.007957
-0.005344
0.001947
0.004283
-0.000434
-0.007467
-0.008152
-0.000637
0.012221
0.022011
0.024320
0.022261
0.017701
0.013088
0.008154
0.000754
-0.007347
-0.010509
-0.006784
0.002813
0.010470
0.012497
0.009903
0.007395
0.007394
0.010514
0.013693
0.011810
0.004448
-0.003573
-0.009515
-0.012990
-0.015530
-0.015930
-0.010769
0.001864
0.017173
0.026124
0.025399
0.016144
0.006257
0.002766
0.003828
0.005619
0.005030
0.001113
-0.002401
-0.002270
0.003875
0.009993
0.013011
0.014222
0.013659
0.015846
0.019940
0.021102
0.018267
0.014386
0.012148
0.008224
0.001415
-0.002517
-0.000936
0.004778
0.009810
0.010914
0.009015
0.006544
0.006866
0.008846
0.008987
0.006313
0.000869
-0.004702
-0.006296
-0.003642
0.002599
0.010205
0.012728
0.010894
0.006867
0.006349
0.011013
0.015126
0.015664
0.010766
0.002029
-0.004065
-0.004488
-0.000318
0.003685
0.006969
0.008574
0.007139
0.004430
0.004256
0.008339
0.014957
0.018974
0.018113
0.014160
0.009633
0.007586
0.007627
0.005978
0.001155
-0.002089
-0.000864
0.005480
0.012263
0.014790
0.011408
0.001962
-0.005403
-0.006514
-0.004097
0.000022
0.004416
0.007997
0.009764
0.010440
0.012332
0.014434
0.015838
0.014487
0.010984
0.007951
0.005243
0.002575
0.001489
0.003489
0.007345
0.011587
0.015063
0.015184
0.012858
0.011093
0.012156
0.014945
0.015259
0.012735
0.006090
0.001690
0.002695
0.010102
0.017868
0.019669
0.018158
0.015338
0.012033
0.009179
0.007184
0.005297
0.002692
-0.000453
-0.002352
-0.003143
-0.002176
0.000940
0.003299
0.006258
0.010586
0.014512
0.017503
0.017320
0.011227
0.003394
0.001049
0.001195
0.002303
0.003477
0.003311
0.003560
0.006145
0.009605
0.010359
0.007040
0.002147
0.000277
0.002765
0.008255
0.014010
0.016722
0.017263
0.015857
0.012799
0.009909
0.008692
0.008479
0.008519
0.008120
0.005886
0.001618
-0.001324
-0.001384
0.001481
0.007193
0.012336
0.015339
0.016096
0.013996
0.009246
0.004915
0.002162
0.000924
0.000822
0.000421
-0.000626
-0.000016
0.003379
0.007067
0.009816
0.010305
0.009641
0.008828
0.009093
0.009840
0.010227
0.012472
0.014685
0.012829
0.006933
0.001848
-0.000550
0.000363
0.003968
0.007064
0.008102
0.007458
0.006149
0.006403
0.008589
0.011143
0.012059
0.010493
0.007836
0.006930
0.005363
0.002502
-0.000812
-0.002191
-0.002548
-0.001246
0.002404
0.006154
0.009827
0.013716
0.016282
0.016200
0.014955
0.014721
0.014918
0.015589
0.014412
0.009077
0.003504
-0.000871
-0.003040
-0.001539
0.003059
0.008943
0.013655
0.013945
0.011210
0.008288
0.008305
0.010008
0.011513
0.011669
0.010573
0.009595
0.008546
0.007508
0.006953
0.006104
0.004625
0.003184
0.002604
0.002367
0.003277
0.005395
0.007364
0.010474
0.010986
0.007110
0.003057
0.000908
0.001076
0.004056
0.007556
0.009952
0.010806
0.010643
0.009566
0.008703
0.006989
0.002870
0.000154
-0.001247
-0.001810
-0.001768
-0.001665
-0.000635
0.001787
0.006235
0.010969
0.014105
0.014987
0.015413
0.015290
0.014277
0.013176
0.011281
0.009978
0.009337
0.010427
0.013941
0.016229
0.017161
0.017413
0.018294
0.021534
0.024243
0.023217
0.016038
0.006699
0.000898
-0.000329
0.000730
0.002589
0.002970
0.000391
-0.003390
-0.005234
-0.004305
-0.000613
0.002881
0.005978
0.007895
0.009380
0.011044
0.013977
0.016057
0.015393
0.013291
0.009857
0.006888
0.004041
0.002293
0.002583
0.004172
0.005556
0.007725
0.011432
0.015637
0.017360
0.015130
0.013424
0.012486
0.009570
0.005837
0.003993
0.003490
0.003487
0.004037
0.003725
0.001649
-0.001055
-0.001543
0.000386
0.001535
0.002092
0.003146
0.005122
0.008623
0.010551
0.011950
0.013604
0.013850
0.014503
0.017943
0.020345
0.018215
0.013687
0.009442
0.006123
0.002393
-0.000145
0.001038
0.003605
0.007390
0.010550
0.010854
0.011917
0.015047
0.016574
0.016765
0.015453
0.011618
0.006958
0.003079
0.001011
0.000946
0.004148
0.008301
0.010632
0.011123
0.011749
0.014621
0.019198
0.022698
0.023237
0.021369
0.018416
0.015217
0.013228
0.013029
0.012910
0.011149
0.009121
0.008270
0.006676
0.005768
0.006960
0.011855
0.016143
0.017654
0.019362
0.020414
0.019578
0.017802
0.014851
0.012140
0.010852
0.010593
0.010166
0.008667
0.006812
0.006736
0.005862
0.003816
0.003483
0.004640
0.005219
0.005325
0.008020
0.012068
0.015859
0.017554
0.018081
0.016792
0.013730
0.010412
0.007812
0.005545
0.002722
-0.000658
-0.002278
-0.002568
-0.000234
0.002262
0.006409
0.010364
0.010555
0.009784
0.010232
0.012049
0.012164
0.012935
0.012708
0.011727
0.009912
0.007732
0.006296
0.006201
0.007018
0.008476
0.010958
0.012805
0.013143
0.012292
0.011891
0.011948
0.011310
0.008953
0.006788
0.006411
0.008071
0.009032
0.010255
0.011609
0.011929
0.011930
0.012770
0.013671
0.014849
0.015887
0.015957
0.016339
0.016606
0.016686
0.017224
0.017668
0.016943
0.014636
0.012704
0.011896
0.010326
0.008488
0.008033
0.008806
0.009753
0.011336
0.014209
0.016482
0.018893
0.020608
0.020478
0.019452
0.017428
0.014602
0.012765
0.011447
0.009434
0.008609
0.008075
0.007148
0.009541
0.013634
0.017243
0.020927
0.022580
0.022148
0.021419
0.020735
0.020099
0.019949
0.018274
0.016320
0.013462
0.010590
0.009535
0.008519
0.008405
0.009874
0.013528
0.017016
0.019760
0.021182
0.021558
0.022313
0.022117
0.019562
0.016242
0.013698
0.013011
0.012915
0.013871
0.016162
0.017858
0.018486
0.019410
0.019637
0.017438
0.014089
0.011856
0.012086
0.013568
0.015959
0.018818
0.021731
0.024843
0.026852
0.026870
0.024934
0.022647
0.020884
0.018924
0.016353
0.013924
0.014261
0.016290
0.018344
0.020483
0.021596
0.021552
0.021451
0.020762
0.018895
0.017794
0.018105
0.018804
0.020060
0.021155
0.021638
0.022635
0.022829
0.023219
0.025104
0.026187
0.026114
0.025182
0.025139
0.025593
0.024900
0.024342
0.024421
0.023985
0.023333
0.021099
0.015254
0.011388
0.009703
0.006843
0.005620
0.007537
0.011492
0.015693
0.018202
0.017798
0.016682
0.017059
0.016160
0.015836
0.016417
0.017054
0.019400
0.022487
0.024987
0.026000
0.025199
0.024248
0.023485
0.021776
0.020515
0.018269
0.016904
0.016564
0.016506
0.016064
0.013887
0.012261
0.010885
0.011356
0.014347
0.016522
0.017376
0.019344
0.020228
0.019697
0.019242
0.017622
0.015158
0.014127
0.014119
0.013982
0.013919
0.013926
0.015230
0.017965
0.020235
0.020408
0.018834
0.018372
0.018259
0.017838
0.017203
0.016290
0.017289
0.020403
0.022881
0.024015
0.023630
0.022559
0.021810
0.020576
0.019453
0.019879
0.021135
0.019083
0.012628
0.006011
0.001829
0.000512
0.000867
0.002984
0.006662
0.010551
0.014329
0.017230
0.019753
0.022155
0.022617
0.021301
0.018865
0.016212
0.013657
0.011007
0.008897
0.006796
0.004645
0.002861
0.002127
0.003148
0.004895
0.006254
0.007843
0.009027
0.009873
0.010486
0.010185
0.009914
0.011187
0.012788
0.013633
0.014980
0.016052
0.015922
0.015155
0.013533
0.010766
0.009182
0.007655
0.007165
0.007460
0.007830
0.009756
0.011261
0.010897
0.009585
0.007707
0.005748
0.004779
0.004704
0.004112
0.003605
0.006102
0.011225
0.016028
0.019480
0.020213
0.018849
0.016479
0.014061
0.010750
0.008716
0.008477
0.009181
0.009028
0.008472
0.008698
0.009489
0.010265
0.010785
0.010239
0.009026
0.008305
0.008904
0.009882
0.010583
0.011865
0.012669
0.013125
0.013372
0.013220
0.013437
0.012964
0.011876
0.010747
0.009582
0.007849
0.005859
0.005104
0.004676
0.004672
0.005075
0.006912
0.010118
0.012396
0.012836
0.013217
0.013937
0.014793
0.015090
0.015378
0.015638
0.013983
0.011380
0.010037
0.008473
0.006625
0.005512
0.004514
0.004844
0.005789
0.007577
0.009272
0.010740
0.012468
0.014393
0.016026
0.016375
0.016572
0.015846
0.014168
0.011761
0.009550
0.009408
0.009081
0.007909
0.008280
0.009795
0.010994
0.010370
0.010064
0.010406
0.009114
0.006117
0.003921
0.002629
0.001910
0.002558
0.003626
0.005032
0.005744
0.006154
0.006840
0.007280
0.007309
0.007105
0.007182
0.007109
0.007170
0.007961
0.009432
0.010817
0.012253
0.013435
0.013749
0.014308
0.014496
0.013040
0.010931
0.008629
0.006324
0.005483
0.005479
0.005136
0.004495
0.004568
0.005424
0.007247
0.008708
0.010188
0.012119
0.013016
0.013336
0.014436
0.015590
0.014895
0.013162
0.012408
0.011293
0.008159
0.003754
0.000367
0.000140
0.001585
0.003163
0.004990
0.004980
0.004969
0.006755
0.008350
0.010516
0.012819
0.015572
0.017592
0.017293
0.017365
0.017930
0.015997
0.012476
0.011160
0.009334
0.008005
0.007597
0.006027
0.004526
0.003335
0.002743
0.002162
0.001556
0.002042
0.003309
0.005138
0.006453
0.007107
0.007668
0.006993
0.007013
0.008276
0.009672
0.010433
0.010368
0.010463
0.010163
0.010200
0.010740
0.010327
0.008780
0.007662
0.005994
0.004374
0.002842
0.000433
-0.002453
-0.004362
-0.004136
-0.002566
-0.000300
0.002629
0.006797
0.009424
0.009991
0.010009
0.009409
0.009109
0.007302
0.005152
0.004607
0.004458
0.004711
0.004801
0.004377
0.004099
0.004819
0.005906
0.006106
0.006333
0.008064
0.009859
0.010419
0.010282
0.009138
0.007478
0.004575
0.000801
-0.000357
-0.001250
-0.001580
-0.001172
-0.000575
0.001084
0.003009
0.004592
0.005621
0.006740
0.006832
0.006922
0.007884
0.007628
0.006426
0.005104
0.006725
0.010622
0.014193
0.015601
0.013729
0.010908
0.006673
0.001572
-0.000286
-0.000625
-0.000858
-0.001184
-0.001347
-0.001226
0.000071
0.002571
0.005963
0.009403
0.011033
0.011055
0.009557
0.007932
0.005991
0.004574
0.005051
0.007518
0.010230
0.010794
0.010659
0.011045
0.010319
0.007665
0.005234
0.003001
0.001672
0.001278
0.001280
0.002155
0.003127
0.004708
0.005390
0.006631
0.007335
0.008898
0.010900
0.010451
0.008615
0.006837
0.007263
0.008855
0.010243
0.010993
0.010789
0.010547
0.010525
0.009992
0.009215
0.007756
0.005597
0.004669
0.004293
0.003041
0.002777
0.003943
0.005729
0.008040
0.010399
0.012146
0.012260
0.012101
0.012099
0.011707
0.011274
0.010383
0.008711
0.006997
0.005224
0.004425
0.005333
0.006504
0.007127
0.007294
0.007412
0.007478
0.008489
0.010098
0.010258
0.010132
0.010902
0.010113
0.008583
0.008594
0.007570
0.006540
0.005941
0.005219
0.004563
0.003933
-0.001476
-0.007762
-0.011494
-0.013421
-0.013282
-0.012437
-0.009452
-0.005343
-0.001099
0.002910
0.006177
0.007858
0.008499
0.009003
0.008680
0.007957
0.007312
0.005875
0.004194
0.002507
0.001033
0.000298
-0.000552
-0.001692
-0.002052
-0.002154
-0.001465
-0.000572
0.000177
0.001968
0.003125
0.004295
0.004663
0.003733
0.002274
0.000907
-0.000305
-0.001203
-0.002051
-0.002745
-0.002278
0.000081
0.002634
0.003036
0.002870
0.003381
0.003668
0.003997
0.004993
0.004625
0.002984
0.001919
0.002059
0.002363
0.002464
0.002202
0.001718
0.001168
0.001933
0.003284
0.003642
0.003671
0.003782
0.003947
0.004116
0.003720
0.001190
-0.001412
-0.002547
-0.001849
-0.000645
-0.000457
0.000263
0.001720
0.003092
0.004237
0.004997
0.005308
0.006103
0.007567
0.007066
0.005301
0.003510
0.001626
0.002056
0.002655
0.001427
0.000103
-0.000880
-0.002265
-0.003436
-0.003768
-0.002747
-0.001812
-0.001763
-0.000391
0.001227
0.002350
0.003940
0.004208
0.003460
0.003113
0.002635
0.002653
0.003261
0.003196
0.002293
0.001916
0.002603
0.003007
0.003450
0.003924
0.004234
0.004118
0.004262
0.005180
0.006768
0.007718
0.007649
0.006763
0.004882
0.004148
0.003507
0.002264
0.001488
0.001036
0.000785
0.001172
0.001467
0.000824
0.000215
0.000269
0.001108
0.002955
0.003739
0.004240
0.004556
0.004361
0.004357
0.003825
0.002897
0.002764
0.002765
0.002442
0.002234
0.001763
0.000772
-0.000605
-0.000505
0.001055
0.001187
0.000372
0.000705
0.001580
0.002584
0.004060
0.004944
0.005602
0.005704
0.005595
0.005474
0.005009
0.004082
0.002181
0.000769
0.000380
0.000369
0.000492
0.000596
0.000413
0.000730
0.000336
-0.000269
-0.000196
-0.000410
0.000398
0.002096
0.004689
0.007582
0.008728
0.008482
0.007492
0.007430
0.007627
0.005804
0.003920
0.001432
-0.000074
-0.000682
-0.000817
0.001205
0.003812
0.004388
0.001607
-0.000592
-0.001210
-0.003194
-0.004845
-0.003791
-0.002139
-0.001240
-0.000202
0.000843
0.001813
0.004302
0.009958
0.015952
0.017625
0.015791
0.013656
0.012319
0.011890
0.011570
0.011416
0.011313
0.010189
0.009444
0.010158
0.013439
0.014137
0.010087
0.005189
0.002694
0.003278
0.006867
0.008505
0.010502
0.012245
0.010744
0.007780
0.004472
0.002287
0.004469
0.008279
0.010450
0.010686
0.011476
0.013129
0.015309
0.015076
0.016931
0.020222
0.022280
0.022889
0.021696
0.020090
0.018477
0.017503
0.016350
0.014030
0.013739
0.013750
0.014097
0.015414
0.009829
0.000381
-0.006742
-0.011458
-0.012265
-0.011358
-0.010908
-0.007909
-0.000966
0.006595
0.013413
0.018380
0.022036
0.024662
0.025612
0.025191
0.021837
0.017294
0.012558
0.008158
0.004489
0.002143
0.001440
0.001949
0.004010
0.007300
0.009578
0.010035
0.009540
0.010244
0.012400
0.014767
0.016971
0.019751
0.022589
0.024622
0.024513
0.022763
0.021351
0.019380
0.016407
0.014354
0.011590
0.009257
0.007977
0.006994
0.007588
0.007561
0.009186
0.012642
0.014855
0.016419
0.017626
0.019374
0.019967
0.019275
0.018496
0.017530
0.017336
0.018000
0.019224
0.020755
0.026648
0.036047
0.042650
0.045134
0.046050
0.043717
0.038460
0.033408
0.027935
0.022127
0.015898
0.010894
0.009024
0.009706
0.010176
0.008538
0.006324
0.007729
0.010619
0.012648
0.014369
0.018649
0.024678
0.025995
0.024719
0.022881
0.021449
0.019905
0.019467
0.018708
0.017755
0.019298
0.021262
0.021150
0.020311
0.020307
0.020837
0.021247
0.022511
0.024018
0.025546
0.026648
0.027268
0.027550
0.025832
0.023754
0.021757
0.019686
0.018356
0.016420
0.014794
0.013936
0.012461
0.012019
0.013926
0.016602
0.019015
0.019865
0.018965
0.019084
0.018769
0.018145
0.018077
0.017074
0.015941
0.017031
0.020123
0.022877
0.024364
0.021581
0.017703
0.017004
0.016228
0.014677
0.014679
0.016536
0.018741
0.021730
0.024466
0.026302
0.028638
0.031983
0.033740
0.032742
0.031185
0.030603
0.029410
0.026885
0.024126
0.021753
0.021305
0.021942
0.021545
0.020374
0.018836
0.017449
0.015455
0.014773
0.014696
0.014629
0.015289
0.015659
0.017276
0.019060
0.020729
0.022412
0.021446
0.020212
0.020255
0.018972
0.017606
0.017260
0.018464
0.018972
0.019150
0.020085
0.020853
0.021821
0.021686
0.021156
0.021314
0.021799
0.022138
0.021366
0.020165
0.019541
0.018601
0.017934
0.016890
0.014147
0.011469
0.009527
0.008946
0.010548
0.012033
0.013898
0.015462
0.017107
0.019893
0.022879
0.025347
0.025977
0.025658
0.024814
0.023625
0.021441
0.018978
0.016861
0.015374
0.014496
0.013571
0.013064
0.013336
0.014395
0.015077
0.015995
0.016512
0.015942
0.015757
0.015961
0.016595
0.017295
0.017728
0.018793
0.018961
0.018636
0.017648
0.015460
0.013153
0.011352
0.011933
0.011249
0.008635
0.008071
0.008412
0.009021
0.009239
0.008300
0.007284
0.005869
0.004451
0.003923
0.005088
0.006799
0.008646
0.009974
0.012941
0.015815
0.016779
0.017377
0.017982
0.017326
0.015912
0.016135
0.017873
0.018486
0.018671
0.017691
0.015155
0.014016
0.014437
0.015358
0.015954
0.016144
0.016205
0.015361
0.014379
0.013502
0.014312
0.015744
0.016019
0.015402
0.013709
0.011986
0.011401
0.011494
0.012309
0.013635
0.015014
0.015936
0.015863
0.015262
0.016523
0.018792
0.021687
0.024271
0.025424
0.026638
0.027726
0.026185
0.023502
0.021881
0.020288
0.019027
0.017875
0.017957
0.018226
0.018469
0.019355
0.019923
0.021207
0.021970
0.021695
0.021642
0.021760
0.021891
0.022235
0.022455
0.022863
0.024008
0.023967
0.022820
0.021875
0.024430
0.027310
0.027598
0.028862
0.029773
0.028757
0.028019
0.028489
0.027807
0.026210
0.024735
0.021435
0.018642
0.018040
0.017440
0.016062
0.014163
0.013031
0.014503
0.017129
0.019863
0.023027
0.027044
0.030109
0.031605
0.032776
0.033067
0.032202
0.032851
0.032479
0.029952
0.027413
0.024147
0.020425
0.016339
0.013196
0.010861
0.007788
0.005029
0.004608
0.005312
0.006578
0.007992
0.011618
0.015428
0.016870
0.017413
0.018500
0.019311
0.018494
0.018711
0.019793
0.019762
0.020590
0.022470
0.023076
0.022404
0.023221
0.025744
0.028361
0.030359
0.032083
0.034105
0.033832
0.030831
0.027878
0.024961
0.022472
0.022121
0.022722
0.023081
0.021944
0.021268
0.021996
0.022272
0.022788
0.024506
0.025379
0.025023
0.024720
0.025755
0.023885
0.019514
0.018990
0.019201
0.017261
0.014994
0.016157
0.019132
0.024859
0.028262
0.027566
0.025172
0.021725
0.019425
0.019334
0.021186
0.022928
0.022879
0.020027
0.018348
0.019914
0.020746
0.020434
0.019750
0.018380
0.018330
0.018383
0.019543
0.022960
0.025148
0.025610
0.025832
0.026264
0.027357
0.028783
0.030517
0.031033
0.031052
0.031378
0.030112
0.028974
0.027359
0.025150
0.024760
0.024561
0.025149
0.025843
0.025911
0.025966
0.026397
0.027819
0.028292
0.028478
0.029702
0.031486
0.032623
0.033141
0.033559
0.032614
0.030235
0.029216
0.029823
0.031396
0.034461
0.036646
0.036978
0.038986
0.038836
0.034116
0.030391
0.027288
0.025479
0.027445
0.030102
0.031158
0.034521
0.035850
0.037476
0.042120
0.044298
0.044375
0.043761
0.042793
0.041300
0.039078
0.036627
0.034959
0.034655
0.035344
0.035408
0.035323
0.037018
0.038720
0.039321
0.039868
0.040891
0.038828
0.035077
0.033362
0.031394
0.028922
0.027668
0.023871
0.021013
0.021438
0.026646
0.033464
0.037638
0.041206
0.046397
0.050290
0.052418
0.054201
0.052712
0.047718
0.041502
0.037332
0.035030
0.032752
0.031004
0.029910
0.030593
0.031583
0.031186
0.031811
0.033268
0.035037
0.036554
0.036773
0.036717
0.036845
0.038684
0.043823
0.048201
0.048980
0.047173
0.044309
0.041701
0.039275
0.037895
0.037770
0.036139
0.033720
0.032032
0.032633
0.034543
0.035295
0.034813
0.032902
0.032105
0.032764
0.034365
0.034926
0.034625
0.034994
0.035687
0.036770
0.037157
0.038065
0.038905
0.038271
0.036967
0.036195
0.035374
0.034656
0.034667
0.034082
0.032986
0.031692
0.030366
0.030530
0.031557
0.034466
0.036279
0.035532
0.034871
0.037159
0.040103
0.041462
0.039872
0.035392
0.030911
0.027123
0.023916
0.022381
0.021251
0.020008
0.019382
0.019866
0.021183
0.023334
0.025492
0.025993
0.025651
0.024432
0.022786
0.019511
0.017069
0.014913
0.011982
0.010839
0.010470
0.011221
0.013266
0.015707
0.018288
0.019804
0.021634
0.023721
0.024239
0.024063
0.023394
0.023287
0.023696
0.024279
0.024950
0.024631
0.023432
0.021122
0.019527
0.017971
0.016875
0.015577
0.014855
0.015214
0.015120
0.014950
0.014541
0.015468
0.017369
0.018822
0.018478
0.018276
0.018910
0.018921
0.019604
0.020614
0.021180
0.020989
0.018995
0.015759
0.013113
0.011980
0.012981
0.015023
0.017461
0.019081
0.019354
0.018379
0.016351
0.012644
0.008999
0.006483
0.005732
0.006538
0.006909
0.008605
0.008484
0.007143
0.006842
0.006225
0.007132
0.008656
0.010165
0.011989
0.013737
0.015153
0.015396
0.014896
0.013815
0.013565
0.013602
0.014652
0.016358
0.017598
0.017881
0.017626
0.016563
0.013746
0.010252
0.008012
0.005836
0.003465
0.003078
0.003921
0.005400
0.006463
0.007668
0.009266
0.010928
0.012623
0.013854
0.014169
0.013486
0.012983
0.013067
0.012159
0.011107
0.010797
0.010063
0.009636
0.009748
0.009939
0.010506
0.010693
0.011167
0.011648
0.010283
0.009476
0.009998
0.010238
0.009518
0.008614
0.008649
0.009917
0.009792
0.009268
0.010271
0.010494
0.010097
0.009993
0.008530
0.005280
0.004469
0.005122
0.005551
0.005812
0.006946
0.007615
0.007549
0.008511
0.009045
0.010395
0.011955
0.012002
0.012161
0.012907
0.011222
0.005302
0.001940
0.001027
0.000487
0.000755
0.001213
0.001061
0.002793
0.005506
0.007511
0.008669
0.008660
0.008476
0.008024
0.006728
0.005280
0.004937
0.005257
0.005172
0.004597
0.004906
0.005125
0.004728
0.004918
0.004857
0.004960
0.005444
0.005482
0.005788
0.007781
0.010241
0.011169
0.012003
0.013335
0.013178
0.010360
0.007811
0.005899
0.004312
0.003259
0.002493
0.002604
0.002673
0.003310
0.004919
0.006556
0.006916
0.005673
0.005031
0.004861
0.004727
0.005316
0.007164
0.008396
0.008793
0.007197
0.005435
0.005624
0.005934
0.006083
0.005575
0.005166
0.004302
0.003339
0.003827
0.005423
0.007233
0.011364
0.015590
0.017786
0.018194
0.016887
0.016038
0.015581
0.012538
0.009107
0.006976
0.005125
0.003869
0.003501
0.003238
0.002627
0.002144
0.002453
0.002916
0.003152
0.003667
0.004821
0.005063
0.005182
0.006754
0.007856
0.009751
0.012633
0.015013
0.016376
0.016599
0.014302
0.011573
0.010208
0.009068
0.007282
0.005495
0.004259
0.004243
0.003730
0.003093
0.003386
0.003733
0.004845
0.005899
0.005913
0.005912
0.006601
0.007466
0.007555
0.007669
0.007356
0.007161
0.007456
0.007336
0.007206
0.006960
0.006929
0.007142
0.007962
0.008365
0.008234
0.008444
0.008125
0.008248
0.008812
0.009187
0.008981
0.008270
0.008264
0.009048
0.009590
0.009100
0.008020
0.006059
0.003874
0.002795
0.002741
0.002781
0.002854
0.004056
0.004861
0.005571
0.006174
0.006437
0.007050
0.006539
0.006313
0.006560
0.006456
0.006504
0.006725
0.007379
0.008204
0.007897
0.008091
0.008431
0.007376
0.005743
0.004289
0.002961
0.002789
0.004381
0.006900
0.009476
0.011096
0.010923
0.010335
0.009995
0.008759
0.007411
0.006466
0.004724
0.003084
0.001542
0.001461
0.002607
0.004088
0.005490
0.007565
0.009063
0.010363
0.011744
0.012627
0.012780
0.011713
0.010153
0.009887
0.010512
0.010699
0.011063
0.011501
0.011170
0.010549
0.009726
0.009318
0.007581
0.007104
0.006510
0.004495
0.003723
0.004143
0.004147
0.003976
0.004773
0.006063
0.004339
0.000108
-0.002119
-0.002932
-0.003023
-0.000764
0.000499
0.001852
0.006082
0.009382
0.011452
0.012474
0.012192
0.011673
0.010682
0.008941
0.008036
0.006648
0.005154
0.004497
0.003934
0.003593
0.002932
0.000578
-0.000645
0.000266
0.002298
0.004151
0.005273
0.006238
0.006967
0.007175
0.007752
0.008175
0.007777
0.006339
0.005162
0.004179
0.003012
0.000723
-0.001037
-0.000644
0.000507
0.002449
0.004578
0.005743
0.006213
0.006240
0.006584
0.007322
0.006762
0.006221
0.006747
0.007922
0.008911
0.008770
0.008189
0.008277
0.007901
0.006403
0.004438
0.001959
0.001369
0.001696
0.001004
-0.000358
-0.000088
0.001488
0.002453
0.003872
0.005465
0.006516
0.007618
0.007701
0.007539
0.007247
0.006239
0.005525
0.004193
0.004166
0.004611
0.004884
0.005089
0.004228
0.004147
0.004729
0.005861
0.006264
0.005653
0.004716
0.004245
0.004227
0.003829
0.003345
0.004046
0.004770
0.005231
0.006090
0.006377
0.006733
0.008230
0.008749
0.009219
0.009761
0.009203
0.008841
0.007486
0.005407
0.002508
-0.000700
-0.002534
-0.003590
-0.003903
-0.005188
-0.006095
-0.005446
-0.003895
-0.002892
-0.001948
-0.000611
0.000568
0.000698
0.000081
-0.000050
0.000071
-0.000231
-0.000505
-0.000072
0.000487
0.000253
0.000366
-0.000444
-0.001042
-0.000687
-0.000513
-0.000729
-0.001104
-0.000413
0.001220
0.003326
0.005654
0.006288
0.007460
0.008447
0.008001
0.006216
0.005917
0.007731
0.007116
0.004964
0.003057
0.001313
0.001172
0.001169
0.000585
-0.000366
0.000749
0.001571
0.001834
0.001697
0.001986
0.003506
0.005072
0.005601
0.005830
0.005618
0.005929
0.005675
0.004760
0.004395
0.003567
0.002224
0.001981
0.001601
0.000710
-0.000198
-0.000879
-0.000338
0.001267
0.003443
0.004448
0.004562
0.004425
0.003041
0.002074
0.002202
0.001552
0.001136
-0.000248
-0.001784
-0.002016
-0.001743
-0.000447
0.001593
0.002510
0.002833
0.003429
0.003477
0.003025
0.002696
0.002196
0.001514
0.001358
0.000862
0.001358
0.001826
0.001592
0.000077
-0.001066
-0.000757
-0.000810
-0.000148
0.001160
0.001385
0.000981
0.000955
0.001474
0.002409
0.002713
0.002730
0.002987
0.003461
0.003884
0.003811
0.003889
0.003451
0.002529
0.002660
0.003100
0.002742
0.003168
0.003975
0.005407
0.006313
0.006060
0.005872
0.004435
0.002635
0.001201
-0.000510
-0.002284
-0.002475
-0.002090
-0.001601
-0.000895
-0.000848
-0.000358
0.000598
0.001468
0.002208
0.002874
0.003708
0.005379
0.007851
0.009712
0.008986
0.007214
0.004817
0.001532
-0.000460
-0.001981
-0.002287
-0.001210
0.000113
0.001490
0.002020
0.002499
0.003431
0.004051
0.004211
0.004381
0.005242
0.006762
0.007295
0.006362
0.003931
0.002567
0.001256
0.000465
0.000765
0.000629
0.001613
0.004055
0.006409
0.006721
0.004475
0.001938
-0.000121
-0.001840
-0.002686
-0.002543
-0.002397
-0.001629
-0.000031
0.002096
0.004470
0.006314
0.008128
0.009354
0.010130
0.010167
0.008853
0.008023
0.007335
0.005330
0.004461
0.005360
0.004875
0.003277
0.003028
0.003354
0.001857
-0.000251
-0.000126
0.000322
0.001874
0.003089
0.003519
0.004941
0.006472
0.007400
0.008414
0.009367
0.010552
0.010944
0.010384
0.010436
0.010108
0.009275
0.008588
0.006894
0.005770
0.004272
0.002396
0.001195
0.000517
0.001141
0.002193
0.002705
0.003300
0.003883
0.004144
0.003402
0.002930
0.003275
0.002683
0.002492
0.003245
0.003959
0.004652
0.005237
0.005821
0.006317
0.006193
0.005848
0.005460
0.005195
0.005954
0.006761
0.007527
0.007788
0.007044
0.006292
0.005152
0.004136
0.003885
0.004140
0.005212
0.005697
0.005463
0.005166
0.005245
0.004865
0.004090
0.003111
0.002302
0.002230
0.002928
0.003641
0.003987
0.004681
0.005716
0.005284
0.004830
0.004696
0.003616
0.003178
0.001846
0.000707
0.000636
0.000522
0.000839
0.002716
0.004110
0.004864
0.005647
0.005803
0.006118
0.007477
0.008226
0.007637
0.007172
0.007256
0.005531
0.004063
0.002847
0.001612
0.001614
0.001934
0.002432
0.003369
0.003723
0.003992
0.004356
0.004468
0.004520
0.004178
0.003807
0.002795
0.001783
0.001975
0.003944
0.004713
0.004477
0.005048
0.004722
0.004259
0.004776
0.005127
0.005409
0.005657
0.006383
0.006812
0.006959
0.005615
0.004164
0.004146
0.003636
0.003049
0.003191
0.003659
0.004793
0.005500
0.004924
0.005204
0.006113
0.007334
0.008409
0.008871
0.009004
0.008503
0.008296
0.008706
0.008882
0.008122
0.007138
0.005890
0.005329
0.005957
0.006586
0.005937
0.005628
0.005038
0.004348
0.004191
0.004313
0.004749
0.004976
0.005537
0.005303
0.005240
0.005999
0.005193
0.003845
0.004168
0.004563
0.005799
0.007831
0.009318
0.009485
0.009682
0.009904
0.009373
0.009321
0.008717
0.008258
0.008376
0.008934
0.009865
0.010014
0.009525
0.008299
0.007175
0.006513
0.005636
0.004545
0.003759
0.004071
0.004951
0.004815
0.005492
0.006019
0.006078
0.007065
0.007708
0.008480
0.008397
0.007535
0.007736
0.007902
0.008275
0.008590
0.007531
0.007567
0.008745
0.009357
0.009362
0.009497
0.009693
0.009336
0.008727
0.007518
0.007299
0.008596
0.008834
0.009703
0.011125
0.011961
0.011844
0.010805
0.009656
0.008274
0.006321
0.005366
0.004996
0.004998
0.005414
0.006374
0.007714
0.008353
0.007845
0.008304
0.009552
0.010468
0.011709
0.011734
0.010778
0.009632
0.008533
0.008268
0.007116
0.005520
0.005559
0.005500
0.004988
0.005253
0.006538
0.007836
0.009347
0.009993
0.009754
0.009985
0.010584
0.011455
0.011713
0.011317
0.010797
0.010396
0.008911
0.007470
0.006417
0.005277
0.005452
0.006177
0.006240
0.006379
0.008008
0.010137
0.010210
0.009708
0.008058
0.006078
0.004488
0.003637
0.004728
0.005865
0.006193
0.005709
0.005971
0.007519
0.008408
0.010790
0.013895
0.015199
0.014578
0.014051
0.015549
0.015626
0.011672
0.007686
0.006162
0.004857
0.003645
0.003449
0.004727
0.007118
0.009078
0.008832
0.006938
0.006601
0.006968
0.007139
0.008869
0.008851
0.006757
0.006557
0.007377
0.008949
0.009731
0.009699
0.009687
0.009390
0.009397
0.009695
0.008826
0.007470
0.005766
0.004340
0.003680
0.002707
0.002720
0.003438
0.003882
0.004744
0.005999
0.007039
0.006679
0.006055
0.007127
0.007801
0.009123
0.010228
0.009165
0.008349
0.008409
0.008255
0.008707
0.009687
0.009187
0.008584
0.009594
0.010316
0.010748
0.010614
0.010133
0.010479
0.011415
0.013044
0.013067
0.012778
0.013660
0.014813
0.015021
0.015071
0.015241
0.014736
0.012642
0.010333
0.009309
0.009656
0.011495
0.012143
0.012158
0.013192
0.015599
0.017274
0.018678
0.020415
0.021556
0.023191
0.023859
0.022595
0.021024
0.018490
0.015388
0.012934
0.010325
0.008969
0.009254
0.009118
0.007697
0.007424
0.008396
0.009581
0.010792
0.012298
0.013154
0.011523
0.009111
0.006851
0.006106
0.006258
0.009216
0.013294
0.016118
0.017168
0.017813
0.018220
0.017823
0.016549
0.015963
0.016505
0.016819
0.017314
0.020079
0.021698
0.019799
0.015960
0.012449
0.008518
0.005657
0.004172
0.001259
-0.001076
-0.000996
0.002793
0.007642
0.011266
0.013385
0.014977
0.016467
0.016879
0.017300
0.017573
0.016312
0.015214
0.014433
0.013890
0.014546
0.014647
0.013977
0.013384
0.012987
0.013008
0.013237
0.013286
0.013081
0.012351
0.011894
0.011903
0.011954
0.012334
0.012943
0.011519
0.010581
0.011066
0.010928
0.011083
0.011711
0.013303
0.014805
0.016054
0.016842
0.016505
0.015452
0.012739
0.009989
0.007813
0.005802
0.004879
0.004890
0.004347
0.004251
0.005193
0.006454
0.007682
0.008326
0.009310
0.009713
0.009767
0.010093
0.010195
0.010003
0.009449
0.009013
0.009630
0.011142
0.012316
0.012340
0.012323
0.012472
0.012517
0.011871
0.010080
0.008966
0.009647
0.009743
0.009763
0.010186
0.010639
0.010085
0.008789
0.007836
0.007481
0.008004
0.008567
0.008468
0.008498
0.007846
0.007775
0.008089
0.008697
0.009237
0.009223
0.009449
0.010041
0.010408
0.010951
0.011648
0.011221
0.010990
0.011332
0.011664
0.011506
0.011809
0.011054
0.008727
0.007425
0.006518
0.005599
0.005985
0.006952
0.008734
0.010785
0.011167
0.012146
0.013588
0.014092
0.014465
0.014044
0.013412
0.012325
0.010904
0.010175
0.009492
0.009572
0.010102
0.010748
0.011449
0.011370
0.010431
0.009071
0.007890
0.007104
0.006470
0.006885
0.007191
0.007137
0.007449
0.007112
0.007500
0.008017
0.008295
0.007919
0.006959
0.006945
0.006890
0.006926
0.007199
0.008387
0.010759
0.013005
0.014731
0.015977
0.016137
0.015778
0.015909
0.015364
0.013897
0.012336
0.011027
0.010023
0.009375
0.010253
0.012016
0.013365
0.013871
0.014132
0.014081
0.013150
0.012660
0.011703
0.010120
0.008324
0.007821
0.007626
0.006524
0.006350
0.007129
0.007982
0.008325
0.008201
0.008002
0.008405
0.008269
0.008074
0.008366
0.009348
0.009940
0.010384
0.010625
0.010246
0.010031
0.010155
0.011309
0.010905
0.009747
0.009437
0.007864
0.005882
0.005611
0.006141
0.007479
0.008888
0.009356
0.009590
0.009208
0.009097
0.009142
0.008703
0.007887
0.006552
0.006165
0.007330
0.009090
0.009991
0.011429
0.012899
0.013939
0.014093
0.013519
0.013163
0.012445
0.010753
0.009359
0.008778
0.008808
0.009776
0.010093
0.009980
0.009006
0.007019
0.005754
0.005649
0.006294
0.008158
0.010295
0.010491
0.010721
0.011953
0.014688
0.016710
0.017056
0.018168
0.019290
0.017804
0.014108
0.010968
0.007946
0.005721
0.004138
0.002821
0.003117
0.004263
0.004948
0.005521
0.006640
0.007514
0.008586
0.010398
0.011855
0.011974
0.012536
0.014862
0.015688
0.015651
0.015645
0.015739
0.015540
0.015122
0.015190
0.015501
0.016654
0.016679
0.015417
0.015538
0.016245
0.015800
0.014119
0.011599
0.009747
0.008649
0.008007
0.008081
0.008971
0.010005
0.010511
0.010457
0.010394
0.010936
0.010755
0.011563
0.012317
0.012039
0.011671
0.012863
0.013084
0.013213
0.013186
0.013175
0.013067
0.013125
0.013536
0.013338
0.012788
0.012043
0.011225
0.010527
0.011469
0.012110
0.011121
0.010727
0.010727
0.011874
0.012613
0.013126
0.013588
0.013519
0.014105
0.014709
0.015297
0.015259
0.015776
0.016365
0.016144
0.016946
0.016314
0.015042
0.014666
0.014410
0.014516
0.014139
0.014147
0.014272
0.013803
0.014902
0.016472
0.016243
0.016984
0.017689
0.016866
0.015635
0.015382
0.016054
0.015989
0.015406
0.015108
0.015033
0.015774
0.017061
0.017403
0.016765
0.016303
0.015799
0.016097
0.017859
0.019027
0.019658
0.018443
0.015258
0.011860
0.009409
0.009286
0.009917
0.012208
0.014273
0.014406
0.015698
0.017184
0.017977
0.018820
0.018328
0.017188
0.017210
0.016950
0.015974
0.016203
0.017231
0.018508
0.018874
0.018775
0.019269
0.020095
0.020631
0.021136
0.021500
0.021034
0.020935
0.021780
0.022138
0.021515
0.019542
0.018407
0.018089
0.017537
0.017545
0.017866
0.018795
0.020091
0.020407
0.020489
0.020070
0.019006
0.017651
0.017970
0.018564
0.018572
0.018447
0.017773
0.017248
0.016786
0.016298
0.015529
0.015488
0.016487
0.017029
0.018218
0.019570
0.020791
0.020768
0.019531
0.018806
0.018613
0.017808
0.016535
0.017023
0.017684
0.017942
0.017974
0.016683
0.014322
0.012642
0.012879
0.013232
0.013014
0.013575
0.016308
0.018764
0.020042
0.020639
0.019585
0.017638
0.016115
0.014875
0.014888
0.015679
0.015804
0.016143
0.016675
0.017155
0.017644
0.017729
0.019138
0.021256
0.022888
0.023227
0.023312
0.023835
0.022757
0.020403
0.018842
0.018503
0.018695
0.017224
0.015747
0.015934
0.016399
0.017399
0.017953
0.018210
0.018930
0.020646
0.023012
0.025138
0.026218
0.025113
0.022874
0.021816
0.020607
0.019210
0.017407
0.016188
0.015525
0.014765
0.014208
0.014001
0.015307
0.016642
0.017119
0.018033
0.018619
0.018763
0.018994
0.018334
0.017175
0.016398
0.015638
0.015340
0.015154
0.015755
0.017240
0.018876
0.020772
0.021520
0.022394
0.023087
0.023220
0.023146
0.022403
0.021687
0.021558
0.020440
0.019960
0.020076
0.019237
0.017943
0.017486
0.017712
0.017300
0.016767
0.015872
0.015460
0.016136
0.017285
0.018019
0.018378
0.019409
0.020774
0.021836
0.023414
0.023915
0.022473
0.021534
0.021193
0.020252
0.019727
0.019118
0.018759
0.018364
0.017749
0.018462
0.018591
0.017670
0.017135
0.017475
0.018410
0.018861
0.018490
0.017232
0.016129
0.015583
0.015332
0.015990
0.016583
0.016099
0.016966
0.018528
0.019255
0.019257
0.019801
0.019921
0.019727
0.018698
0.017665
0.016846
0.016874
0.017476
0.016610
0.014519
0.013192
0.012984
0.013090
0.012998
0.012280
0.012087
0.012315
0.012381
0.012878
0.014585
0.016140
0.017356
0.018735
0.019955
0.019595
0.018695
0.018150
0.017350
0.016509
0.016877
0.015730
0.014397
0.013706
0.012843
0.013222
0.013260
0.013408
0.014218
0.014603
0.015267
0.016104
0.016367
0.017534
0.018827
0.019856
0.022073
0.020794
0.017901
0.017202
0.017229
0.016628
0.015261
0.014986
0.014994
0.015667
0.016834
0.017786
0.018023
0.017392
0.017232
0.017414
0.016700
0.016620
0.017058
0.017358
0.016984
0.016063
0.015262
0.015564
0.016162
0.016430
0.015921
0.016275
0.016222
0.015551
0.015769
0.015509
0.015960
0.016463
0.016685
0.017645
0.017711
0.017520
0.018219
0.017854
0.017188
0.017308
0.016835
0.016147
0.015810
0.015760
0.015918
0.015052
0.014131
0.014271
0.014099
0.014438
0.014277
0.014622
0.014769
0.015052
0.015747
0.015926
0.016054
0.017137
0.016416
0.014656
0.014324
0.014699
0.015453
0.015808
0.016681
0.017920
0.019446
0.020889
0.021588
0.021369
0.020762
0.021056
0.021749
0.022442
0.022364
0.021378
0.019143
0.016308
0.013246
0.010712
0.009630
0.009654
0.010564
0.012488
0.014948
0.016933
0.018456
0.019252
0.019804
0.021451
0.022764
0.023837
0.024537
0.024283
0.023142
0.021255
0.021460
0.021970
0.022319
0.022740
0.022397
0.022417
0.022617
0.021887
0.020292
0.018242
0.016046
0.014707
0.013636
0.013371
0.013223
0.013812
0.015085
0.015404
0.016230
0.017094
0.017774
0.018125
0.018410
0.020270
0.021661
0.021203
0.020629
0.020124
0.018968
0.018464
0.018856
0.019161
0.019064
0.019174
0.019218
0.018603
0.018367
0.018997
0.019646
0.020193
0.020219
0.018949
0.018097
0.018363
0.018150
0.017205
0.017662
0.019221
0.020024
0.021099
0.022537
0.023061
0.022423
0.021519
0.021506
0.020182
0.018169
0.017295
0.015961
0.014338
0.014224
0.014989
0.014810
0.015534
0.017395
0.017796
0.017777
0.018712
0.019955
0.020334
0.020110
0.019165
0.018611
0.017839
0.017422
0.018148
0.018182
0.017960
0.017898
0.018365
0.020063
0.020623
0.021149
0.021454
0.021160
0.019801
0.017346
0.014108
0.010838
0.009593
0.009940
0.011760
0.013663
0.014627
0.014614
0.014556
0.014894
0.016626
0.019954
0.022558
0.023233
0.022013
0.019845
0.018537
0.017365
0.015660
0.015683
0.017006
0.017571
0.017427
0.017505
0.017860
0.017376
0.016775
0.016660
0.016548
0.016016
0.016322
0.016834
0.016485
0.015681
0.014651
0.014644
0.014677
0.014562
0.014232
0.014155
0.014956
0.016082
0.017308
0.018181
0.018917
0.018884
0.018379
0.017104
0.016422
0.016252
0.014831
0.013485
0.012088
0.011092
0.011004
0.011886
0.013502
0.014492
0.014663
0.014823
0.015376
0.016662
0.017780
0.018831
0.018901
0.018807
0.019101
0.018949
0.018032
0.017338
0.016660
0.015494
0.014675
0.013955
0.013261
0.012330
0.011639
0.012474
0.013407
0.014713
0.015193
0.015103
0.015094
0.016194
0.017112
0.017198
0.017933
0.018610
0.017742
0.016120
0.014937
0.013341
0.011142
0.009963
0.010104
0.009082
0.007257
0.006960
0.007851
0.009002
0.009101
0.010234
0.011940
0.013448
0.014756
0.015489
0.016466
0.016624
0.016911
0.017614
0.018313
0.018764
0.017953
0.016815
0.014814
0.012301
0.011175
0.010317
0.009720
0.011344
0.013128
0.015131
0.016808
0.017530
0.017003
0.016329
0.015952
0.015286
0.014554
0.013601
0.013099
0.013440
0.014315
0.015641
0.016507
0.016890
0.016272
0.015794
0.014373
0.012815
0.012918
0.013158
0.012525
0.011912
0.011613
0.011752
0.012500
0.014531
0.016546
0.017647
0.018784
0.017584
0.016509
0.015887
0.014428
0.013378
0.012356
0.011737
0.011588
0.012288
0.012823
0.014228
0.016418
0.017098
0.017855
0.018462
0.018202
0.018253
0.017373
0.014449
0.011864
0.010028
0.008630
0.007455
0.006463
0.006574
0.007968
0.010738
0.012622
0.013529
0.014991
0.015496
0.015278
0.015515
0.015953
0.015871
0.016069
0.016782
0.016673
0.016572
0.015975
0.015320
0.015613
0.015529
0.015771
0.015587
0.014910
0.014725
0.014732
0.015055
0.015436
0.016091
0.016200
0.015956
0.015973
0.016667
0.015604
0.013250
0.012144
0.012408
0.012541
0.012371
0.013619
0.014604
0.015077
0.014123
0.014038
0.015270
0.014839
0.014853
0.014917
0.014407
0.014013
0.014134
0.015077
0.015176
0.015155
0.015369
0.015791
0.016094
0.016875
0.016944
0.015853
0.015221
0.013890
0.013175
0.012336
0.010979
0.010006
0.010326
0.012748
0.015333
0.018563
0.022260
0.025493
0.028029
0.029578
0.030049
0.029566
0.028522
0.027093
0.024437
0.020885
0.016253
0.011819
0.009531
0.009506
0.010978
0.013078
0.015708
0.017213
0.018627
0.020142
0.020151
0.020101
0.020985
0.021757
0.023115
0.024946
0.026002
0.026483
0.026559
0.025713
0.024746
0.024502
0.023738
0.022214
0.020432
0.019015
0.018166
0.017189
0.016568
0.016749
0.016314
0.015353
0.015930
0.016042
0.015656
0.016863
0.018331
0.019302
0.019546
0.019385
0.019638
0.019628
0.019109
0.019551
0.020219
0.020834
0.021298
0.020946
0.021682
0.023012
0.024333
0.025707
0.026544
0.026711
0.025965
0.024826
0.024246
0.022879
0.021175
0.020629
0.020143
0.019432
0.018185
0.017700
0.016835
0.015420
0.015674
0.016577
0.018024
0.019054
0.020487
0.021359
0.021298
0.021534
0.022200
0.021999
0.021525
0.020372
0.018392
0.017014
0.016371
0.015904
0.015345
0.015672
0.016250
0.016517
0.017909
0.018607
0.018595
0.019303
0.020810
0.021828
0.021844
0.021147
0.019885
0.017526
0.014028
0.010710
0.008640
0.008338
0.009418
0.009140
0.007363
0.007357
0.008716
0.010469
0.011708
0.012838
0.013427
0.013997
0.014405
0.014017
0.014706
0.016308
0.018801
0.020502
0.021688
0.023139
0.023518
0.023058
0.021628
0.020709
0.019823
0.018652
0.017669
0.015878
0.014745
0.013691
0.012954
0.013055
0.013672
0.014306
0.014998
0.016045
0.017211
0.019098
0.019634
0.018713
0.018173
0.017964
0.016508
0.015122
0.014976
0.014811
0.013605
0.011996
0.012263
0.012344
0.011767
0.013094
0.014788
0.015138
0.015613
0.017088
0.018300
0.018453
0.018098
0.017367
0.017641
0.018417
0.018873
0.018639
0.018480
0.018664
0.018633
0.017168
0.016248
0.016064
0.015821
0.014465
0.013242
0.013751
0.014519
0.015739
0.016544
0.017430
0.018832
0.020279
0.021060
0.021508
0.022907
0.024473
0.024387
0.023939
0.023462
0.022648
0.022414
0.022806
0.021856
0.019529
0.016779
0.015331
0.016413
0.017079
0.016845
0.016682
0.017093
0.017977
0.018257
0.017875
0.016726
0.017355
0.018146
0.017854
0.017080
0.018165
0.019419
0.018981
0.018648
0.019433
0.020696
0.020101
0.018182
0.018483
0.020095
0.021427
0.022251
0.021979
0.021080
0.019886
0.017863
0.016546
0.015634
0.014488
0.014334
0.013609
0.012887
0.013259
0.013730
0.015100
0.017464
0.018136
0.019484
0.021101
0.021574
0.020206
0.017446
0.017075
0.017490
0.018619
0.019723
0.019719
0.019024
0.018472
0.018079
0.017416
0.017530
0.017793
0.018579
0.018213
0.017229
0.016910
0.016826
0.015950
0.013865
0.012870
0.012390
0.012882
0.014680
0.015714
0.015122
0.014756
0.015889
0.018406
0.019610
0.018329
0.016623
0.015817
0.015719
0.016422
0.015550
0.013870
0.013655
0.014020
0.013738
0.012811
0.012007
0.012205
0.013772
0.014659
0.015651
0.017682
0.018389
0.017472
0.015205
0.013396
0.011722
0.011078
0.014982
0.019551
0.021709
0.022466
0.022622
0.022575
0.021611
0.020395
0.020396
0.020069
0.019417
0.019556
0.019605
0.018181
0.017396
0.018949
0.019018
0.017899
0.017796
0.018358
0.017696
0.016993
0.016606
0.014888
0.014109
0.015134
0.016677
0.017377
0.019590
0.021448
0.021114
0.020814
0.019510
0.018269
0.018104
0.019420
0.021469
0.022954
0.023189
0.021688
0.020512
0.018550
0.015878
0.015180
0.015568
0.015737
0.016648
0.017029
0.018231
0.019467
0.019605
0.019620
0.020200
0.020678
0.019746
0.018632
0.018193
0.018861
0.020691
0.021393
0.020382
0.020048
0.020149
0.020263
0.020393
0.021030
0.021186
0.020188
0.020254
0.020819
0.019856
0.018628
0.019035
0.020517
0.021664
0.020892
0.017869
0.013623
0.012093
0.012600
0.013900
0.015875
0.018224
0.019890
0.021614
0.022179
0.022098
0.022096
0.020851
0.020474
0.021371
0.022185
0.022799
0.022996
0.024139
0.025167
0.025652
0.025997
0.025420
0.023977
0.022531
0.021634
0.020769
0.019925
0.017085
0.009762
0.003302
0.000248
-0.001245
-0.002115
-0.000841
0.002173
0.005899
0.009454
0.013381
0.017089
0.018916
0.019955
0.020698
0.020037
0.019823
0.019580
0.019391
0.019933
0.019799
0.018314
0.015714
0.014178
0.014169
0.013868
0.014537
0.015546
0.015505
0.015172
0.015441
0.016623
0.017808
0.018022
0.017388
0.015714
0.013741
0.014031
0.015892
0.014689
0.012938
0.011370
0.010763
0.010841
0.011745
0.013347
0.014545
0.015221
0.016394
0.017321
0.017452
0.016296
0.010955
0.005548
0.003648
0.002507
0.002104
0.002978
0.004419
0.006334
0.009758
0.012797
0.012946
0.011416
0.009849
0.008184
0.006616
0.005510
0.004918
0.005160
0.005754
0.006524
0.007043
0.008873
0.010600
0.010986
0.012283
0.013666
0.014514
0.014528
0.013977
0.012826
0.011806
0.011438
0.010870
0.010814
0.010637
0.009825
0.009667
0.009860
0.009470
0.008332
0.007845
0.008436
0.009357
0.010003
0.011045
0.011774
0.012714
0.012835
0.013451
0.014431
0.015923
0.017789
0.017565
0.017495
0.016877
0.015931
0.015083
0.013968
0.013343
0.012610
0.011833
0.011857
0.011928
0.010419
0.008624
0.008690
0.008503
0.008216
0.009135
0.010874
0.011664
0.011263
0.011609
0.013060
0.014252
0.015409
0.015628
0.015149
0.014619
0.014175
0.014221
0.014657
0.015048
0.014624
0.014497
0.015026
0.015046
0.014427
0.012258
0.011028
0.011341
0.011449
0.010856
0.010460
0.011528
0.012194
0.011689
0.012209
0.013727
0.014244
0.013890
0.014136
0.013986
0.013099
0.013528
0.014300
0.013519
0.012469
0.012185
0.012386
0.012942
0.012344
0.011890
0.011916
0.011750
0.011609
0.011784
0.010885
0.010825
0.009727
0.012372
0.003601
-0.002505
0.000025
0.004770
0.012849
0.011599
0.012305
0.012584
0.014107
0.014496
0.014485
0.012953
0.012031
0.012861
0.014421
0.014471
0.014572
0.014226
0.013144
0.013553
0.013204
0.011673
0.010790
0.011035
0.011873
0.012278
0.013028
0.013762
0.014639
0.015317
0.015964
0.016952
0.018561
0.019639
0.019536
0.018846
0.018403
0.017046
0.014819
0.013254
0.012051
0.010523
0.009141
0.008185
0.007305
0.006767
0.006570
0.007455
0.008544
0.009429
0.010986
0.013137
0.015982
0.017327
0.017632
0.017965
0.016637
0.015034
0.013892
0.013466
0.013950
0.014447
0.015185
0.015136
0.014900
0.015110
0.015700
0.016028
0.015725
0.016332
0.016775
0.016961
0.017089
0.015697
0.014569
0.013275
0.012678
0.012762
0.013416
0.014105
0.014250
0.015072
0.016367
0.018356
0.019305
0.019204
0.019120
0.016854
0.014882
0.014083
0.012622
0.011870
0.012256
0.013271
0.014307
0.014785
0.014933
0.015612
0.016923
0.017350
0.016821
0.015369
0.014259
0.014464
0.014214
0.014405
0.014587
0.014823
0.015072
0.015647
0.016542
0.016045
0.015853
0.016340
0.017537
0.019084
0.019736
0.019942
0.021248
0.022497
0.022247
0.021289
0.021054
0.020442
0.020180
0.019396
0.018620
0.016967
0.015723
0.015212
0.014264
0.013929
0.013491
0.013755
0.014122
0.015701
0.018163
0.020210
0.021499
0.022571
0.023127
0.023308
0.022668
0.021784
0.021409
0.020643
0.019471
0.019289
0.019238
0.018147
0.017384
0.015380
0.012931
0.012285
0.013073
0.014662
0.015609
0.016576
0.017355
0.017927
0.017963
0.017721
0.016800
0.016335
0.015839
0.015971
0.016617
0.016880
0.017386
0.017352
0.016389
0.015441
0.014995
0.014426
0.015229
0.017658
0.019571
0.021655
0.021227
0.019959
0.019050
0.017413
0.015202
0.013010
0.012596
0.012615
0.013663
0.015416
0.017160
0.019427
0.021456
0.023323
0.020981
0.016614
0.014047
0.011616
0.008754
0.007045
0.007055
0.008040
0.008531
0.009296
0.011378
0.013106
0.015103
0.016369
0.017184
0.016717
0.015374
0.015190
0.014939
0.014488
0.014016
0.014412
0.015088
0.015099
0.015971
0.017473
0.018625
0.018688
0.018418
0.019185
0.020364
0.020848
0.021778
0.021493
0.020240
0.019622
0.019307
0.019033
0.019110
0.019467
0.019959
0.020222
0.020670
0.021410
0.021907
0.022652
0.022997
0.023128
0.022825
0.021830
0.020625
0.019052
0.018605
0.019760
0.020062
0.018346
0.016493
0.015527
0.014283
0.013587
0.013590
0.014825
0.016722
0.018053
0.020213
0.021020
0.021301
0.021786
0.022135
0.022571
0.022386
0.022609
0.022407
0.021945
0.022841
0.023065
0.022198
0.021188
0.021761
0.023136
0.022461
0.019169
0.016113
0.014450
0.013972
0.014791
0.015590
0.016809
0.018490
0.019377
0.020373
0.021749
0.022183
0.021976
0.020974
0.020147
0.021182
0.021795
0.020543
0.018473
0.016162
0.015902
0.017091
0.018604
0.020254
0.021442
0.022200
0.023733
0.024739
0.024462
0.024136
0.023001
0.022741
0.023873
0.024790
0.024622
0.022997
0.021132
0.018804
0.017661
0.017307
0.017652
0.017875
0.017678
0.017499
0.017201
0.017808
0.018187
0.017250
0.016754
0.016636
0.016967
0.018777
0.020494
0.021953
0.023559
0.024465
0.023618
0.023333
0.023837
0.024207
0.024309
0.024397
0.024264
0.024508
0.024840
0.024850
0.024534
0.024013
0.023557
0.022449
0.020171
0.017966
0.017571
0.018538
0.019722
0.020570
0.021278
0.021540
0.020792
0.019961
0.019641
0.018054
0.017327
0.017899
0.017921
0.017304
0.016895
0.015967
0.015356
0.016381
0.018780
0.020755
0.021721
0.021010
0.021035
0.022830
0.023565
0.023781
0.024218
0.024638
0.024634
0.023588
0.022883
0.021704
0.020752
0.021386
0.021724
0.022779
0.023525
0.023415
0.023389
0.021765
0.018767
0.016439
0.015874
0.016983
0.018433
0.019103
0.019675
0.020917
0.023929
0.025279
0.024170
0.023163
0.022239
0.021892
0.023113
0.024686
0.026176
0.026585
0.028220
0.030456
0.031455
0.032518
0.032217
0.029930
0.025978
0.022261
0.018877
0.016501
0.015852
0.015629
0.016023
0.017454
0.018509
0.018661
0.019615
0.021081
0.022040
0.022199
0.022446
0.022495
0.023993
0.025721
0.026842
0.027508
0.027972
0.029658
0.031378
0.031777
0.030112
0.027867
0.026064
0.024023
0.021644
0.020131
0.020181
0.021590
0.022512
0.022494
0.022503
0.022176
0.022649
0.023307
0.023295
0.023720
0.023433
0.023348
0.023932
0.024436
0.024412
0.024670
0.025438
0.025543
0.023992
0.021798
0.020172
0.019736
0.020336
0.019950
0.021128
0.023258
0.024396
0.024923
0.025724
0.026627
0.026714
0.026857
0.026571
0.026105
0.025528
0.025019
0.025261
0.025479
0.024910
0.023987
0.023618
0.022785
0.021552
0.021483
0.021684
0.021817
0.021694
0.021690
0.022331
0.021550
0.019631
0.019131
0.019515
0.020060
0.022307
0.025504
0.027217
0.029355
0.030400
0.030147
0.030788
0.029642
0.027027
0.025353
0.023389
0.021551
0.020269
0.019875
0.020352
0.021171
0.021220
0.021594
0.021675
0.020981
0.020937
0.020486
0.020529
0.021614
0.021825
0.020958
0.021578
0.022165
0.023567
0.022616
0.024973
0.017299
