# STATIONID: 251
# STARTTIME: 1123732050.670000
# SAMPLERATE: 100
# NUMSAMPLES: 8268
0.001892
0.002057
0.001998
0.002341
0.000716
-0.000365
0.000205
0.000019
-0.001354
-0.001999
-0.002182
-0.002673
-0.003006
-0.004016
-0.003723
-0.003407
-0.003095
-0.002107
-0.001600
-0.001956
-0.002317
-0.001156
0.000892
0.002559
0.003303
0.002484
0.001262
0.000793
0.000873
0.001128
-0.000439
-0.002250
-0.001600
-0.001405
-0.001368
-0.000875
-0.001174
-0.001284
-0.000746
-0.000644
0.000229
0.001130
0.001002
0.001155
0.001340
0.001558
0.002752
0.003622
0.002999
0.001201
-0.000703
-0.002732
-0.004538
-0.006104
-0.006750
-0.006373
-0.005953
-0.006828
-0.007501
-0.006770
-0.004520
-0.001855
0.001498
0.004778
0.006128
0.006337
0.006589
0.008137
0.009605
0.008960
0.008398
0.008961
0.009177
0.007922
0.006103
0.006110
0.007374
0.008849
0.008573
0.006451
0.005800
0.006732
0.006787
0.005462
0.004933
0.004164
0.002562
0.001529
0.002058
0.003128
0.002535
0.000408
-0.001252
-0.002584
-0.003277
-0.003652
-0.003773
-0.002907
-0.001963
-0.001033
-0.001465
-0.003126
-0.003927
-0.004536
-0.004620
-0.003694
-0.003137
-0.004424
-0.006205
-0.007412
-0.008558
-0.008707
-0.008414
-0.008188
-0.009065
-0.009332
-0.008051
-0.006334
-0.005643
-0.006195
-0.006967
-0.007047
-0.006180
-0.005120
-0.003805
-0.002136
-0.000980
-0.000498
0.001283
0.002816
0.002962
0.003058
0.003008
0.003135
0.002989
0.004154
0.006474
0.006452
0.005612
0.004730
0.004056
0.004918
0.005392
0.005358
0.005027
0.002852
0.001766
0.001407
0.001118
0.001388
0.000788
-0.000785
-0.000918
-0.000377
-0.000201
0.000543
0.001793
0.003557
0.004620
0.005563
0.007424
0.009365
0.011081
0.011816
0.011256
0.009815
0.008551
0.007834
0.007789
0.007766
0.006582
0.004479
0.003679
0.003743
0.003771
0.004082
0.004482
0.002506
-0.000272
-0.000177
0.000154
0.000013
0.000597
0.001027
0.000121
-0.001921
-0.002549
-0.002053
-0.002270
-0.001914
-0.002136
-0.003952
-0.005495
-0.006533
-0.007384
-0.007932
-0.009249
-0.012122
-0.013477
-0.013819
-0.014806
-0.016552
-0.018390
-0.019811
-0.019863
-0.019196
-0.018666
-0.017146
-0.014709
-0.012335
-0.009129
-0.005698
-0.003136
-0.000986
0.001576
0.004616
0.008204
0.011152
0.012447
0.012787
0.013165
0.014234
0.016322
0.017533
0.017957
0.017743
0.017551
0.015662
0.013819
0.012717
0.011765
0.011691
0.011770
0.011280
0.010411
0.008434
0.006668
0.005555
0.004851
0.004629
0.004362
0.002619
0.000393
0.000254
0.001446
0.002877
0.003185
0.000570
-0.002107
-0.002338
-0.001871
-0.000899
-0.000597
-0.000729
-0.001356
-0.001648
-0.001909
-0.003581
-0.004713
-0.005346
-0.006564
-0.007500
-0.006794
-0.005762
-0.005192
-0.005112
-0.005616
-0.005345
-0.004863
-0.004425
-0.003347
-0.002815
-0.002682
-0.002870
-0.002836
-0.002855
-0.003443
-0.003298
-0.002168
-0.001046
-0.000854
-0.000681
0.000562
0.001682
0.002557
0.003221
0.002793
0.002214
0.003114
0.005139
0.004871
0.003061
0.001358
-0.000807
-0.003184
-0.004375
-0.005179
-0.005312
-0.005498
-0.007270
-0.009115
-0.009402
-0.008213
-0.006688
-0.005570
-0.004504
-0.003338
-0.002108
-0.002032
-0.000044
0.002756
0.003407
0.004011
0.004863
0.006674
0.008326
0.008696
0.009188
0.009527
0.009359
0.009700
0.009939
0.008708
0.007607
0.007572
0.007793
0.007406
0.005428
0.003890
0.003324
0.002045
0.000920
0.001775
0.002241
0.001836
0.001149
0.000496
0.000709
0.000971
0.000726
0.000699
0.001357
0.002516
0.003242
0.003501
0.003486
0.003409
0.002532
0.001541
0.001412
0.000587
-0.000806
-0.001200
-0.001154
-0.002108
-0.002288
-0.002386
-0.003765
-0.004106
-0.004047
-0.004797
-0.005484
-0.005033
-0.004977
-0.004845
-0.004770
-0.005727
-0.005270
-0.005182
-0.005273
-0.005201
-0.005299
-0.004725
-0.004573
-0.003417
-0.003006
-0.003050
-0.001929
-0.000390
0.002061
0.003760
0.003830
0.002486
0.000985
0.000818
0.001810
0.002749
0.002468
0.002156
0.001544
0.001015
0.000897
0.001986
0.004029
0.005570
0.007125
0.008072
0.008014
0.008034
0.007773
0.006589
0.006081
0.005966
0.005671
0.005265
0.004985
0.003203
0.002278
0.002001
0.000244
-0.001629
-0.002871
-0.004777
-0.006225
-0.006395
-0.007418
-0.007084
-0.006019
-0.006008
-0.006737
-0.008838
-0.010446
-0.010904
-0.009704
-0.009007
-0.008703
-0.008420
-0.008569
-0.008811
-0.008888
-0.007434
-0.006096
-0.004582
-0.002184
-0.000322
0.001649
0.003204
0.004967
0.007532
0.009883
0.012052
0.015262
0.016863
0.015769
0.015536
0.015753
0.014748
0.013006
0.012270
0.012906
0.013743
0.013282
0.012136
0.010184
0.007841
0.007680
0.007817
0.008921
0.009277
0.008494
0.007649
0.007110
0.006483
0.006158
0.006392
0.005589
0.003871
0.002591
0.001980
0.001385
0.001164
0.000769
-0.000200
-0.001015
-0.001407
-0.002393
-0.004774
-0.007675
-0.009808
-0.011716
-0.014405
-0.016359
-0.017149
-0.018035
-0.019218
-0.019704
-0.019111
-0.019976
-0.022068
-0.023894
-0.024677
-0.023756
-0.022078
-0.019762
-0.017509
-0.016416
-0.016309
-0.016699
-0.016763
-0.013768
-0.009835
-0.007345
-0.005131
-0.003114
-0.001398
0.000831
0.003708
0.006311
0.009236
0.012035
0.013821
0.017070
0.019387
0.019452
0.019806
0.021037
0.021786
0.023913
0.025430
0.024912
0.024101
0.023700
0.023317
0.022971
0.023290
0.024428
0.024886
0.024026
0.023556
0.023965
0.022960
0.020986
0.020046
0.019963
0.017203
0.013755
0.011791
0.010359
0.007646
0.003966
0.002069
0.000592
-0.002120
-0.004960
-0.007293
-0.010672
-0.013747
-0.016167
-0.018307
-0.020756
-0.022449
-0.023795
-0.025370
-0.025741
-0.026261
-0.026566
-0.025785
-0.025195
-0.025621
-0.025963
-0.024470
-0.021432
-0.016773
-0.012892
-0.012386
-0.012712
-0.011733
-0.010284
-0.009155
-0.007562
-0.004611
-0.002520
-0.002882
-0.002726
-0.000365
0.001243
-0.000243
-0.001552
-0.000358
0.001181
0.002635
0.003646
0.005105
0.006445
0.006500
0.006556
0.007259
0.009910
0.012623
0.013226
0.013827
0.014221
0.014781
0.015118
0.015667
0.017810
0.019622
0.019723
0.018472
0.017356
0.017667
0.018523
0.017127
0.014008
0.012383
0.012013
0.011451
0.010007
0.008952
0.009027
0.007376
0.004017
0.002760
0.002314
-0.000065
-0.002688
-0.002418
-0.002501
-0.004334
-0.005953
-0.005463
-0.004578
-0.003896
-0.003129
-0.003261
-0.004100
-0.004910
-0.004797
-0.003480
-0.003250
-0.003260
-0.001954
-0.003418
-0.006846
-0.008344
-0.009415
-0.009731
-0.010255
-0.010192
-0.010021
-0.010844
-0.011120
-0.011014
-0.010716
-0.010435
-0.010558
-0.010593
-0.011681
-0.011971
-0.010330
-0.008518
-0.007237
-0.007671
-0.008277
-0.006720
-0.004669
-0.003989
-0.002490
-0.000557
0.000593
0.000793
0.000772
0.001682
0.003481
0.006088
0.007677
0.008261
0.009059
0.010029
0.010971
0.011201
0.011181
0.011107
0.011626
0.013580
0.014102
0.013808
0.013242
0.010850
0.008990
0.008871
0.009115
0.007906
0.006970
0.006906
0.005600
0.003492
0.002605
0.003253
0.003645
0.002890
0.002675
0.002698
0.002647
0.002822
0.003571
0.004032
0.004063
0.003969
0.004226
0.001698
0.000438
0.002645
0.003760
0.004409
0.005077
0.005237
0.004906
0.005646
0.006069
0.006675
0.006811
0.006714
0.005282
0.002203
-0.001228
-0.002888
-0.002348
-0.002170
-0.004647
-0.009144
-0.011492
-0.012786
-0.015137
-0.015636
-0.014920
-0.014663
-0.015162
-0.015161
-0.015078
-0.015765
-0.015520
-0.014533
-0.012952
-0.011520
-0.009394
-0.006931
-0.005108
-0.004518
-0.005061
-0.007095
-0.008128
-0.008076
-0.008512
-0.007706
-0.004952
-0.001597
0.001095
0.003791
0.006858
0.008374
0.007333
0.006134
0.005729
0.006298
0.007491
0.008611
0.010099
0.010920
0.010478
0.010785
0.010265
0.008322
0.006596
0.004133
0.002419
0.002380
0.003660
0.006421
0.009758
0.010970
0.009962
0.009065
0.005748
0.003783
0.004014
0.003422
0.002814
0.002386
0.002707
0.004905
0.007653
0.009346
0.010624
0.011149
0.010958
0.010017
0.008006
0.006563
0.005997
0.004961
0.003218
0.001328
-0.001056
-0.003401
-0.003480
-0.001808
0.001006
0.002655
0.002269
0.000440
-0.003274
-0.006863
-0.008523
-0.007961
-0.007277
-0.006632
-0.005656
-0.005024
-0.003622
-0.000923
0.000425
-0.000865
-0.004069
-0.007113
-0.007963
-0.006930
-0.003418
-0.000849
-0.001146
-0.002323
-0.004832
-0.005973
-0.004869
-0.000247
0.003963
0.003057
0.000553
-0.002480
-0.003864
-0.002762
-0.000090
0.004974
0.008443
0.009233
0.010344
0.011594
0.011029
0.008089
0.001737
-0.005661
-0.009438
-0.008890
-0.006537
-0.004504
-0.004297
-0.005145
-0.005432
-0.004293
-0.001520
0.002169
0.004290
0.003281
0.000565
-0.001581
-0.001692
-0.000907
-0.001177
-0.003020
-0.004136
-0.004264
-0.003637
-0.000207
0.002808
0.005164
0.008027
0.009832
0.010357
0.009424
0.008794
0.007354
0.004335
0.001640
-0.000842
-0.003249
-0.005129
-0.005971
-0.005622
-0.005307
-0.004312
-0.001937
0.000332
0.000364
-0.001057
-0.001598
-0.000126
0.002191
0.003309
0.004767
0.004597
0.001446
-0.001806
-0.005302
-0.007840
-0.006848
-0.002928
0.000441
0.003253
0.005809
0.007012
0.008147
0.008979
0.009054
0.010042
0.011722
0.011790
0.010180
0.008214
0.005645
0.003290
0.002981
0.003726
0.003718
0.003397
0.004053
0.003959
0.004620
0.005177
0.005673
0.007059
0.007724
0.007031
0.004729
0.000793
-0.004074
-0.007993
-0.008784
-0.007025
-0.004266
-0.002172
-0.001080
0.000210
0.001440
0.002437
0.003465
0.003249
0.002024
0.001572
0.002139
0.001820
-0.000023
-0.001357
-0.002088
-0.002950
-0.004273
-0.006636
-0.009161
-0.009429
-0.008369
-0.008912
-0.009659
-0.009321
-0.008029
-0.005900
-0.003757
-0.001541
0.000911
0.002918
0.004148
0.003978
0.002605
0.001214
-0.000992
-0.004075
-0.007032
-0.007971
-0.006657
-0.003746
-0.001352
-0.000097
0.000366
0.000947
0.001504
0.001595
0.000711
-0.001594
-0.003038
-0.003833
-0.005446
-0.007287
-0.008112
-0.006435
-0.002766
-0.000302
0.001378
0.002932
0.003867
0.004285
0.006251
0.009099
0.011705
0.013106
0.012642
0.011131
0.010263
0.010616
0.011507
0.012081
0.013538
0.013943
0.013055
0.011896
0.010993
0.011219
0.011434
0.011533
0.012051
0.011344
0.009457
0.007260
0.005079
0.002196
0.000818
0.001900
0.002374
0.003426
0.004132
0.002375
0.000812
-0.000780
-0.003231
-0.006344
-0.007890
-0.008775
-0.010957
-0.012646
-0.014586
-0.015243
-0.013938
-0.012465
-0.010634
-0.009303
-0.009570
-0.010082
-0.009562
-0.007430
-0.005049
-0.003305
-0.003299
-0.004161
-0.003694
-0.002375
-0.001514
-0.001805
-0.003373
-0.003667
-0.002919
-0.000544
0.002499
0.004120
0.005363
0.005321
0.004599
0.003875
0.003431
0.003364
0.002645
0.001071
0.000182
0.000221
-0.000507
-0.002106
-0.002525
-0.002514
-0.002939
-0.001820
-0.000929
-0.000483
0.001205
0.002035
0.002169
0.002744
0.003955
0.004693
0.004190
0.003572
0.003200
0.003655
0.004378
0.006546
0.009086
0.010396
0.011446
0.011590
0.009725
0.007841
0.005978
0.005200
0.005183
0.004623
0.005544
0.006425
0.005572
0.004589
0.004272
0.003261
0.001895
0.000625
-0.001331
-0.003256
-0.003654
-0.003417
-0.003714
-0.004375
-0.005146
-0.006428
-0.007671
-0.007963
-0.007655
-0.007696
-0.008725
-0.010766
-0.013115
-0.014487
-0.013785
-0.011940
-0.010263
-0.008680
-0.006502
-0.004171
-0.001456
0.001038
0.003088
0.004074
0.004878
0.004212
0.001525
0.000301
0.001688
0.003280
0.003255
0.002986
0.003853
0.004426
0.003454
0.002470
0.002888
0.003916
0.004730
0.006543
0.008583
0.010839
0.012137
0.011970
0.013109
0.014312
0.014947
0.014803
0.013722
0.012736
0.010749
0.008358
0.005587
0.003458
0.002985
0.002240
0.001927
0.001338
-0.000913
-0.002952
-0.003911
-0.005650
-0.007578
-0.009745
-0.009921
-0.008763
-0.008561
-0.008922
-0.008986
-0.008833
-0.009917
-0.011822
-0.012162
-0.010513
-0.008917
-0.006931
-0.005192
-0.004158
-0.004167
-0.005035
-0.004565
-0.003947
-0.002543
-0.000665
0.000196
0.001305
0.002644
0.002911
0.002675
0.002429
0.001511
0.000650
0.001336
0.001943
0.001642
0.000895
0.001216
0.001279
0.001368
0.002282
0.003343
0.003938
0.003440
0.004179
0.005393
0.004304
0.002758
0.001413
0.001053
0.001381
0.001753
0.002797
0.003988
0.004679
0.005037
0.004712
0.004327
0.004923
0.005072
0.005096
0.006208
0.006288
0.005914
0.006259
0.005724
0.004049
0.002443
0.001299
0.000698
0.000568
0.001727
0.003604
0.004227
0.003964
0.002229
0.002167
0.004281
0.004060
0.002404
0.000686
-0.001235
-0.002379
-0.003078
-0.003460
-0.004197
-0.006297
-0.007740
-0.007206
-0.005932
-0.004847
-0.003974
-0.003942
-0.005278
-0.006686
-0.005888
-0.004579
-0.004416
-0.003725
-0.002623
-0.001488
-0.001013
-0.001363
-0.000831
0.000716
0.000980
0.001284
0.002321
0.002252
0.003200
0.006098
0.007560
0.006815
0.004575
0.003516
0.002515
0.001093
0.000273
-0.000358
-0.001136
-0.003019
-0.005439
-0.006324
-0.006174
-0.004463
-0.003590
-0.003753
-0.004167
-0.004733
-0.005244
-0.006337
-0.006588
-0.005880
-0.004601
-0.003665
-0.003067
-0.001428
0.002321
0.005013
0.007478
0.008773
0.008888
0.009963
0.009578
0.009209
0.009776
0.009822
0.008402
0.007995
0.007396
0.005755
0.004520
0.004120
0.005466
0.005884
0.005232
0.004940
0.004840
0.003935
0.001899
0.001188
0.001198
0.000477
0.000833
0.001586
0.001409
0.001379
0.001819
0.001336
0.001375
0.001675
0.000809
-0.000045
-0.001656
-0.002583
-0.002568
-0.002417
-0.002443
-0.003992
-0.005321
-0.005835
-0.005718
-0.006116
-0.007447
-0.008617
-0.009418
-0.010089
-0.011119
-0.010794
-0.008510
-0.005837
-0.003886
-0.002374
-0.001369
-0.000210
0.001013
0.001190
0.001555
0.001925
0.003002
0.003819
0.004241
0.004707
0.005810
0.007735
0.009350
0.009561
0.008949
0.007344
0.006363
0.005846
0.004644
0.005156
0.006132
0.005338
0.004229
0.003143
0.002441
0.002200
0.002454
0.003037
0.003142
0.004246
0.003695
0.001886
0.001511
0.000628
-0.001208
-0.003170
-0.003843
-0.003293
-0.003214
-0.003391
-0.002699
-0.002555
-0.003018
-0.003306
-0.003249
-0.002719
-0.002174
-0.002628
-0.002541
-0.002737
-0.004271
-0.004971
-0.005688
-0.006736
-0.007628
-0.008446
-0.008707
-0.008155
-0.007200
-0.006668
-0.006992
-0.007132
-0.005966
-0.005893
-0.005582
-0.004831
-0.004964
-0.004050
-0.003879
-0.003212
-0.001287
-0.000849
0.000831
0.004522
0.008184
0.010838
0.012608
0.014096
0.015701
0.017071
0.017768
0.017650
0.016984
0.016613
0.016286
0.015448
0.015030
0.014111
0.013051
0.014148
0.014778
0.013935
0.012738
0.010742
0.009296
0.007693
0.006474
0.004816
0.003034
0.000933
-0.001975
-0.005602
-0.008969
-0.010114
-0.010803
-0.011605
-0.012254
-0.012682
-0.012295
-0.012752
-0.014764
-0.016376
-0.016835
-0.016943
-0.015983
-0.014245
-0.013991
-0.014357
-0.014005
-0.013346
-0.013186
-0.012422
-0.011061
-0.009829
-0.008096
-0.006317
-0.003308
0.000183
0.002388
0.003660
0.004479
0.004790
0.005009
0.005457
0.005921
0.006814
0.006354
0.006389
0.007768
0.008694
0.008937
0.009169
0.009474
0.009388
0.009518
0.010284
0.009930
0.008627
0.007766
0.007999
0.009332
0.010224
0.009923
0.008506
0.005836
0.002967
0.002530
0.003417
0.002454
0.001989
0.002448
0.002669
0.003831
0.003816
0.002776
0.002163
0.002089
0.001912
0.002147
0.003239
0.003560
0.003837
0.004008
0.003589
0.003499
0.002227
-0.000349
-0.001372
-0.002354
-0.003132
-0.004456
-0.006247
-0.007646
-0.009684
-0.012232
-0.012906
-0.012110
-0.011542
-0.009974
-0.008388
-0.007599
-0.006622
-0.005745
-0.005234
-0.005341
-0.006116
-0.006758
-0.006893
-0.006063
-0.005292
-0.004840
-0.003875
-0.002409
-0.001234
-0.001180
-0.001692
-0.001401
0.000483
0.001543
0.001387
0.002162
0.004460
0.005323
0.005599
0.006802
0.008585
0.010256
0.011676
0.012517
0.012513
0.013256
0.013413
0.012877
0.012596
0.011553
0.011095
0.010574
0.010123
0.009259
0.007532
0.007457
0.006992
0.005633
0.004394
0.002673
0.000648
-0.001858
-0.003719
-0.005444
-0.007087
-0.008875
-0.011096
-0.012998
-0.013709
-0.015179
-0.017035
-0.016688
-0.015412
-0.014037
-0.013574
-0.013990
-0.014062
-0.013949
-0.013828
-0.011145
-0.007793
-0.006282
-0.005506
-0.005063
-0.004896
-0.003029
-0.000829
0.000391
0.001899
0.003590
0.005349
0.006496
0.008410
0.010651
0.012455
0.013299
0.013201
0.012246
0.011127
0.010548
0.010632
0.011055
0.010922
0.011006
0.011005
0.010647
0.011448
0.012319
0.012828
0.013513
0.013730
0.012929
0.011839
0.011365
0.011321
0.010910
0.009379
0.007395
0.006296
0.005932
0.005383
0.004441
0.001901
-0.000783
-0.002065
-0.004396
-0.005536
-0.006283
-0.006925
-0.007770
-0.010581
-0.012520
-0.013685
-0.015584
-0.016437
-0.015979
-0.016307
-0.016001
-0.015572
-0.015775
-0.016015
-0.014959
-0.013181
-0.013396
-0.013796
-0.014288
-0.013425
-0.010281
-0.007178
-0.006352
-0.007467
-0.007970
-0.007266
-0.005147
-0.001163
0.001901
0.004433
0.006250
0.006713
0.006182
0.005041
0.004656
0.006008
0.007569
0.008009
0.008127
0.008514
0.009722
0.011170
0.012441
0.013278
0.013688
0.014007
0.013884
0.013835
0.013023
0.012027
0.011289
0.011691
0.012751
0.012084
0.010838
0.010318
0.010398
0.009518
0.007776
0.006154
0.005573
0.005849
0.005669
0.004808
0.003674
0.002704
0.000729
-0.001587
-0.002685
-0.003373
-0.004057
-0.005429
-0.007194
-0.007941
-0.007873
-0.007381
-0.006616
-0.006372
-0.006307
-0.006393
-0.007057
-0.007365
-0.006767
-0.006653
-0.007111
-0.006807
-0.005839
-0.005886
-0.007181
-0.007268
-0.006533
-0.006510
-0.005989
-0.005322
-0.005198
-0.004957
-0.003405
-0.001849
-0.002199
-0.002516
-0.001693
-0.000479
0.000138
0.000306
0.001542
0.002947
0.003322
0.002806
0.002418
0.002841
0.002906
0.003053
0.002980
0.003371
0.004153
0.005342
0.006484
0.007144
0.008664
0.009786
0.011178
0.011729
0.011705
0.011779
0.010233
0.008725
0.008370
0.007095
0.005113
0.003920
0.002222
0.000205
-0.000702
-0.002501
-0.003625
-0.003193
-0.002237
-0.000535
-0.000491
-0.001304
-0.001008
-0.000557
0.000093
0.001564
0.002731
0.002429
0.001170
0.000460
0.000497
0.000297
0.000115
0.000912
-0.000252
-0.001698
-0.002137
-0.002253
-0.002138
-0.002258
-0.002271
-0.003407
-0.003619
-0.003238
-0.003452
-0.003754
-0.004098
-0.004716
-0.005893
-0.007084
-0.007492
-0.007659
-0.008053
-0.008285
-0.008629
-0.008841
-0.008805
-0.008485
-0.007593
-0.007032
-0.006361
-0.005126
-0.003460
-0.001731
-0.001303
-0.001574
-0.001480
0.000510
0.003736
0.005963
0.007959
0.009762
0.011393
0.012605
0.012906
0.012170
0.012723
0.014626
0.016349
0.018328
0.019344
0.020195
0.019941
0.018944
0.018771
0.018447
0.017268
0.016225
0.015024
0.013008
0.010615
0.007388
0.004427
0.002523
0.000390
-0.002280
-0.006291
-0.008938
-0.010393
-0.012425
-0.014012
-0.015233
-0.016296
-0.017714
-0.018854
-0.020196
-0.020275
-0.019416
-0.019563
-0.018923
-0.017234
-0.016150
-0.015455
-0.013973
-0.012649
-0.011931
-0.009844
-0.006887
-0.004915
-0.003753
-0.003053
-0.002429
-0.000906
0.001706
0.004816
0.007254
0.008543
0.008653
0.007934
0.008209
0.011277
0.011902
0.009518
0.008368
0.007965
0.008216
0.009117
0.008696
0.007678
0.007731
0.008446
0.009044
0.008309
0.007103
0.007212
0.008114
0.008510
0.008694
0.008443
0.008247
0.008068
0.008191
0.009372
0.010485
0.010619
0.010259
0.008320
0.006537
0.005745
0.004639
0.002369
-0.000107
-0.002090
-0.002356
-0.000903
0.000453
-0.000337
-0.000959
-0.001364
-0.002045
-0.004470
-0.005591
-0.005031
-0.005369
-0.005812
-0.006870
-0.008042
-0.008394
-0.008003
-0.007367
-0.008089
-0.009734
-0.012246
-0.013919
-0.014423
-0.014873
-0.014401
-0.012709
-0.011474
-0.011173
-0.011296
-0.011488
-0.012112
-0.010744
-0.008476
-0.008216
-0.006856
-0.004594
-0.002955
-0.001011
0.000700
0.002170
0.003206
0.003926
0.005665
0.008184
0.010101
0.011600
0.012909
0.015179
0.017156
0.017138
0.017492
0.018588
0.019366
0.019026
0.017080
0.014968
0.014490
0.013553
0.013588
0.013866
0.013500
0.012748
0.011680
0.011342
0.009087
0.006364
0.004665
0.003630
0.001908
-0.001036
-0.003865
-0.006235
-0.007845
-0.009734
-0.010593
-0.010721
-0.011654
-0.012706
-0.013129
-0.014730
-0.016077
-0.015997
-0.015425
-0.014019
-0.012813
-0.011946
-0.010380
-0.008768
-0.008740
-0.007393
-0.005085
-0.002747
-0.000744
-0.000638
0.000027
0.000899
0.001328
0.002083
0.002691
0.002285
0.001605
0.002241
0.002492
0.002648
0.003967
0.005024
0.004478
0.003382
0.002707
0.002263
0.001729
0.002132
0.003094
0.003016
0.003160
0.003546
0.003199
0.002116
0.001204
0.001369
0.003210
0.004110
0.003750
0.003100
0.002106
0.000294
-0.000765
0.000448
0.003288
0.005914
0.008031
0.008719
0.007184
0.005695
0.005714
0.005309
0.003387
0.002526
0.003356
0.003734
0.003538
0.002898
0.001797
0.001683
0.002102
0.002670
0.003861
0.004560
0.004921
0.004790
0.003275
0.001428
-0.000689
-0.002363
-0.001095
0.001182
0.002118
0.002988
0.002910
0.001663
0.001244
0.001527
0.001283
-0.000075
-0.001394
-0.003153
-0.004616
-0.005618
-0.007995
-0.008545
-0.007146
-0.006223
-0.006574
-0.007889
-0.009475
-0.011423
-0.011751
-0.011129
-0.009104
-0.006852
-0.006256
-0.005960
-0.005717
-0.005425
-0.005357
-0.005509
-0.004681
-0.003230
-0.001114
0.002036
0.003698
0.004015
0.003604
0.003220
0.002535
0.002539
0.004172
0.006014
0.007223
0.007714
0.007353
0.005703
0.004571
0.003583
0.002276
0.000195
-0.002007
-0.002072
-0.001725
-0.000812
0.000962
0.002149
0.003747
0.004716
0.004085
0.003010
0.002257
0.001033
0.000403
0.000343
0.000966
0.002559
0.004240
0.004594
0.004001
0.003382
0.002824
0.003724
0.004998
0.005432
0.005363
0.004206
0.002364
0.001298
0.001491
0.002363
0.002758
0.003564
0.004765
0.006359
0.008904
0.009705
0.007781
0.004506
0.001049
-0.000101
0.000968
0.002634
0.004843
0.006470
0.006532
0.006371
0.005543
0.003363
0.001480
-0.000544
-0.002027
-0.003746
-0.004737
-0.004867
-0.005331
-0.003938
-0.002484
-0.002423
-0.003970
-0.005732
-0.006263
-0.005209
-0.004254
-0.004424
-0.004403
-0.004604
-0.005004
-0.005757
-0.006729
-0.006880
-0.005550
-0.003832
-0.002545
-0.001154
-0.000806
-0.000971
-0.001349
-0.001501
-0.000421
0.000582
0.001091
0.000448
-0.000319
-0.001422
-0.002374
-0.002661
-0.003744
-0.005817
-0.007796
-0.008726
-0.009173
-0.008409
-0.008175
-0.009078
-0.011469
-0.013234
-0.012875
-0.011854
-0.009888
-0.006040
-0.003106
-0.001835
-0.002298
-0.003448
-0.003010
-0.001208
0.001863
0.005364
0.009410
0.011820
0.013335
0.015124
0.015221
0.015649
0.016928
0.017964
0.018215
0.018780
0.019881
0.019289
0.017100
0.015331
0.014827
0.014617
0.015847
0.017208
0.015565
0.013540
0.010818
0.008580
0.008333
0.006970
0.005591
0.005193
0.002671
-0.001859
-0.004977
-0.007283
-0.007865
-0.007964
-0.006770
-0.005255
-0.005881
-0.007434
-0.009774
-0.010093
-0.008723
-0.007256
-0.006671
-0.006713
-0.007726
-0.008483
-0.007469
-0.004769
-0.002957
-0.003628
-0.005376
-0.007052
-0.008724
-0.010270
-0.009819
-0.009027
-0.007900
-0.007029
-0.007099
-0.006662
-0.004309
-0.001297
0.000464
0.000801
0.000799
0.001278
0.001614
0.001694
0.003424
0.003997
0.004316
0.005590
0.005998
0.005855
0.005372
0.004677
0.004431
0.005154
0.005405
0.003635
0.001256
-0.000296
-0.001426
-0.001160
0.000215
0.000486
-0.001155
-0.003309
-0.005178
-0.006797
-0.006909
-0.006759
-0.005352
-0.003625
-0.003127
-0.003116
-0.003643
-0.003014
-0.000805
0.000600
0.000810
0.001486
0.002444
0.003136
0.003914
0.004541
0.005078
0.004198
0.002257
0.000037
-0.002474
-0.003205
-0.002714
-0.001175
0.000075
0.000527
0.001050
0.001305
0.002109
0.003992
0.004474
0.003423
0.002704
0.002875
0.003930
0.005495
0.007567
0.009218
0.010356
0.011816
0.012028
0.012018
0.012912
0.012616
0.010801
0.009533
0.008627
0.007117
0.006419
0.004373
0.001500
0.001740
0.001560
0.000163
-0.000508
-0.000540
0.000149
0.000408
0.000901
0.002609
0.002247
0.000316
-0.000606
-0.001368
-0.002980
-0.005032
-0.006356
-0.006004
-0.005595
-0.006420
-0.007550
-0.010675
-0.013845
-0.014319
-0.013579
-0.012643
-0.011731
-0.009791
-0.008915
-0.009508
-0.009985
-0.010667
-0.009430
-0.006960
-0.004916
-0.003322
-0.003155
-0.001963
0.000163
0.000267
0.000550
0.001490
0.002345
0.003259
0.003053
0.002935
0.004745
0.006266
0.006545
0.007178
0.008307
0.008859
0.008472
0.007861
0.006421
0.004440
0.003221
0.001846
0.001037
0.002455
0.003119
0.002731
0.001991
0.001121
0.000669
0.000036
0.000417
0.001422
0.002811
0.005277
0.005769
0.004677
0.003939
0.003833
0.003934
0.003975
0.004189
0.004663
0.006184
0.007793
0.008719
0.008650
0.007941
0.007174
0.006474
0.005984
0.005445
0.004961
0.004318
0.004424
0.004666
0.003031
0.001937
0.002233
0.002302
0.002336
0.001527
0.000101
-0.002727
-0.005434
-0.007126
-0.008685
-0.009469
-0.010242
-0.010930
-0.010907
-0.010587
-0.010086
-0.009345
-0.008373
-0.006522
-0.004234
-0.001561
0.000633
0.001354
0.000597
-0.000050
0.000173
0.000113
0.000111
-0.000156
0.000548
-0.000934
-0.003555
-0.003716
-0.002192
-0.001342
-0.001454
-0.003096
-0.003761
-0.002697
-0.002061
-0.001471
-0.001322
-0.002365
-0.003259
-0.004176
-0.005087
-0.005256
-0.005747
-0.004898
-0.004449
-0.004864
-0.004775
-0.004398
-0.004140
-0.003720
-0.003412
-0.003257
-0.002382
-0.002009
-0.001190
0.000294
0.001603
0.002223
0.003027
0.003703
0.003017
0.003325
0.005554
0.008049
0.009338
0.010496
0.011757
0.012370
0.012308
0.013188
0.015096
0.017460
0.019662
0.021163
0.021245
0.019974
0.017958
0.016694
0.016220
0.015910
0.015254
0.013429
0.011104
0.009458
0.008507
0.007873
0.006463
0.004022
0.001815
0.000340
-0.000909
-0.002208
-0.003725
-0.006351
-0.009054
-0.009861
-0.010090
-0.010251
-0.011484
-0.014453
-0.017576
-0.018810
-0.020191
-0.021290
-0.021219
-0.021204
-0.020967
-0.020967
-0.020584
-0.020450
-0.019845
-0.016642
-0.013084
-0.011052
-0.008618
-0.006703
-0.005995
-0.002933
0.000293
0.000949
0.002500
0.004092
0.004489
0.003506
0.002993
0.003772
0.005358
0.005982
0.006687
0.007367
0.006642
0.006278
0.007480
0.009065
0.010055
0.011345
0.011742
0.011362
0.010188
0.010428
0.011030
0.011962
0.012294
0.010491
0.009377
0.008724
0.006848
0.005434
0.003813
0.002345
0.001769
0.001388
0.000593
-0.000076
-0.000474
-0.001737
-0.002354
-0.002118
-0.002667
-0.003797
-0.004142
-0.004663
-0.005333
-0.006007
-0.005206
-0.003754
-0.003065
-0.002156
-0.002140
-0.001792
-0.000418
0.001106
0.003026
0.003808
0.002945
0.003551
0.005552
0.007780
0.009968
0.010555
0.009942
0.008720
0.008235
0.007596
0.007077
0.005862
0.003323
0.001148
-0.000313
-0.001123
-0.001284
-0.000981
-0.001107
-0.002653
-0.003906
-0.004590
-0.005186
-0.005111
-0.005258
-0.006501
-0.008691
-0.010432
-0.010664
-0.009752
-0.007999
-0.006778
-0.006656
-0.007163
-0.006770
-0.006266
-0.005922
-0.004927
-0.004091
-0.002644
-0.002673
-0.003533
-0.003450
-0.002003
0.000056
0.000553
0.001174
0.002630
0.002881
0.002479
0.002663
0.002512
0.003216
0.003807
0.003902
0.005142
0.005296
0.004714
0.004499
0.004865
0.005627
0.007027
0.007582
0.006575
0.004912
0.004082
0.004422
0.006134
0.007860
0.008630
0.008587
0.008352
0.007507
0.006638
0.006479
0.005629
0.004323
0.003075
0.002478
0.003359
0.004021
0.003287
0.003738
0.005751
0.005595
0.004763
0.004000
0.002991
0.003661
0.005108
0.006772
0.007461
0.007430
0.006701
0.005472
0.003760
0.001630
0.000202
-0.001739
-0.003840
-0.005049
-0.007017
-0.010144
-0.013021
-0.013448
-0.012310
-0.012237
-0.012613
-0.012313
-0.012198
-0.012209
-0.012046
-0.012624
-0.013030
-0.012657
-0.012415
-0.013873
-0.014503
-0.013125
-0.010952
-0.008397
-0.005456
-0.003461
-0.002292
-0.000722
0.001679
0.004377
0.006192
0.007885
0.008581
0.008872
0.008570
0.007955
0.007493
0.006903
0.006048
0.006980
0.008214
0.007454
0.004768
0.002949
0.002788
0.002913
0.003184
0.003922
0.005019
0.005351
0.005402
0.005221
0.004919
0.005267
0.005932
0.006290
0.005229
0.003583
0.002807
0.002717
0.002834
0.002834
0.002351
0.002611
0.002569
0.003122
0.004386
0.005566
0.006645
0.006521
0.007485
0.008833
0.009128
0.008819
0.006215
0.002859
0.002375
0.004134
0.006152
0.005793
0.001947
-0.004003
-0.007054
-0.004439
-0.000904
0.001149
-0.000274
-0.004681
-0.006143
-0.001566
0.002181
-0.000071
-0.006921
-0.012250
-0.010644
-0.002830
0.003363
0.003398
-0.000992
-0.007493
-0.007793
-0.005457
-0.004999
-0.006337
-0.006108
-0.004700
-0.003049
0.000145
0.001770
-0.003641
-0.010094
-0.008953
-0.005851
-0.006960
-0.008053
-0.007670
-0.005045
-0.000269
0.000622
-0.001174
-0.001125
0.002162
0.002907
-0.000697
-0.003416
-0.000934
0.004860
0.008530
0.009030
0.007630
0.003857
-0.001908
-0.006463
-0.004686
0.003783
0.009860
0.009618
0.009623
0.008879
0.001009
-0.007818
-0.007778
-0.004792
-0.000930
0.004603
0.008888
0.009904
0.010416
0.008722
0.003653
0.003769
0.008688
0.009787
0.007692
0.003977
-0.001201
-0.001835
0.004003
0.008768
0.006655
0.004591
0.005496
0.003380
0.000615
0.002911
0.005450
0.002766
-0.001899
-0.003692
-0.005364
-0.005858
-0.001751
0.004839
0.004710
-0.002432
-0.010442
-0.015147
-0.013682
-0.004158
0.002558
-0.000330
-0.008242
-0.009674
-0.003951
-0.000287
-0.004955
-0.012606
-0.011140
-0.001888
0.004067
0.003046
0.000059
-0.000704
-0.001426
-0.001961
-0.002701
-0.004816
-0.004827
-0.001667
-0.000220
-0.002750
-0.007260
-0.009551
-0.006961
0.003259
0.012246
0.011260
0.000700
-0.008687
-0.011415
-0.010196
-0.004771
0.004937
0.012369
0.012772
0.009877
0.006749
0.001872
-0.004638
-0.004478
0.004693
0.014067
0.017492
0.016590
0.012273
0.006481
0.004272
0.007584
0.009973
0.007028
0.002661
0.000871
0.002050
0.008363
0.012098
0.009994
0.001148
-0.005186
-0.003540
0.003800
0.010860
0.016447
0.017255
0.013867
0.010623
0.005779
-0.000221
-0.005421
-0.011157
-0.014176
-0.010434
0.000746
0.005089
-0.002254
-0.015202
-0.020274
-0.014379
-0.002045
0.006225
0.004616
-0.005899
-0.015395
-0.018123
-0.016703
-0.016097
-0.019011
-0.020375
-0.017975
-0.012293
-0.006491
-0.005075
-0.007937
-0.009283
-0.006425
0.000282
0.006521
0.010753
0.011549
0.007322
-0.004082
-0.014474
-0.014768
-0.005400
0.001105
-0.000715
-0.003070
0.000695
0.012106
0.019086
0.017770
0.009459
0.004029
0.004699
0.005953
0.004200
-0.000707
-0.002187
-0.000277
0.003896
0.013022
0.018898
0.015943
0.003478
-0.006565
-0.006192
0.003251
0.016806
0.023282
0.018982
0.008470
-0.003925
-0.015787
-0.020650
-0.015405
-0.000489
0.018653
0.036638
0.049043
0.051359
0.035803
0.009235
-0.014664
-0.027214
-0.028468
-0.023547
-0.017049
-0.012725
-0.008057
0.003924
0.017818
0.022192
0.016095
0.005614
-0.001431
-0.003278
-0.002049
0.003579
0.006843
0.004163
0.001198
-0.001928
-0.007225
-0.015032
-0.019816
-0.022019
-0.025397
-0.025878
-0.016365
0.000611
0.010003
0.007521
-0.002744
-0.012282
-0.016622
-0.019794
-0.022333
-0.020527
-0.011320
0.007157
0.021336
0.021546
0.008374
-0.011283
-0.022208
-0.017536
-0.006733
-0.003590
-0.013597
-0.026108
-0.025557
-0.011293
0.014944
0.034538
0.037078
0.023299
0.001751
-0.011549
-0.013955
-0.008619
-0.004731
-0.003794
0.001749
0.016750
0.035472
0.043179
0.034275
0.015554
0.000789
-0.006907
-0.012550
-0.019831
-0.024853
-0.023195
-0.016338
-0.008495
-0.002775
-0.000121
0.000703
0.002109
0.006581
0.013868
0.023074
0.030871
0.033435
0.027708
0.014213
-0.002152
-0.012480
-0.010773
-0.000142
0.014775
0.026868
0.033249
0.031753
0.023238
0.012214
0.000572
-0.012031
-0.022138
-0.027231
-0.024824
-0.013316
0.004134
0.018297
0.021327
0.010565
-0.009782
-0.022427
-0.022167
-0.013003
-0.003856
0.000993
0.000859
-0.002157
-0.003680
-0.000768
0.007809
0.018699
0.025342
0.021947
0.009762
-0.002888
-0.010182
-0.013103
-0.014994
-0.016255
-0.015857
-0.014321
-0.013254
-0.015356
-0.021847
-0.027378
-0.027906
-0.021448
-0.010676
-0.004579
-0.006237
-0.013846
-0.017385
-0.013472
-0.000875
0.008953
0.009024
0.003539
-0.003953
-0.008648
-0.008653
-0.007381
-0.008031
-0.008195
-0.007126
-0.005823
-0.001531
0.008360
0.021495
0.031235
0.033487
0.029885
0.025422
0.025081
0.028433
0.031042
0.030314
0.025654
0.019321
0.013783
0.008533
0.006778
0.008364
0.012845
0.012397
0.004202
-0.006097
-0.012310
-0.012181
-0.011361
-0.015149
-0.023071
-0.030220
-0.029371
-0.019895
-0.009592
-0.003822
-0.001028
0.003418
0.010695
0.015399
0.015219
0.011416
0.005745
0.000584
-0.004036
-0.010597
-0.015232
-0.014272
-0.007510
0.003935
0.012696
0.014412
0.014080
0.013830
0.011616
0.004429
-0.009774
-0.024796
-0.031254
-0.029756
-0.019762
-0.006370
0.006960
0.019105
0.026142
0.026094
0.016186
0.001717
-0.012451
-0.021376
-0.020827
-0.010830
0.000757
0.006726
0.006625
0.000533
-0.004922
-0.007211
-0.007218
-0.006052
-0.007246
-0.012369
-0.017464
-0.017774
-0.008799
0.007441
0.022583
0.031470
0.032503
0.025944
0.016815
0.010696
0.009543
0.015059
0.020893
0.020727
0.015307
0.008980
0.004376
0.000616
-0.001654
-0.001578
0.000929
0.003739
0.007211
0.010282
0.010485
0.005977
-0.003716
-0.015090
-0.023628
-0.026632
-0.023432
-0.016569
-0.010653
-0.005241
-0.000676
0.003510
0.006908
0.007491
0.007443
0.007195
0.006909
0.007287
0.005182
0.001682
-0.002532
-0.004995
-0.005366
-0.006527
-0.009846
-0.013628
-0.013472
-0.009824
-0.003878
0.000251
0.001014
-0.002061
-0.008899
-0.016620
-0.022923
-0.025534
-0.024752
-0.019389
-0.010529
-0.004074
-0.002748
-0.007123
-0.014155
-0.017585
-0.015277
-0.006938
0.001568
0.005716
0.006903
0.004227
0.001697
-0.000064
-0.002063
-0.000954
0.002924
0.011007
0.019646
0.023097
0.022516
0.019415
0.014608
0.012296
0.012866
0.013791
0.014775
0.016776
0.019300
0.021734
0.022881
0.024542
0.026637
0.028015
0.028653
0.025551
0.019322
0.012203
0.005167
0.000027
-0.004629
-0.009328
-0.011894
-0.010741
-0.006772
-0.000806
0.003596
0.005559
0.007421
0.008127
0.007417
0.006456
0.005277
0.004859
0.005124
0.002886
-0.002972
-0.010092
-0.017551
-0.022407
-0.023736
-0.021579
-0.016474
-0.010294
-0.006634
-0.007921
-0.012418
-0.018159
-0.022445
-0.025590
-0.031602
-0.038900
-0.042224
-0.039735
-0.032650
-0.024466
-0.017217
-0.010980
-0.006156
-0.003849
-0.001596
0.000296
0.002360
0.005124
0.007340
0.009228
0.008883
0.005253
0.000661
-0.002949
-0.004934
-0.004117
0.000518
0.008283
0.017313
0.026202
0.031416
0.030536
0.025592
0.021210
0.019694
0.020637
0.022512
0.021291
0.018315
0.016532
0.015126
0.014989
0.015097
0.012695
0.006974
0.000451
-0.004040
-0.005096
-0.003399
0.002187
0.009557
0.015307
0.017182
0.015047
0.010473
0.004105
-0.003387
-0.009509
-0.013466
-0.015045
-0.016421
-0.016146
-0.014087
-0.011577
-0.009105
-0.008539
-0.011091
-0.014375
-0.016159
-0.016799
-0.015773
-0.013724
-0.012052
-0.011152
-0.010866
-0.009731
-0.006015
-0.001233
0.004118
0.009938
0.015256
0.018638
0.019353
0.018470
0.016331
0.011595
0.004815
-0.000979
-0.005441
-0.006115
-0.003421
0.001124
0.005595
0.007946
0.007641
0.007638
0.008429
0.007726
0.005061
0.002055
-0.001496
-0.005590
-0.008738
-0.012253
-0.016055
-0.018651
-0.019261
-0.018635
-0.016067
-0.009524
-0.001095
0.005568
0.009488
0.011044
0.010249
0.007502
0.005682
0.003768
0.001888
-0.000098
-0.002100
-0.003366
-0.005053
-0.007044
-0.007523
-0.006481
-0.003682
0.000698
0.003290
0.003659
0.003117
0.002086
0.000732
-0.000281
-0.001005
-0.000267
0.000819
-0.000052
-0.002936
-0.006848
-0.010669
-0.013559
-0.014878
-0.015024
-0.012626
-0.008647
-0.003838
0.002549
0.009382
0.014138
0.017269
0.018937
0.018715
0.016888
0.014063
0.010777
0.008269
0.007488
0.008519
0.009286
0.008779
0.006924
0.003741
0.001947
0.002642
0.004881
0.005654
0.005591
0.007663
0.011586
0.015191
0.018429
0.021341
0.022017
0.021132
0.021048
0.021351
0.020149
0.016105
0.009274
0.001139
-0.006866
-0.011583
-0.013134
-0.013546
-0.014087
-0.015031
-0.015712
-0.016073
-0.016021
-0.015301
-0.015110
-0.015133
-0.015115
-0.015245
-0.017091
-0.020494
-0.023788
-0.025003
-0.023667
-0.020312
-0.016550
-0.012660
-0.009683
-0.009211
-0.009153
-0.009423
-0.011299
-0.012086
-0.011635
-0.010468
-0.008600
-0.006525
-0.003111
0.000042
0.001162
0.002989
0.005606
0.008003
0.011481
0.014692
0.018011
0.021378
0.022210
0.020107
0.016942
0.013102
0.009516
0.006717
0.003970
0.002396
0.002886
0.004492
0.006032
0.008333
0.011532
0.013937
0.015307
0.015412
0.013945
0.012561
0.011033
0.008637
0.007454
0.006747
0.006844
0.007930
0.007197
0.005161
0.003845
0.003468
0.004629
0.005411
0.004646
0.002920
0.000857
-0.001354
-0.004294
-0.006305
-0.006370
-0.006814
-0.006202
-0.004815
-0.005627
-0.006702
-0.008411
-0.009501
-0.009012
-0.007694
-0.005463
-0.002578
0.000407
0.001317
0.000236
-0.001060
-0.002772
-0.004798
-0.006149
-0.005691
-0.004698
-0.004062
-0.003551
-0.003554
-0.004458
-0.006145
-0.007056
-0.007651
-0.007731
-0.009447
-0.012555
-0.013821
-0.014976
-0.015993
-0.014316
-0.010332
-0.005758
-0.000036
0.005787
0.011560
0.014913
0.014775
0.012680
0.008390
0.003067
-0.001042
-0.003179
-0.004160
-0.002623
0.000760
0.003949
0.007864
0.012144
0.016234
0.020234
0.022403
0.023283
0.024009
0.022822
0.018904
0.014467
0.009994
0.005048
0.000631
-0.001884
-0.003337
-0.003349
-0.002592
-0.000365
0.003178
0.006557
0.009308
0.010836
0.011126
0.009224
0.003307
-0.003689
-0.010189
-0.015175
-0.017756
-0.017606
-0.016466
-0.015843
-0.015985
-0.015956
-0.014078
-0.012776
-0.011769
-0.011160
-0.011336
-0.010625
-0.009760
-0.010019
-0.009174
-0.007958
-0.006117
-0.003966
-0.002128
0.002191
0.005229
0.007122
0.008712
0.010382
0.011637
0.012193
0.012598
0.011889
0.010681
0.009482
0.006898
0.004109
0.001850
-0.000976
-0.003571
-0.004636
-0.003696
-0.001031
0.003388
0.007844
0.011069
0.012923
0.012666
0.011999
0.010751
0.008744
0.007008
0.004360
0.001232
-0.001294
-0.002936
-0.003107
-0.002803
-0.001546
0.000395
0.000784
0.001078
0.001529
0.001215
0.000159
-0.001518
-0.003279
-0.003478
-0.002001
-0.000444
-0.000075
0.000110
0.000849
0.001075
0.000548
-0.001467
-0.005313
-0.009180
-0.011207
-0.011217
-0.009460
-0.008129
-0.005578
-0.001269
0.002725
0.005125
0.005071
0.003615
0.001772
-0.001022
-0.003187
-0.004411
-0.005290
-0.004051
-0.002703
-0.001861
-0.000422
0.002477
0.005640
0.007305
0.008463
0.008705
0.007363
0.004768
0.003115
0.002267
0.000431
-0.001582
-0.003152
-0.004386
-0.005313
-0.005723
-0.005643
-0.004353
-0.001520
0.001212
0.002222
0.001544
0.000877
0.001237
0.001329
0.002101
0.002646
0.000782
0.000212
0.000596
-0.001254
-0.001983
-0.000902
-0.000198
-0.000033
0.000518
0.001997
0.003858
0.004876
0.004559
0.004823
0.006088
0.006376
0.005744
0.005727
0.006022
0.006617
0.006201
0.005114
0.006507
0.008045
0.009741
0.011411
0.011931
0.011908
0.011974
0.011730
0.011873
0.010697
0.006545
0.002185
-0.002121
-0.004267
-0.004794
-0.003676
-0.002557
-0.003433
-0.004508
-0.004795
-0.005726
-0.007358
-0.007501
-0.007026
-0.006535
-0.006436
-0.005726
-0.004254
-0.003879
-0.003926
-0.003954
-0.005030
-0.006179
-0.007136
-0.008150
-0.008677
-0.008162
-0.008024
-0.007640
-0.005568
-0.004390
-0.004737
-0.005616
-0.006275
-0.006614
-0.005626
-0.004218
-0.005171
-0.006367
-0.008188
-0.009849
-0.008909
-0.008124
-0.008394
-0.008092
-0.007844
-0.006665
-0.004254
-0.001978
-0.000921
0.000324
0.000339
0.001199
0.003207
0.004650
0.006113
0.007737
0.008678
0.010108
0.011614
0.012504
0.013179
0.014050
0.014938
0.016228
0.019754
0.023116
0.024772
0.026260
0.025465
0.023970
0.024057
0.024275
0.024043
0.023095
0.021247
0.016987
0.011692
0.007369
0.005065
0.004917
0.005125
0.005808
0.005147
0.004453
0.004018
0.000373
-0.005085
-0.010078
-0.013673
-0.017221
-0.021060
-0.022361
-0.023245
-0.023795
-0.024840
-0.024915
-0.024105
-0.023453
-0.023440
-0.023006
-0.023091
-0.023830
-0.021815
-0.018975
-0.016598
-0.014881
-0.014254
-0.012610
-0.009196
-0.007104
-0.005095
-0.003451
-0.002896
-0.001192
0.001727
0.004531
0.006080
0.008415
0.009856
0.011142
0.013344
0.014361
0.014955
0.016395
0.017116
0.015992
0.015598
0.015378
0.014359
0.013814
0.013505
0.012974
0.011132
0.009425
0.009127
0.009437
0.009258
0.007480
0.004418
0.002007
0.000181
-0.001073
-0.001746
-0.002418
-0.003000
-0.003774
-0.004664
-0.005049
-0.004047
-0.002840
-0.002865
-0.002066
-0.001686
-0.002687
-0.002660
-0.001481
-0.000434
0.000284
0.000345
-0.000504
-0.000588
0.000815
0.001297
0.001086
0.000800
0.000159
0.000106
-0.000339
-0.002632
-0.004666
-0.005801
-0.006007
-0.005642
-0.004577
-0.004467
-0.005753
-0.005724
-0.005007
-0.004832
-0.004908
-0.004580
-0.003576
-0.002103
-0.001421
-0.000892
0.000404
0.002772
0.005681
0.006855
0.006870
0.007118
0.008873
0.011191
0.012711
0.012984
0.012768
0.012533
0.011815
0.010590
0.009779
0.008907
0.006223
0.003560
0.001479
-0.000479
-0.001570
-0.002788
-0.003086
-0.002284
-0.002207
-0.001485
-0.000562
-0.000912
-0.001934
-0.003471
-0.004134
-0.004306
-0.004245
-0.004062
-0.004390
-0.005412
-0.006339
-0.007324
-0.008324
-0.010175
-0.012715
-0.013658
-0.015037
-0.015732
-0.015678
-0.014758
-0.011196
-0.007321
-0.004977
-0.002098
0.000995
0.002846
0.004758
0.005710
0.005278
0.005255
0.006273
0.006000
0.004321
0.003551
0.002977
0.002601
0.002817
0.003724
0.004589
0.005991
0.008584
0.010161
0.009971
0.009981
0.009985
0.009878
0.010036
0.009644
0.008946
0.007996
0.007353
0.006623
0.005867
0.005857
0.005806
0.005603
0.006390
0.006939
0.006765
0.005398
0.003584
0.002951
0.003740
0.004268
0.002909
0.000125
-0.003282
-0.005056
-0.004079
-0.003589
-0.003668
-0.004203
-0.004937
-0.005526
-0.006308
-0.006475
-0.006855
-0.005830
-0.004509
-0.004761
-0.005930
-0.007071
-0.007635
-0.007396
-0.006822
-0.006514
-0.006827
-0.007283
-0.006676
-0.004315
-0.001608
-0.000563
-0.001459
-0.001713
-0.000686
0.001283
0.002175
0.002642
0.003583
0.003047
0.002630
0.002766
0.003481
0.004193
0.004181
0.004809
0.005195
0.004829
0.003942
0.003521
0.002861
0.002292
0.002473
0.002638
0.002535
0.003446
0.003889
0.003175
0.002108
0.002562
0.002677
0.002134
0.002127
0.001392
0.000695
0.000399
0.000962
0.000856
-0.000519
-0.002804
-0.003257
-0.002535
-0.001824
-0.002170
-0.002339
-0.001861
-0.002108
-0.001347
-0.000512
-0.001077
-0.000584
-0.001528
-0.003468
-0.003964
-0.003650
-0.003249
-0.002157
-0.001300
-0.001210
-0.000455
0.000590
0.001705
0.002701
0.002758
0.003013
0.003285
0.002373
0.000821
0.000152
0.000670
0.000421
0.001092
0.002511
0.003103
0.003613
0.003713
0.003991
0.003498
0.002568
0.000956
-0.000620
-0.000102
0.000572
0.000497
0.000891
0.002787
0.002754
0.003692
0.005485
0.004906
0.004786
0.004288
0.004236
0.004638
0.004127
0.003358
0.002470
0.000413
-0.001540
-0.001089
0.000117
0.000852
0.001218
0.001988
0.002374
0.001862
0.002054
0.002012
0.000763
0.000221
0.000307
-0.000640
-0.002041
-0.002565
-0.002027
-0.001092
-0.001038
-0.000202
0.001500
0.003287
0.004368
0.003217
0.001407
0.000636
0.000135
-0.000609
-0.002170
-0.003648
-0.004596
-0.005196
-0.005242
-0.005898
-0.006234
-0.005870
-0.004896
-0.003180
-0.001624
0.000539
0.002714
0.003804
0.003291
0.001439
0.000083
-0.000016
0.000074
-0.000843
-0.001080
-0.000705
-0.000727
-0.001306
-0.001418
-0.000659
-0.000451
-0.000392
0.000380
0.001961
0.003155
0.004430
0.006102
0.006326
0.006229
0.006782
0.006659
0.006274
0.006058
0.004234
0.001332
0.000336
0.000365
-0.000014
-0.001007
-0.001699
-0.002985
-0.002938
-0.001531
-0.000654
0.000756
0.000947
0.000053
-0.001206
-0.001512
-0.000341
-0.000430
-0.001630
-0.002393
-0.002960
-0.004020
-0.005271
-0.006208
-0.007886
-0.009026
-0.009445
-0.009279
-0.008206
-0.006801
-0.005511
-0.004940
-0.004429
-0.003701
-0.002487
-0.001277
-0.000275
0.000216
0.000578
0.001471
0.003446
0.004952
0.005782
0.007430
0.007975
0.007842
0.008316
0.009217
0.010455
0.010507
0.008661
0.008252
0.009010
0.009339
0.009756
0.010196
0.011049
0.011365
0.010775
0.010649
0.010174
0.008327
0.006640
0.005617
0.004775
0.004477
0.004577
0.004436
0.004178
0.003725
0.002027
0.000353
-0.000718
-0.001776
-0.002665
-0.002939
-0.003196
-0.004977
-0.005621
-0.006067
-0.007355
-0.007025
-0.005217
-0.004789
-0.004823
-0.004955
-0.005762
-0.004814
-0.003592
-0.002866
-0.002204
-0.003019
-0.004601
-0.004776
-0.004997
-0.005216
-0.003844
-0.001650
-0.000806
-0.001316
-0.001865
-0.003619
-0.004656
-0.004290
-0.004771
-0.006703
-0.009838
-0.011191
-0.010991
-0.011483
-0.013492
-0.015191
-0.015024
-0.013988
-0.013090
-0.011993
-0.010033
-0.008131
-0.006506
-0.006185
-0.005791
-0.005446
-0.005533
-0.003702
-0.001674
-0.001675
-0.000613
0.001107
0.002474
0.004969
0.007214
0.008540
0.010764
0.013441
0.015387
0.017796
0.020943
0.022620
0.022732
0.023451
0.024145
0.024450
0.024184
0.022376
0.020742
0.019834
0.019167
0.018926
0.017888
0.016746
0.015154
0.013997
0.013316
0.013255
0.013120
0.011754
0.008762
0.005194
0.001934
0.000076
-0.002656
-0.005415
-0.007301
-0.009948
-0.012163
-0.014130
-0.016369
-0.017829
-0.018420
-0.018209
-0.016758
-0.015144
-0.014533
-0.014702
-0.014318
-0.013933
-0.013268
-0.012020
-0.010908
-0.009754
-0.008782
-0.007772
-0.006248
-0.005359
-0.005490
-0.004959
-0.003394
-0.003797
-0.005269
-0.005379
-0.004987
-0.004344
-0.003034
-0.001820
-0.001573
-0.000761
0.000349
0.001629
0.002628
0.002938
0.003901
0.004260
0.003987
0.004107
0.003823
0.003348
0.001579
-0.000957
-0.000914
0.000555
0.003026
0.006549
0.007772
0.007362
0.006344
0.006306
0.008115
0.010827
0.012182
0.011791
0.011147
0.010786
0.010780
0.010432
0.009929
0.009891
0.009336
0.007565
0.006389
0.004964
0.002502
-0.000063
-0.002934
-0.004610
-0.005699
-0.007048
-0.009198
-0.011713
-0.011837
-0.011394
-0.011309
-0.010989
-0.010661
-0.010720
-0.011883
-0.013018
-0.012644
-0.010728
-0.009292
-0.009806
-0.009764
-0.008651
-0.008719
-0.009678
-0.009935
-0.009012
-0.006829
-0.004580
-0.001831
0.000016
0.000668
0.001890
0.003578
0.006910
0.010998
0.013360
0.014721
0.016300
0.017606
0.017609
0.018102
0.019291
0.018889
0.017932
0.018069
0.017546
0.016818
0.015997
0.014934
0.014961
0.014099
0.013309
0.013822
0.014118
0.013281
0.012397
0.012005
0.011407
0.011348
0.010699
0.008432
0.005728
0.002485
0.000520
-0.001312
-0.004214
-0.006453
-0.009038
-0.011647
-0.013315
-0.015968
-0.018616
-0.019769
-0.020143
-0.020592
-0.022787
-0.025485
-0.026174
-0.025523
-0.023717
-0.023062
-0.023180
-0.022207
-0.021696
-0.021142
-0.018887
-0.016587
-0.015677
-0.014264
-0.013704
-0.013842
-0.013200
-0.012355
-0.011146
-0.009317
-0.006521
-0.004619
-0.003340
-0.000880
0.001515
0.003079
0.006015
0.010243
0.013225
0.016193
0.019573
0.020933
0.021325
0.023313
0.025748
0.025754
0.025272
0.026267
0.026538
0.026440
0.026199
0.025130
0.022651
0.020313
0.018321
0.016205
0.015283
0.016043
0.016318
0.014379
0.012623
0.011310
0.008615
0.004634
0.002190
0.000540
-0.001679
-0.003899
-0.005877
-0.006350
-0.006260
-0.006899
-0.007381
-0.007963
-0.009663
-0.010820
-0.011029
-0.010984
-0.010071
-0.008872
-0.006737
-0.006339
-0.008334
-0.011081
-0.013522
-0.014030
-0.012952
-0.013680
-0.014724
-0.015242
-0.016865
-0.017221
-0.016889
-0.015869
-0.014030
-0.012976
-0.011866
-0.010592
-0.009559
-0.008899
-0.008135
-0.005892
-0.004217
-0.004117
-0.004841
-0.003563
-0.001927
-0.001496
-0.000381
0.000645
0.001566
0.003514
0.005542
0.007708
0.010320
0.011934
0.013538
0.014620
0.015392
0.016123
0.015918
0.015775
0.016013
0.015445
0.014429
0.014159
0.012923
0.012278
0.012125
0.011273
0.012803
0.013547
0.012176
0.011668
0.010815
0.010219
0.009376
0.007876
0.007180
0.006307
0.005534
0.005010
0.004034
0.003555
0.002765
0.001153
-0.000979
-0.004188
-0.006978
-0.008846
-0.011132
-0.013164
-0.014288
-0.015565
-0.016738
-0.018029
-0.019969
-0.022055
-0.024654
-0.025807
-0.024495
-0.022804
-0.021042
-0.019633
-0.019573
-0.019233
-0.017345
-0.014298
-0.010882
-0.006323
-0.001417
0.001775
0.004623
0.007365
0.009561
0.011332
0.012359
0.013398
0.013620
0.014109
0.013993
0.013250
0.013661
0.013202
0.012789
0.013823
0.013681
0.012119
0.010751
0.010799
0.011787
0.012425
0.012418
0.011978
0.011173
0.010335
0.009978
0.009858
0.009454
0.009890
0.009011
0.005708
0.001013
-0.001405
-0.001147
-0.001549
-0.002489
-0.003032
-0.003813
-0.005050
-0.006423
-0.006486
-0.006410
-0.007332
-0.008152
-0.008485
-0.008050
-0.007369
-0.006090
-0.004417
-0.004795
-0.004749
-0.004550
-0.003926
-0.002157
-0.002418
-0.004085
-0.003939
-0.001827
0.000266
0.000190
-0.000293
-0.000669
-0.001167
-0.000849
-0.000168
0.000121
-0.000397
-0.001480
-0.002461
-0.002805
-0.002330
-0.002154
-0.002653
-0.004550
-0.005864
-0.004920
-0.003492
-0.002450
-0.001281
-0.001486
-0.003411
-0.004560
-0.004203
-0.003231
-0.002589
-0.001772
-0.000800
0.000022
0.001083
0.001179
0.001275
0.003096
0.005579
0.007761
0.007886
0.007927
0.008433
0.008065
0.006926
0.005885
0.005623
0.004742
0.003937
0.003311
0.002394
0.001156
-0.000797
-0.001938
-0.002056
-0.002130
-0.002556
-0.003898
-0.005608
-0.006046
-0.005081
-0.003391
-0.001703
-0.000247
0.000669
0.001547
0.002979
0.003339
0.003180
0.003818
0.004277
0.005192
0.007433
0.009498
0.009827
0.010137
0.011825
0.013269
0.013970
0.014870
0.014899
0.013740
0.012907
0.011831
0.009973
0.008255
0.006847
0.005017
0.003105
0.001727
0.000185
-0.000797
-0.001571
-0.003369
-0.005655
-0.006745
-0.007200
-0.009115
-0.011629
-0.012876
-0.013049
-0.012749
-0.011662
-0.011140
-0.011487
-0.011849
-0.012194
-0.012499
-0.011223
-0.009447
-0.008059
-0.006390
-0.005254
-0.004617
-0.003785
-0.002425
-0.001940
-0.003270
-0.004082
-0.003786
-0.002480
-0.000626
0.001538
0.002410
0.002742
0.003728
0.004048
0.004946
0.005510
0.005652
0.006178
0.005958
0.005677
0.005704
0.004319
0.002135
0.001034
0.000784
0.001238
0.001650
0.000918
0.000119
0.000121
-0.000198
-0.000766
-0.002323
-0.003137
-0.002920
-0.001996
-0.000643
-0.000313
-0.000888
-0.001196
-0.001043
-0.001210
-0.001144
-0.000197
0.000920
0.002477
0.004058
0.005039
0.005545
0.004941
0.004391
0.003758
0.003679
0.003634
0.004146
0.004475
0.003570
0.004266
0.004691
0.004354
0.004330
0.003942
0.003589
0.003798
0.003696
0.003763
0.003532
0.002666
0.001488
-0.000301
-0.001205
-0.000375
-0.000018
-0.000336
-0.001654
-0.002931
-0.002348
-0.000792
0.001250
0.003340
0.005057
0.006598
0.006880
0.006350
0.006179
0.006761
0.007167
0.006773
0.005384
0.003074
0.001936
0.000920
-0.001817
-0.004324
-0.004966
-0.005645
-0.006168
-0.007127
-0.008164
-0.008116
-0.007517
-0.007455
-0.007894
-0.008968
-0.009391
-0.008894
-0.008102
-0.007681
-0.007498
-0.007133
-0.006843
-0.007244
-0.007106
-0.005642
-0.003376
-0.001239
-0.000189
0.000465
0.000856
-0.000098
-0.000680
-0.000614
-0.000608
0.000464
0.000162
-0.000759
-0.000542
-0.000117
0.000110
0.000681
-0.000039
-0.001664
-0.001975
-0.000966
0.001171
0.002333
0.001511
0.000547
-0.000516
-0.001294
-0.000385
0.002458
0.005376
0.004773
0.002442
0.001776
0.002331
0.003614
0.005837
0.006794
0.008031
0.010394
0.010328
0.009501
0.009522
0.009226
0.008309
0.007295
0.007658
0.008823
0.008051
0.006022
0.005062
0.004988
0.005067
0.005342
0.004658
0.003697
0.003714
0.003296
0.002965
0.003980
0.005213
0.005285
0.004845
0.003374
0.001504
0.001049
0.001183
0.000307
-0.001022
-0.002329
-0.004467
-0.006656
-0.008336
-0.008820
-0.009279
-0.009187
-0.008955
-0.009583
-0.009877
-0.009204
-0.007139
-0.006195
-0.005459
-0.004575
-0.003557
-0.001907
-0.001671
-0.002507
-0.002596
-0.003491
-0.005317
-0.005569
-0.006044
-0.006584
-0.006401
-0.006707
-0.006994
-0.006806
-0.005155
-0.003768
-0.003637
-0.002402
-0.001976
-0.002141
-0.001529
-0.000681
0.001031
0.002878
0.003523
0.002779
0.002560
0.003283
0.003322
0.004235
0.005605
0.005380
0.005548
0.006119
0.006647
0.007479
0.007597
0.007681
0.006832
0.006607
0.006893
0.007318
0.008542
0.008829
0.008642
0.009427
0.010250
0.010912
0.011998
0.011049
0.009548
0.009391
0.008907
0.008116
0.007923
0.007260
0.006177
0.005683
0.003797
0.001568
-0.000411
-0.002789
-0.004396
-0.006530
-0.008215
-0.009640
-0.011975
-0.014425
-0.015289
-0.014428
-0.014416
-0.014788
-0.015487
-0.016290
-0.016422
-0.015172
-0.013358
-0.012650
-0.011072
-0.009732
-0.010018
-0.009763
-0.007511
-0.004692
-0.002005
-0.000259
0.000701
0.001997
0.003095
0.003416
0.004536
0.006278
0.006804
0.006373
0.004846
0.003616
0.002783
0.002603
0.003476
0.003072
0.002695
0.002274
0.001234
0.000805
0.001448
0.004852
0.007457
0.008695
0.009863
0.010383
0.011364
0.013475
0.014034
0.013276
0.014374
0.015530
0.015484
0.015814
0.017174
0.017220
0.016396
0.016124
0.015646
0.015067
0.015049
0.014885
0.014076
0.011786
0.009734
0.008349
0.006756
0.005178
0.003629
0.002718
0.000427
-0.002504
-0.005510
-0.008817
-0.012016
-0.015120
-0.018165
-0.022035
-0.025038
-0.027403
-0.029954
-0.030372
-0.030947
-0.032677
-0.033601
-0.033624
-0.033429
-0.032894
-0.032435
-0.031766
-0.029653
-0.026403
-0.024025
-0.021749
-0.018715
-0.016411
-0.013434
-0.008377
-0.003689
-0.000899
0.001469
0.004697
0.007278
0.009051
0.011458
0.014882
0.019210
0.023430
0.025955
0.026640
0.027421
0.028612
0.030511
0.032170
0.031566
0.030659
0.031222
0.032089
0.032965
0.033023
0.031174
0.028385
0.025229
0.022338
0.019593
0.017788
0.015754
0.013543
0.013225
0.011213
0.008449
0.006578
0.003649
0.000871
-0.000236
-0.001124
-0.002038
-0.003278
-0.004586
-0.005482
-0.007203
-0.008986
-0.009682
-0.011848
-0.014594
-0.015637
-0.016908
-0.018409
-0.020128
-0.021282
-0.021748
-0.022425
-0.022899
-0.023096
-0.024026
-0.025066
-0.025164
-0.024026
-0.020703
-0.017474
-0.016189
-0.015320
-0.014208
-0.014018
-0.013253
-0.010976
-0.008672
-0.006266
-0.003886
-0.001641
-0.000015
0.001391
0.003311
0.005454
0.007849
0.009232
0.010771
0.013201
0.014119
0.014134
0.013959
0.014267
0.015244
0.016655
0.017288
0.016024
0.014257
0.014258
0.013599
0.012017
0.011343
0.010903
0.008975
0.006356
0.004337
0.004222
0.004534
0.004344
0.003091
0.002749
0.003522
0.003705
0.003096
0.001292
-0.000614
-0.002037
-0.001877
-0.001329
-0.002505
-0.004917
-0.006141
-0.007588
-0.010151
-0.010808
-0.010395
-0.009567
-0.008192
-0.007467
-0.007667
-0.007972
-0.007615
-0.006965
-0.004880
-0.001956
-0.001263
-0.000844
0.000268
0.000852
0.002037
0.003663
0.004365
0.003729
0.003196
0.003445
0.003401
0.003495
0.004093
0.004232
0.003705
0.002927
0.002110
0.002817
0.003332
0.002421
0.002376
0.002571
0.002372
0.002193
0.001349
0.001031
0.000764
0.000987
0.000919
-0.000765
-0.000846
-0.000160
0.000267
-0.000135
-0.001331
-0.000805
-0.000372
-0.000844
-0.000740
0.000609
0.003027
0.003881
0.003997
0.004961
0.005679
0.005040
0.003281
0.002966
0.003364
0.002839
0.002163
0.001931
0.001517
0.000110
-0.000471
-0.001076
-0.001773
-0.002643
-0.004557
-0.005365
-0.005848
-0.008157
-0.009977
-0.011050
-0.012631
-0.012771
-0.011234
-0.009827
-0.007885
-0.005949
-0.005994
-0.006948
-0.007136
-0.005915
-0.004038
-0.002737
-0.001191
0.000203
0.000670
0.002396
0.005067
0.005889
0.006314
0.006676
0.005742
0.005119
0.005386
0.005721
0.005540
0.006182
0.006732
0.005861
0.005403
0.005398
0.006669
0.008727
0.009540
0.009541
0.009951
0.010789
0.011354
0.011302
0.011412
0.011344
0.009953
0.008505
0.007213
0.005913
0.005580
0.006010
0.004973
0.001794
-0.000586
-0.000879
-0.000552
-0.001480
-0.003270
-0.004454
-0.005012
-0.005913
-0.007215
-0.008254
-0.009291
-0.008334
-0.007208
-0.006519
-0.005925
-0.006273
-0.006559
-0.006307
-0.005352
-0.003969
-0.002092
-0.001206
-0.001858
-0.002750
-0.003406
-0.004946
-0.005763
-0.006088
-0.006796
-0.006740
-0.007612
-0.008763
-0.009131
-0.010066
-0.010601
-0.012223
-0.014874
-0.015775
-0.015538
-0.014161
-0.011916
-0.011440
-0.011271
-0.010915
-0.008807
-0.006171
-0.004197
-0.001826
0.001372
0.004442
0.006499
0.008437
0.009988
0.011902
0.015101
0.017865
0.019576
0.020535
0.020397
0.020277
0.021323
0.022426
0.022749
0.023141
0.023374
0.022040
0.019087
0.016143
0.013335
0.010567
0.009179
0.007803
0.007117
0.006379
0.004225
0.001438
-0.000725
-0.001240
-0.001975
-0.002697
-0.003713
-0.005827
-0.008163
-0.008815
-0.008277
-0.008370
-0.009111
-0.009163
-0.008478
-0.007273
-0.006615
-0.006252
-0.005218
-0.005220
-0.005458
-0.005311
-0.005278
-0.005078
-0.005174
-0.005674
-0.005164
-0.004685
-0.004275
-0.003979
-0.004402
-0.004816
-0.004969
-0.004862
-0.005550
-0.006904
-0.007078
-0.007274
-0.008154
-0.008465
-0.008500
-0.008090
-0.006916
-0.006530
-0.006127
-0.006218
-0.005660
-0.004774
-0.003937
-0.002757
-0.001837
-0.000943
0.000745
0.002400
0.002983
0.003648
0.004155
0.003510
0.003817
0.004745
0.004098
0.004270
0.005986
0.007084
0.007825
0.008405
0.009121
0.009652
0.010040
0.010691
0.011706
0.012926
0.013984
0.015175
0.014520
0.012454
0.011185
0.009951
0.009172
0.008102
0.007080
0.005648
0.003157
0.002059
0.001442
0.000063
-0.001205
-0.002797
-0.005336
-0.006532
-0.006024
-0.005444
-0.005592
-0.005143
-0.005701
-0.006814
-0.006610
-0.006343
-0.005675
-0.006148
-0.008305
-0.009863
-0.010858
-0.010799
-0.010700
-0.010765
-0.011242
-0.011498
-0.009597
-0.008853
-0.008965
-0.008500
-0.008560
-0.008240
-0.006473
-0.004162
-0.002099
-0.001067
-0.000141
0.001145
0.002682
0.005035
0.007422
0.009351
0.011017
0.011176
0.011352
0.012831
0.014328
0.015565
0.016036
0.017555
0.018673
0.018177
0.017359
0.016323
0.015313
0.014879
0.013875
0.012237
0.009554
0.006339
0.004553
0.003319
0.001628
-0.000146
-0.003195
-0.003815
-0.004928
-0.002339
-0.003233
-0.009688
-0.008605
-0.009746
-0.010065
-0.010616
-0.012742
-0.013508
-0.011368
-0.010641
-0.012039
-0.013679
-0.014341
-0.014321
-0.014050
-0.012388
-0.010865
-0.008986
-0.007586
-0.007392
-0.007166
-0.006017
-0.005065
-0.002977
-0.000778
-0.000343
-0.000000
0.001308
0.002587
0.003292
0.003647
0.002537
0.001639
0.003160
0.004590
0.005498
0.005414
0.005273
0.006197
0.006777
0.006663
0.005699
0.004909
0.004738
0.004473
0.004620
0.004979
0.005587
0.006295
0.006469
0.007639
0.008384
0.006735
0.005854
0.007404
0.008682
0.008297
0.008570
0.009463
0.009072
0.008744
0.008950
0.008508
0.006940
0.006022
0.006056
0.006356
0.007393
0.008513
0.008319
0.006395
0.003775
0.001367
0.000820
0.000907
0.001417
0.002467
0.001457
-0.000905
-0.002736
-0.004969
-0.006635
-0.008106
-0.009817
-0.011672
-0.012776
-0.012492
-0.012475
-0.013030
-0.014172
-0.016283
-0.017888
-0.018099
-0.018556
-0.019100
-0.017950
-0.017129
-0.017476
-0.017243
-0.017640
-0.016589
-0.013994
-0.011617
-0.008960
-0.006905
-0.005432
-0.003404
-0.002290
0.000373
0.005026
0.008281
0.010461
0.012499
0.013913
0.015156
0.016185
0.016186
0.015587
0.015283
0.016209
0.016551
0.016211
0.015090
0.013954
0.014080
0.013844
0.012284
0.009771
0.007999
0.007664
0.008806
0.010054
0.009154
0.007309
0.004680
0.002120
0.001483
0.002401
0.003482
0.003093
0.001130
-0.000569
-0.000880
-0.000829
-0.000111
0.000357
0.000316
0.000546
0.000828
0.000767
0.000518
-0.001027
-0.001860
-0.001730
-0.001544
-0.000689
-0.000429
-0.000231
-0.000363
-0.001427
-0.001675
-0.001559
-0.001148
-0.000025
-0.000974
-0.002264
-0.002660
-0.003354
-0.003330
-0.004510
-0.006671
-0.007582
-0.008273
-0.008228
-0.008165
-0.009536
-0.010258
-0.008588
-0.007055
-0.007048
-0.007856
-0.007996
-0.006537
-0.005148
-0.004549
-0.004350
-0.004096
-0.003916
-0.002749
-0.001117
-0.000016
0.000511
0.001051
0.001853
0.002250
0.002907
0.003040
0.001889
0.001288
0.001317
0.002352
0.004763
0.006285
0.007237
0.007779
0.006621
0.004791
0.002890
0.002319
0.003087
0.003372
0.002664
0.001432
0.000024
-0.001162
-0.001059
-0.001049
-0.001595
-0.001827
-0.001917
-0.003409
-0.003660
-0.002472
-0.001430
-0.000277
0.000756
0.002224
0.004441
0.006051
0.006336
0.006973
0.007643
0.007596
0.006901
0.006830
0.007743
0.008685
0.008617
0.007017
0.002566
-0.000839
0.004358
0.007840
0.006269
0.005662
0.004206
0.002783
0.001736
0.001843
0.001620
0.001555
0.001289
0.000591
-0.000510
-0.001602
-0.001915
-0.002538
-0.003307
-0.003909
-0.004617
-0.005286
-0.005386
-0.004623
-0.004113
-0.003800
-0.003564
-0.004490
-0.005399
-0.005025
-0.004023
-0.003212
-0.002027
-0.000287
0.000054
-0.000445
-0.000645
-0.000605
-0.000383
-0.000773
-0.000906
-0.000681
-0.000155
0.000495
-0.000075
-0.001187
-0.002140
-0.002453
-0.002310
-0.002826
-0.003798
-0.005079
-0.006249
-0.008156
-0.009607
-0.009613
-0.009050
-0.009917
-0.011421
-0.012291
-0.012689
-0.011728
-0.011113
-0.010506
-0.010099
-0.009930
-0.008311
-0.006735
-0.004794
-0.003153
-0.002333
-0.000758
0.001827
0.004353
0.006996
0.008311
0.008887
0.010573
0.011750
0.012445
0.013838
0.015282
0.015999
0.016273
0.016287
0.017267
0.018080
0.018688
0.020181
0.021521
0.022088
0.021547
0.020446
0.019359
0.019099
0.019159
0.016617
0.013398
0.010065
0.006432
0.004800
0.004282
0.003428
0.001965
-0.001437
-0.003772
-0.005197
-0.006823
-0.009149
-0.011107
-0.011495
-0.011658
-0.010195
-0.009171
-0.009319
-0.011152
-0.014072
-0.015140
-0.013972
-0.012979
-0.012835
-0.012803
-0.012913
-0.013931
-0.015554
-0.015577
-0.014208
-0.013537
-0.013076
-0.012074
-0.010280
-0.007744
-0.004719
-0.003960
-0.004266
-0.004385
-0.004649
-0.004342
-0.003507
-0.002251
-0.002063
-0.002577
-0.003080
-0.004602
-0.006054
-0.006236
-0.005751
-0.006314
-0.006194
-0.004533
-0.002877
-0.001260
-0.000351
0.000863
0.002954
0.004802
0.005941
0.007514
0.009117
0.010323
0.011740
0.012030
0.011656
0.012044
0.012612
0.012945
0.014161
0.015098
0.015353
0.015592
0.015016
0.013664
0.013047
0.012568
0.011544
0.010389
0.010160
0.010421
0.010707
0.010153
0.009028
0.007289
0.004746
0.002961
0.003040
0.003151
0.002947
0.001575
-0.000099
-0.001006
-0.001800
-0.001468
-0.000620
-0.001371
-0.002704
-0.004451
-0.006776
-0.007982
-0.007744
-0.007206
-0.006850
-0.006443
-0.007045
-0.007985
-0.007726
-0.005748
-0.003257
-0.002350
-0.002518
-0.002853
-0.002980
-0.002898
-0.003223
-0.003813
-0.005379
-0.006774
-0.007199
-0.008160
-0.009369
-0.010678
-0.011022
-0.011387
-0.011796
-0.012031
-0.012366
-0.012043
-0.010960
-0.009819
-0.008217
-0.005876
-0.004847
-0.004007
-0.002743
-0.000564
0.002516
0.005788
0.008092
0.009396
0.010227
0.010856
0.011854
0.011943
0.010518
0.008685
0.008386
0.008471
0.007290
0.006188
0.005054
0.003556
0.002735
0.002620
0.001815
0.001208
0.000793
-0.000324
-0.000674
-0.001738
-0.003166
-0.003883
-0.003982
-0.004203
-0.004901
-0.006003
-0.006294
-0.006267
-0.005473
-0.003288
-0.002650
-0.001893
-0.000458
0.001068
0.003496
0.004970
0.005801
0.006844
0.007774
0.008780
0.008061
0.005489
0.004823
0.004816
0.003988
0.003897
0.002466
0.000810
0.000298
0.000250
0.000712
0.000606
0.000973
0.000837
0.001462
0.002886
0.003961
0.004787
0.004863
0.005262
0.006264
0.007144
0.008438
0.009304
0.009060
0.007640
0.005035
0.002656
0.001804
0.001459
0.001232
0.002198
0.003068
0.003201
0.003561
0.003491
0.002945
0.003480
0.004927
0.004725
0.003866
0.003402
0.001833
0.000326
-0.000551
-0.001981
-0.005275
-0.006881
-0.006857
-0.008076
-0.009490
-0.010502
-0.011501
-0.012193
-0.012667
-0.012870
-0.013219
-0.013516
-0.013124
-0.012852
-0.013033
-0.012783
-0.012224
-0.012893
-0.014247
-0.014341
-0.013377
-0.010586
-0.007329
-0.006400
-0.006507
-0.004041
0.000071
0.002581
0.004835
0.005841
0.005387
0.005615
0.007910
0.010391
0.011122
0.012116
0.013865
0.013822
0.012243
0.010133
0.009397
0.009713
0.009365
0.008836
0.007120
0.004482
0.003128
0.002900
0.003193
0.002806
0.001075
0.000187
-0.000203
-0.000748
-0.001902
-0.002487
-0.002172
-0.003908
-0.005128
-0.004020
-0.004008
-0.004175
-0.003361
-0.002996
-0.002693
-0.002515
-0.002133
-0.001375
-0.001069
-0.000526
0.000568
0.002535
0.004105
0.004788
0.005290
0.005430
0.005855
0.006463
0.006461
0.007156
0.007668
0.008071
0.009343
0.010377
0.010616
0.010898
0.010658
0.012029
0.012858
0.012364
0.012530
0.012354
0.011487
0.010949
0.010903
0.010463
0.009008
0.007048
0.005209
0.003496
0.002141
0.000694
0.000123
-0.000858
-0.003273
-0.005799
-0.008132
-0.009746
-0.010392
-0.011656
-0.012951
-0.013953
-0.014385
-0.015551
-0.016408
-0.017171
-0.018872
-0.019304
-0.018879
-0.017409
-0.016667
-0.016834
-0.016405
-0.015264
-0.013901
-0.012654
-0.011498
-0.010869
-0.010932
-0.009726
-0.008883
-0.007309
-0.004391
-0.002588
-0.002043
-0.000535
-0.000420
0.000094
0.001285
0.002446
0.003491
0.003433
0.003359
0.004329
0.004915
0.005942
0.006686
0.007144
0.007590
0.007644
0.008618
0.010022
0.011114
0.012486
0.013572
0.014024
0.013923
0.014508
0.015774
0.016968
0.018055
0.018775
0.018248
0.017434
0.015615
0.014976
0.016241
0.016193
0.015562
0.014513
0.012492
0.010880
0.009344
0.008586
0.008419
0.007695
0.006554
0.004621
0.000719
-0.003127
-0.004852
-0.004550
-0.004464
-0.005972
-0.007491
-0.010253
-0.013433
-0.014463
-0.013610
-0.012392
-0.013248
-0.014461
-0.015443
-0.016830
-0.017146
-0.016308
-0.015820
-0.015440
-0.015090
-0.014791
-0.015149
-0.015762
-0.015408
-0.013968
-0.012249
-0.009868
-0.008679
-0.007344
-0.006069
-0.005319
-0.003029
-0.000655
0.001560
0.002825
0.003360
0.004327
0.004609
0.005618
0.007667
0.009101
0.011054
0.012744
0.012363
0.012085
0.013200
0.014644
0.014842
0.013242
0.011847
0.010818
0.009607
0.009408
0.009109
0.008810
0.008294
0.007516
0.006481
0.003538
0.001640
0.001620
0.001823
0.001667
0.001067
0.001453
0.002390
0.002440
0.001666
0.001105
0.001897
0.001998
0.000638
-0.000750
-0.000558
0.000226
-0.000040
0.000240
0.000256
-0.000346
-0.001220
-0.002187
-0.002740
-0.003029
-0.003531
-0.005098
-0.006022
-0.005560
-0.005547
-0.006770
-0.008154
-0.008094
-0.007724
-0.008156
-0.009101
-0.010203
-0.010403
-0.009206
-0.008613
-0.008627
-0.007336
-0.005748
-0.004478
-0.004027
-0.003300
-0.002564
-0.001414
0.000194
0.001290
0.002925
0.004612
0.006451
0.007507
0.008090
0.010215
0.011810
0.012983
0.013610
0.013573
0.013150
0.013042
0.012726
0.012369
0.012189
0.010582
0.010229
0.010183
0.008788
0.008543
0.008424
0.006126
0.003751
0.002490
0.002396
0.002124
0.000848
-0.000104
-0.000518
-0.000623
-0.001386
-0.001497
-0.001200
-0.001109
-0.001602
-0.003165
-0.003661
-0.004061
-0.003824
-0.003035
-0.003775
-0.005126
-0.005693
-0.006632
-0.007296
-0.007225
-0.007604
-0.006950
-0.006200
-0.007162
-0.007775
-0.008289
-0.009561
-0.009737
-0.009985
-0.010373
-0.009372
-0.007603
-0.005586
-0.004892
-0.004994
-0.004684
-0.004428
-0.003410
-0.003669
-0.004633
-0.004156
-0.002410
-0.001066
-0.000296
-0.001045
-0.002012
-0.001550
-0.000192
0.001394
0.002914
0.004199
0.005115
0.006229
0.006484
0.006616
0.007349
0.007775
0.009259
0.011171
0.012293
0.012398
0.011993
0.010662
0.009727
0.009979
0.011196
0.011467
0.011506
0.012108
0.011578
0.010548
0.008789
0.007208
0.006329
0.005613
0.004686
0.003405
0.002736
0.002959
0.002486
-0.000653
-0.003820
-0.005213
-0.006553
-0.007396
-0.007726
-0.009415
-0.010880
-0.011513
-0.012772
-0.013255
-0.012337
-0.011898
-0.011898
-0.010512
-0.009575
-0.009512
-0.007799
-0.006027
-0.002960
0.000675
0.003413
0.004582
0.003927
0.004567
0.005888
0.007916
0.010118
0.010555
0.009990
0.007990
0.006051
0.005020
0.004467
0.004271
0.002815
0.000709
-0.000285
-0.001480
-0.002909
-0.004022
-0.004622
-0.004500
-0.002688
0.000051
0.002289
0.004061
0.005229
0.005789
0.005645
0.005866
0.006004
0.005945
0.006340
0.006464
0.004671
0.002442
0.001730
0.000727
-0.000505
-0.002394
-0.004916
-0.005238
-0.005167
-0.005426
-0.005023
-0.005260
-0.006201
-0.005931
-0.005542
-0.006332
-0.006938
-0.006463
-0.006292
-0.007897
-0.008358
-0.007684
-0.007442
-0.007484
-0.008097
-0.008994
-0.007821
-0.006299
-0.006049
-0.006276
-0.007674
-0.008803
-0.007669
-0.005294
-0.004668
-0.004044
-0.002826
-0.002084
-0.002230
-0.001529
0.000651
0.003231
0.005084
0.007116
0.009474
0.009671
0.010213
0.011115
0.011966
0.013442
0.012929
0.011062
0.009275
0.008702
0.008804
0.008518
0.008048
0.006839
0.005372
0.006201
0.006865
0.006607
0.006777
0.006623
0.006712
0.005827
0.005115
0.005985
0.007192
0.007937
0.008493
0.008264
0.007764
0.008162
0.009369
0.009807
0.009624
0.009055
0.008342
0.008333
0.008396
0.007628
0.007800
0.008264
0.008392
0.008663
0.007451
0.005601
0.004304
0.003060
0.001580
0.000352
-0.001767
-0.004443
-0.008430
-0.013907
-0.016218
-0.016756
-0.017992
-0.019706
-0.021770
-0.023281
-0.024596
-0.026065
-0.026286
-0.026693
-0.027505
-0.027745
-0.027711
-0.027640
-0.026451
-0.025755
-0.025173
-0.022990
-0.020057
-0.016922
-0.014934
-0.013871
-0.012555
-0.011062
-0.008978
-0.005028
-0.001486
0.001476
0.004949
0.007767
0.010753
0.014446
0.016290
0.017449
0.019893
0.022414
0.024491
0.025556
0.027045
0.028567
0.029024
0.030815
0.031957
0.031766
0.031303
0.029814
0.028306
0.027704
0.025774
0.022717
0.020060
0.016918
0.013939
0.011747
0.009731
0.008135
0.006363
0.003255
0.000135
-0.001646
-0.002386
-0.002777
-0.003930
-0.004092
-0.003750
-0.003559
-0.003146
-0.003365
-0.003518
-0.004793
-0.005334
-0.005945
-0.006365
-0.005443
-0.005315
-0.006536
-0.008254
-0.009994
-0.011550
-0.012214
-0.012414
-0.013225
-0.013965
-0.014922
-0.016247
-0.016124
-0.015616
-0.016453
-0.015679
-0.013632
-0.012372
-0.011469
-0.010635
-0.010412
-0.010081
-0.009876
-0.008288
-0.006452
-0.004176
-0.002497
-0.002361
-0.001203
-0.000329
0.001352
0.003041
0.004157
0.005827
0.006926
0.007860
0.008917
0.010481
0.011038
0.011834
0.013793
0.014237
0.013986
0.014079
0.014057
0.014353
0.014421
0.014056
0.013119
0.013252
0.014137
0.012284
0.009249
0.006911
0.004213
0.000969
-0.000718
-0.001179
-0.002989
-0.005171
-0.006401
-0.008544
-0.011338
-0.012608
-0.012638
-0.013165
-0.013658
-0.013526
-0.013510
-0.013977
-0.015342
-0.016057
-0.014830
-0.012429
-0.010622
-0.010730
-0.010439
-0.007868
-0.005848
-0.005629
-0.003869
-0.000755
0.001011
0.003175
0.004691
0.005757
0.007360
0.007235
0.007152
0.008943
0.010981
0.011899
0.011561
0.011998
0.013183
0.013022
0.012768
0.012789
0.013006
0.012209
0.010900
0.010324
0.010042
0.010817
0.011154
0.008915
0.006141
0.005101
0.004453
0.003924
0.002984
0.002052
0.001170
0.001181
0.001162
0.000308
0.001189
0.003377
0.004284
0.003583
0.003116
0.002887
0.003339
0.004026
0.003496
0.004264
0.005179
0.005254
0.004130
0.002954
0.002632
0.001815
0.001844
0.002029
0.000278
-0.002463
-0.003937
-0.004230
-0.003704
-0.004349
-0.006428
-0.008743
-0.010234
-0.010484
-0.010602
-0.011499
-0.013095
-0.014501
-0.016826
-0.019772
-0.021613
-0.022693
-0.023102
-0.022528
-0.021081
-0.019453
-0.018497
-0.017736
-0.016215
-0.014665
-0.012838
-0.009729
-0.006183
-0.001918
0.002700
0.005703
0.007773
0.009077
0.010241
0.011713
0.013332
0.015068
0.016297
0.017706
0.018022
0.018225
0.017739
0.016240
0.016273
0.016897
0.016277
0.014834
0.013414
0.012820
0.011588
0.010009
0.008396
0.005405
0.003060
0.000819
-0.000775
-0.001109
-0.001736
-0.003491
-0.005822
-0.006057
-0.005490
-0.005293
-0.004381
-0.003714
-0.003920
-0.004797
-0.004981
-0.003879
-0.002029
-0.000304
0.000969
0.001886
0.002747
0.003244
0.004682
0.006898
0.009311
0.010730
0.010138
0.009327
0.009578
0.011075
0.012978
0.013654
0.012308
0.009672
0.007668
0.006370
0.004640
0.001998
0.000420
-0.000751
-0.002169
-0.004446
-0.007380
-0.008969
-0.010977
-0.013095
-0.014704
-0.015925
-0.016334
-0.016484
-0.016143
-0.015882
-0.015522
-0.014708
-0.014354
-0.013970
-0.012627
-0.011292
-0.010013
-0.008675
-0.007035
-0.006134
-0.006279
-0.006042
-0.004616
-0.002923
-0.001922
-0.001075
-0.000673
-0.001083
-0.001247
0.000495
0.002599
0.003562
0.005454
0.006441
0.006758
0.008691
0.010136
0.011524
0.012060
0.012420
0.013443
0.013330
0.012181
0.011456
0.011309
0.011627
0.012563
0.013316
0.013623
0.013305
0.012228
0.010692
0.010486
0.010607
0.009665
0.009418
0.010045
0.010949
0.009550
0.006847
0.005702
0.005543
0.004972
0.003546
0.002282
0.000358
-0.002787
-0.004352
-0.005077
-0.006711
-0.007328
-0.007014
-0.008305
-0.009612
-0.010017
-0.009836
-0.009511
-0.008941
-0.010673
-0.012762
-0.012649
-0.010989
-0.009969
-0.010310
-0.010433
-0.011268
-0.011574
-0.011094
-0.009201
-0.005712
-0.004073
-0.003575
-0.002882
-0.001898
-0.001078
-0.000827
-0.001339
-0.000967
-0.000568
0.000166
0.002304
0.003209
0.002582
0.002995
0.004612
0.005575
0.006936
0.008413
0.008804
0.007851
0.006393
0.005985
0.005768
0.005836
0.006859
0.007476
0.007742
0.006318
0.004448
0.005060
0.007074
0.008114
0.007498
0.007722
0.008065
0.007045
0.006311
0.006498
0.006627
0.005890
0.004507
0.003681
0.002439
0.001688
0.000807
-0.000947
-0.003018
-0.004112
-0.004362
-0.003590
-0.002953
-0.004010
-0.006750
-0.008826
-0.010093
-0.011327
-0.011571
-0.010615
-0.009252
-0.008153
-0.007893
-0.008071
-0.008402
-0.008968
-0.009218
-0.007277
-0.003870
-0.002127
-0.001814
-0.000540
0.000703
0.000647
0.000438
-0.000017
0.000142
0.002512
0.005615
0.006935
0.008001
0.008957
0.009203
0.009479
0.009562
0.010520
0.009994
0.008055
0.008691
0.010404
0.011708
0.012258
0.012463
0.011559
0.009724
0.009607
0.009990
0.010294
0.009165
0.006459
0.004882
0.002949
0.001184
0.000535
-0.000409
-0.000790
-0.000952
-0.001229
-0.002001
-0.003250
-0.003446
-0.004611
-0.006592
-0.007706
-0.008499
-0.008798
-0.009017
-0.009040
-0.009060
-0.008525
-0.008599
-0.008957
-0.008381
-0.007816
-0.007648
-0.007786
-0.007421
-0.005634
-0.004467
-0.003684
-0.002309
-0.002282
-0.002589
-0.001510
-0.000441
0.000165
0.000599
0.000041
-0.000936
-0.000321
0.001831
0.003282
0.002293
0.000365
-0.000931
-0.002112
-0.001729
-0.001808
-0.002462
-0.002424
-0.002654
-0.003443
-0.003716
-0.002114
-0.000519
0.000191
0.000636
0.000255
0.000214
0.000733
0.001988
0.004140
0.005481
0.006432
0.007912
0.008119
0.007726
0.008751
0.009374
0.010205
0.011287
0.011274
0.010487
0.008999
0.008292
0.007994
0.008063
0.008116
0.007993
0.008306
0.007924
0.006769
0.006680
0.006648
0.006173
0.005177
0.001861
-0.000320
-0.000380
-0.000004
-0.000492
-0.002303
-0.003237
-0.004703
-0.005869
-0.005736
-0.005484
-0.004500
-0.004532
-0.005708
-0.005872
-0.005837
-0.006175
-0.006809
-0.005866
-0.004489
-0.005201
-0.006273
-0.005797
-0.006014
-0.006256
-0.005354
-0.004276
-0.003005
-0.002448
-0.001632
-0.000945
-0.000087
0.001392
0.001963
0.001734
0.001604
0.001800
0.002080
0.002125
0.001713
0.000606
-0.000552
-0.001258
-0.001349
-0.001296
-0.002145
-0.003104
-0.003943
-0.003860
-0.003765
-0.004153
-0.004014
-0.003100
-0.001773
-0.000977
-0.000276
0.000965
0.001934
0.002181
0.001677
0.001459
0.002002
0.002790
0.004782
0.006491
0.007501
0.008560
0.010781
0.012640
0.013159
0.013377
0.013927
0.014686
0.015040
0.015643
0.015669
0.015114
0.013547
0.010710
0.007943
0.005995
0.004521
0.003409
0.002534
0.000185
-0.001530
-0.002072
-0.003953
-0.005392
-0.005424
-0.006034
-0.007848
-0.008627
-0.008629
-0.007876
-0.007283
-0.008456
-0.010842
-0.012451
-0.012681
-0.011185
-0.009455
-0.008560
-0.008063
-0.007319
-0.006016
-0.005255
-0.004612
-0.004606
-0.004897
-0.003456
-0.002818
-0.003632
-0.005165
-0.006204
-0.005870
-0.004512
-0.002472
-0.000898
-0.000058
-0.000131
0.000573
0.001374
0.001706
0.002475
0.003226
0.004231
0.004949
0.004973
0.003912
0.003649
0.004569
0.003988
0.004011
0.003278
0.002471
0.001770
0.001220
0.000853
0.000799
0.001583
0.001654
0.002114
0.002954
0.003246
0.004157
0.004464
0.004387
0.006076
0.007739
0.008003
0.008429
0.008076
0.007364
0.008196
0.010306
0.011607
0.012701
0.013581
0.012251
0.011450
0.013285
0.014508
0.014491
0.015101
0.015759
0.015507
0.014173
0.012986
0.010723
0.008462
0.006707
0.004271
0.000946
-0.001354
-0.003681
-0.006143
-0.007388
-0.008419
-0.010681
-0.013442
-0.014939
-0.016093
-0.016208
-0.016070
-0.016657
-0.017758
-0.018051
-0.018357
-0.018605
-0.018433
-0.019072
-0.019066
-0.017695
-0.016401
-0.014900
-0.014220
-0.015286
-0.015165
-0.013619
-0.011496
-0.009503
-0.008605
-0.006988
-0.005225
-0.003439
-0.000833
0.002323
0.004670
0.004109
0.003524
0.004297
0.005990
0.006245
0.006340
0.006770
0.006698
0.006739
0.007047
0.006628
0.007133
0.009085
0.010340
0.011105
0.011623
0.012123
0.012244
0.012542
0.012254
0.011846
0.012660
0.013090
0.013584
0.014100
0.014552
0.014749
0.013826
0.012462
0.011505
0.010858
0.011497
0.011615
0.009859
0.008627
0.007738
0.006924
0.006369
0.004877
0.004192
0.003818
0.002168
0.000308
-0.001525
-0.002112
-0.003143
-0.004939
-0.006497
-0.007637
-0.008246
-0.009315
-0.010256
-0.010530
-0.010357
-0.009986
-0.010849
-0.011784
-0.011343
-0.011347
-0.011376
-0.010639
-0.010423
-0.010894
-0.011053
-0.010803
-0.009759
-0.009014
-0.008604
-0.007580
-0.006577
-0.005526
-0.004354
-0.003391
-0.002446
-0.001527
-0.001489
-0.001775
-0.001525
-0.000479
0.001155
0.001830
0.002899
0.005099
0.006119
0.006899
0.006837
0.007214
0.007814
0.007282
0.006886
0.006545
0.007018
0.008090
0.007521
0.006164
0.006080
0.005402
0.004202
0.003448
0.003482
0.003629
0.003171
0.004192
0.004666
0.003660
0.002918
0.002659
0.003980
0.004694
0.003639
0.003610
0.003585
0.002867
0.003280
0.003495
0.002133
0.002095
0.002885
0.003495
0.003479
0.002214
0.000645
-0.000784
-0.001474
-0.002663
-0.005229
-0.006836
-0.006274
-0.004682
-0.004228
-0.004855
-0.006588
-0.009026
-0.010230
-0.010370
-0.009206
-0.008396
-0.008476
-0.008396
-0.008615
-0.008339
-0.008660
-0.008698
-0.006437
-0.004267
-0.002358
-0.000184
0.000308
0.000180
0.001275
0.001884
0.001603
0.002919
0.004312
0.003886
0.002142
0.001001
0.000106
-0.001026
-0.001479
-0.000870
0.000467
0.000920
0.001221
0.001831
0.002976
0.004494
0.005371
0.005072
0.005271
0.006119
0.006234
0.006972
0.009089
0.010597
0.010063
0.009258
0.008836
0.009365
0.009845
0.010340
0.010620
0.011072
0.010815
0.009960
0.010075
0.011220
0.011809
0.010935
0.009299
0.008369
0.007645
0.006548
0.006188
0.004949
0.002782
0.001411
0.000657
0.000081
-0.000955
-0.002474
-0.003216
-0.004499
-0.005002
-0.005602
-0.006569
-0.007006
-0.007268
-0.008434
-0.009669
-0.010321
-0.010260
-0.012030
-0.013907
-0.014299
-0.014627
-0.014808
-0.014337
-0.014710
-0.015097
-0.015110
-0.015345
-0.014380
-0.013245
-0.013219
-0.013371
-0.012345
-0.010588
-0.010068
-0.009640
-0.007706
-0.005491
-0.003693
-0.001352
0.001096
0.003439
0.004964
0.006940
0.009255
0.010889
0.012924
0.014402
0.015107
0.014434
0.013543
0.013510
0.014128
0.014721
0.013384
0.012286
0.012177
0.012290
0.012704
0.012389
0.011727
0.010459
0.009405
0.008849
0.008762
0.009177
0.008278
0.006461
0.005245
0.004386
0.003688
0.003019
0.002269
0.001496
0.000517
0.000758
0.001412
-0.000278
-0.002238
-0.003108
-0.004434
-0.006340
-0.007511
-0.007675
-0.007990
-0.008837
-0.009637
-0.009333
-0.008444
-0.008089
-0.008156
-0.007800
-0.007459
-0.006960
-0.006358
-0.005736
-0.004631
-0.004186
-0.004170
-0.003859
-0.003710
-0.003443
-0.001969
-0.000024
0.000623
0.001580
0.003469
0.004960
0.005070
0.004749
0.005384
0.006525
0.007771
0.008674
0.009305
0.010371
0.011203
0.011190
0.010528
0.008733
0.006027
0.004284
0.002789
0.001629
0.001297
0.000880
0.001315
0.002942
0.004103
0.004879
0.005061
0.005199
0.006686
0.008052
0.008417
0.008798
0.008712
0.007371
0.005524
0.004648
0.003068
0.001390
0.000202
-0.001250
-0.003152
-0.005380
-0.006597
-0.007343
-0.008162
-0.009636
-0.010537
-0.011053
-0.011464
-0.011395
-0.010752
-0.009901
-0.009496
-0.010196
-0.010571
-0.010017
-0.009194
-0.006370
-0.004334
-0.002627
-0.001344
-0.001675
-0.003526
-0.004303
-0.004175
-0.003331
-0.002840
-0.003092
-0.001716
-0.000414
0.000300
-0.000101
-0.000979
-0.001557
-0.002480
-0.002618
-0.002807
-0.002976
-0.002641
-0.001189
0.001198
0.001408
0.000581
0.000469
0.000436
0.001879
0.004718
0.007060
0.009040
0.009622
0.008963
0.008903
0.009576
0.010046
0.010364
0.010729
0.010343
0.009512
0.009565
0.009231
0.008982
0.009174
0.009005
0.009435
0.010798
0.011822
0.011497
0.009907
0.009862
0.010499
0.010501
0.010253
0.008722
0.006620
0.005240
0.004029
0.002304
0.000262
-0.002515
-0.004777
-0.006007
-0.007638
-0.010202
-0.011678
-0.012704
-0.012352
-0.010605
-0.010492
-0.010712
-0.010160
-0.010043
-0.011661
-0.013261
-0.012523
-0.010723
-0.010429
-0.011191
-0.011893
-0.011271
-0.009563
-0.006721
-0.005479
-0.005671
-0.005614
-0.004578
-0.001704
0.002239
0.005123
0.007200
0.007557
0.006865
0.006671
0.007223
0.008314
0.009203
0.009377
0.010268
0.011733
0.011446
0.010425
0.010371
0.011125
0.011194
0.012101
0.012434
0.011087
0.009861
0.007712
0.006090
0.004276
0.002829
0.001824
0.001061
0.000448
-0.000602
-0.002253
-0.004067
-0.005115
-0.006900
-0.009094
-0.008852
-0.007537
-0.007341
-0.006288
-0.006217
-0.007432
-0.007617
-0.007182
-0.007364
-0.006980
-0.006746
-0.006365
-0.005936
-0.006102
-0.006500
-0.006893
-0.006162
-0.004590
-0.003279
-0.002362
-0.001271
-0.001053
-0.001055
-0.000297
-0.000562
-0.000370
0.000070
-0.000257
-0.001029
0.000410
0.001943
0.003206
0.004341
0.004634
0.005129
0.005039
0.005502
0.007139
0.008481
0.009221
0.010765
0.011698
0.011556
0.010938
0.011026
0.011343
0.010728
0.010961
0.011236
0.010568
0.008499
0.005577
0.003983
0.003229
0.002377
0.001643
0.000609
0.000042
