# STATIONID: 212
# STARTTIME: 1123778192.530000
# SAMPLERATE: 100
# NUMSAMPLES: 8268
-0.000475
-0.000421
-0.000402
-0.000231
0.000250
0.000328
0.000293
0.000052
0.000178
0.000315
0.000390
0.000357
0.000518
0.000466
0.000321
0.000278
0.000027
-0.000160
-0.000092
-0.000277
-0.000375
-0.000357
-0.000542
-0.000470
-0.000421
-0.000084
0.000168
0.000313
0.000837
0.000638
0.000588
0.000678
0.000460
0.000276
0.000343
0.000165
0.000294
0.000486
0.000258
-0.000005
-0.000194
-0.000273
-0.000348
-0.000189
-0.000150
0.000122
0.000462
0.000509
0.000218
0.000186
0.000508
0.000575
0.000667
0.000739
0.000541
0.000010
0.000047
0.000356
0.000187
-0.000025
-0.000009
0.000141
0.000657
0.000869
0.000434
0.000074
0.000041
-0.000079
-0.000004
0.000100
0.000155
0.000623
0.000738
0.000810
0.000527
0.000218
0.000408
0.000304
0.000519
0.001007
0.001118
0.000812
0.000665
0.000723
0.001304
0.000443
-0.000075
0.000165
-0.000221
-0.000549
-0.000495
-0.000342
-0.000633
-0.000865
-0.000579
0.000035
-0.000144
-0.000263
-0.000173
-0.000257
-0.000144
0.000233
0.000139
0.000003
0.000367
0.000264
0.000875
0.001409
0.001572
0.001312
0.001261
0.001007
0.001135
0.001169
0.000654
0.000233
-0.000006
0.000086
0.000256
0.000135
-0.000558
-0.000362
-0.000403
-0.000599
-0.000645
-0.000361
0.000177
0.000487
0.000958
0.001081
0.000812
0.001052
0.001179
0.000909
0.000404
0.000157
-0.000242
-0.000167
-0.000114
0.000164
-0.000110
-0.000594
-0.000440
-0.000104
0.000168
-0.000052
0.000218
0.000165
-0.000402
-0.000290
-0.000230
-0.000112
-0.000029
0.000035
-0.000230
-0.000474
-0.000398
-0.000338
-0.000163
0.000120
0.000373
0.000331
0.000167
0.000140
0.000548
0.000926
0.000754
0.000855
0.001066
0.000952
0.000944
0.001257
0.000860
0.000531
0.000482
0.000577
0.000696
0.000299
-0.000008
-0.000081
-0.000609
-0.000918
-0.000732
-0.000836
-0.000522
0.000006
0.000222
0.000489
0.001018
0.001341
0.001237
0.001398
0.001478
0.001343
0.000666
0.000025
-0.000365
-0.000681
-0.001077
-0.000982
-0.000333
-0.000399
-0.000683
-0.000409
0.000260
0.000382
0.000349
0.000462
0.000651
0.001107
0.000889
0.000769
0.000865
0.000901
0.000647
0.000256
-0.000137
-0.000488
-0.000824
-0.000881
-0.001003
-0.000801
-0.000312
-0.000326
-0.000360
-0.000118
0.000494
0.000946
0.001186
0.000874
0.000860
0.001246
0.001135
0.000698
0.000339
0.000370
-0.000357
-0.000581
-0.000309
-0.000552
-0.000436
-0.000492
-0.000259
-0.000036
-0.000105
-0.000128
-0.000267
0.000024
0.000499
0.000316
0.000141
0.000189
0.000625
0.000611
0.000219
0.000534
0.000581
0.000178
0.000070
-0.000047
-0.000289
-0.000213
0.000074
0.000116
0.000378
0.000327
0.000343
0.000871
0.000597
0.000261
-0.000034
-0.000073
0.000251
0.000341
0.000394
0.000074
-0.000139
0.000058
-0.000028
-0.000285
-0.000123
0.000222
0.000392
0.000455
0.000187
0.000057
0.000267
0.000327
0.000011
0.000049
0.000441
0.000239
-0.000378
-0.000668
-0.000476
-0.000916
-0.000799
-0.000023
0.000005
-0.000023
0.000447
0.000739
0.000635
0.000737
0.000725
0.001003
0.001370
0.001143
0.000829
0.000607
0.000002
-0.000227
-0.000298
-0.000329
-0.000766
-0.000732
-0.000056
-0.000108
-0.000136
0.000603
0.000800
0.000724
0.001028
0.000860
0.000630
0.000779
0.000696
0.000344
0.000166
-0.000088
-0.000104
-0.000044
-0.000139
-0.000093
0.000228
0.000407
0.000519
0.000236
-0.000089
0.000173
0.000304
0.000064
-0.000244
-0.000288
-0.000239
-0.000234
-0.000319
-0.000441
-0.000235
-0.000174
-0.000265
0.000003
0.000118
0.000192
0.000348
0.000708
0.000756
0.000747
0.000759
0.000631
0.000519
-0.000016
-0.000440
-0.000667
-0.000630
-0.000430
-0.000167
0.000204
0.000230
0.000344
0.000433
0.000608
0.000867
0.000938
0.000364
0.000102
0.000053
-0.000015
-0.000009
-0.000058
-0.000048
-0.000155
-0.000093
0.000204
0.000440
0.000410
0.000643
0.000804
0.000525
0.000166
0.000245
0.000458
0.000096
-0.000045
-0.000011
0.000127
0.000239
0.000525
0.000663
0.000398
0.000521
0.000375
0.000323
0.000487
0.000587
0.000679
0.000805
0.000407
0.000411
0.000397
-0.000195
-0.000261
0.000035
-0.000260
-0.000596
-0.000422
-0.000082
-0.000183
-0.000525
-0.000731
-0.000795
-0.000519
-0.000106
0.000031
0.000089
0.000100
0.000165
0.000174
-0.000075
0.000314
0.000445
0.000278
-0.000066
-0.000184
0.000217
0.000158
-0.000246
-0.000228
-0.000160
-0.000306
-0.000609
-0.000521
-0.000365
0.000021
0.000242
0.000230
0.000128
0.000192
0.000539
0.000942
0.000995
0.001077
0.001065
0.000782
0.000489
0.000527
0.000155
-0.000238
-0.000276
-0.000118
-0.000193
-0.000338
-0.000268
-0.000309
-0.000172
-0.000492
-0.000704
-0.000584
-0.000303
0.000233
0.000893
0.000896
0.000560
0.000147
-0.000223
-0.000386
-0.000034
0.000119
-0.000131
-0.000045
-0.000117
-0.000071
0.000058
0.000123
0.000029
0.000166
0.000215
0.000379
0.000532
0.000282
0.000425
0.000395
0.000411
0.000104
-0.000342
-0.000119
0.000117
0.000368
0.000450
0.000237
0.000343
0.000213
0.000083
0.000266
0.000217
0.000375
0.000628
0.000436
0.000349
0.000156
-0.000056
0.000087
0.000068
-0.000457
-0.000273
-0.000113
-0.000141
0.000417
0.000355
0.000037
0.000184
-0.000015
-0.000062
-0.000053
-0.000211
-0.000001
0.000115
0.000006
-0.000170
-0.000176
-0.000165
-0.000268
0.000101
0.000237
-0.000179
-0.000063
0.000263
0.000563
0.000495
0.000156
-0.000031
0.000031
0.000074
-0.000103
-0.000268
-0.000549
-0.000722
-0.000599
-0.000108
0.000175
0.000057
0.000128
0.000658
0.001137
0.001287
0.000790
0.000474
0.000413
-0.000202
-0.000545
-0.000239
-0.000128
-0.000270
-0.000342
-0.000233
0.000067
0.000294
0.000531
0.000509
0.000515
0.000573
0.000576
0.000424
0.000161
-0.000089
-0.000232
-0.000429
-0.000677
-0.000535
-0.000286
-0.000216
0.000001
0.000258
0.000161
-0.000146
-0.000301
-0.000310
-0.000071
0.000087
0.000196
0.000328
0.000519
0.000663
0.000579
0.000679
0.000346
-0.000365
-0.000203
0.000019
-0.000094
-0.000063
-0.000125
-0.000075
0.000160
0.000292
0.000103
-0.000050
0.000432
0.000813
0.000647
0.000325
0.000495
0.000684
0.000689
0.000690
0.000633
0.000652
0.000546
0.000245
-0.000155
-0.000398
0.000020
0.000287
0.000125
0.000325
0.000812
0.001228
0.001139
0.000863
0.000651
0.000418
-0.000072
-0.000405
-0.000317
-0.000407
-0.000380
0.000007
0.000062
0.000027
0.000473
0.000777
0.000630
0.000996
0.001151
0.000634
0.000458
0.000185
-0.000145
-0.000152
-0.000274
-0.000526
-0.000628
-0.000473
-0.000625
-0.000755
-0.000853
-0.000512
-0.000261
-0.000077
0.000488
0.000984
0.001204
0.001263
0.001398
0.001229
0.000682
0.000234
0.000073
0.000336
0.000343
-0.000326
-0.000521
-0.000391
-0.000179
-0.000084
-0.000230
-0.000140
-0.000175
-0.000363
-0.000421
-0.000092
0.000293
0.000287
0.000585
0.000806
0.000815
0.000582
0.000222
-0.000088
0.000152
-0.000085
-0.000430
-0.000559
-0.000383
0.000002
0.000123
0.000061
-0.000022
-0.000124
-0.000326
-0.000355
-0.000320
-0.000147
-0.000291
0.000056
0.000644
0.000506
0.000183
0.000513
0.000983
0.001315
0.000983
0.000758
0.001230
0.001096
0.000744
0.000704
0.000547
-0.000046
-0.000320
-0.000018
-0.000163
-0.000385
0.000078
0.000139
-0.000094
-0.000067
-0.000050
0.000174
0.000366
0.000506
0.000612
0.000576
0.000309
0.000373
0.000243
0.000259
0.000360
0.000435
0.000413
0.000125
0.000171
0.000341
0.000506
0.000217
-0.000289
-0.000131
0.000229
0.000344
0.000510
0.000365
0.000097
0.000186
0.000391
0.000083
-0.000427
-0.000157
0.000161
-0.000235
-0.000756
-0.000423
0.000175
0.000226
-0.000200
-0.000814
-0.000576
0.000073
-0.000129
-0.000419
-0.000329
-0.000051
-0.000006
0.000301
0.000631
0.000631
0.000779
0.000803
0.000848
0.000769
0.000622
0.000280
-0.000192
0.000054
0.000121
-0.000024
-0.000282
-0.000530
-0.000512
-0.000233
-0.000162
0.000265
0.000409
0.000601
0.000215
0.000063
0.000551
0.000714
0.000788
0.000374
0.000092
-0.000100
-0.000210
-0.000134
-0.000088
-0.000262
-0.000121
0.000331
0.000409
0.000244
0.000252
0.000408
0.000617
0.000568
0.000422
0.000225
0.000063
0.000267
0.000433
0.000172
-0.000310
-0.000618
-0.000934
-0.001165
-0.000674
-0.000278
-0.000277
0.000134
0.000307
0.000359
0.000511
0.000654
0.000944
0.000983
0.000829
0.000859
0.000578
0.000032
-0.000465
-0.000700
-0.000795
-0.000970
-0.000950
-0.001043
-0.000641
-0.000081
-0.000206
0.000270
0.000730
0.001050
0.001469
0.001441
0.001153
0.001016
0.001058
0.000661
-0.000122
-0.000763
-0.000874
-0.001167
-0.001463
-0.001122
-0.000961
-0.000536
0.000080
0.000313
0.000388
0.000826
0.001290
0.001079
0.000842
0.000928
0.000753
0.000254
-0.000287
-0.000678
-0.000939
-0.001384
-0.001297
-0.000934
-0.000635
-0.000207
-0.000067
-0.000008
0.000617
0.001152
0.001334
0.001100
0.000708
0.000559
0.000545
0.000655
-0.000120
-0.000620
-0.001018
-0.001073
-0.001048
-0.000785
-0.001006
-0.000937
-0.000409
-0.000151
0.000384
0.001054
0.001141
0.001284
0.001074
0.000918
0.000879
0.000586
0.000247
-0.000106
-0.000815
-0.000915
-0.000365
-0.000428
-0.000894
-0.000609
-0.000536
-0.000095
0.000510
0.000651
0.000703
0.000747
0.000874
0.001361
0.001161
0.001141
0.001223
0.001243
0.000848
0.000453
-0.000172
-0.000338
-0.000224
-0.000408
-0.000526
-0.000749
-0.000871
-0.000557
-0.000527
-0.000479
0.000089
0.000683
0.000879
0.001138
0.001732
0.001815
0.001311
0.001032
0.000560
-0.000356
-0.000698
-0.000691
-0.001061
-0.001197
-0.000928
-0.001077
-0.000547
-0.000044
-0.000268
0.000347
0.001002
0.001321
0.001007
0.000570
0.000469
0.000269
0.000223
0.000372
0.000522
0.000034
-0.000484
-0.000611
-0.000379
-0.000481
-0.000232
-0.000217
-0.000027
-0.000040
-0.000342
-0.000353
0.000137
0.000284
0.000354
0.001056
0.001355
0.000972
0.001021
0.000837
0.000631
0.000640
0.000336
-0.000367
-0.000575
-0.000554
-0.000601
-0.000624
-0.000522
-0.000145
-0.000235
0.000048
0.000119
0.000331
0.000794
0.001028
0.001173
0.000949
0.000682
0.000700
0.000716
0.000667
0.000548
0.000667
0.000705
0.000548
0.000239
-0.000199
-0.000733
-0.000978
-0.000988
-0.000885
-0.000595
-0.000197
0.000432
0.000799
0.000931
0.001378
0.001465
0.001094
0.001035
0.001163
0.000990
0.000615
0.000470
0.000117
-0.000461
-0.000495
-0.000442
-0.000470
-0.000312
-0.000174
-0.000038
0.000182
0.000752
0.000857
0.000436
0.000001
0.000221
0.000489
0.000219
-0.000221
-0.000358
-0.000015
0.000314
0.000450
0.000515
0.000579
0.000674
0.000836
0.000889
0.000756
0.000818
0.000963
0.000974
0.000481
0.000343
-0.000117
-0.000411
-0.000694
-0.000707
-0.000487
-0.000306
-0.000205
-0.000443
-0.000188
0.000403
0.000580
0.000283
0.000117
0.000216
0.000377
0.000450
0.000721
0.000271
-0.000270
-0.000514
-0.000701
-0.000538
-0.000488
-0.000177
-0.000282
-0.000247
-0.000362
-0.000317
0.000428
0.000605
0.000378
0.000240
0.000372
0.000280
-0.000057
-0.000228
-0.000557
-0.000413
0.000022
0.000168
0.000441
0.000165
-0.000090
0.000096
0.000326
0.000249
0.000120
0.000334
0.000392
0.000703
0.000915
0.000863
0.000762
0.000361
0.000174
-0.000061
-0.000150
-0.000307
-0.000201
0.000063
-0.000133
-0.000195
-0.000080
-0.000142
-0.000183
-0.000246
-0.000278
0.000130
0.000365
0.000493
0.000367
0.000064
0.000009
-0.000136
-0.000084
-0.000048
-0.000240
-0.000173
-0.000220
0.000094
0.000533
0.000220
-0.000598
-0.000815
-0.000616
-0.000670
-0.000813
-0.000776
-0.000512
0.000006
0.000130
-0.000034
0.000485
0.001083
0.001407
0.001232
0.001106
0.000987
0.000833
0.000554
0.000032
-0.000559
-0.000894
-0.000895
-0.000747
-0.000636
-0.000520
-0.000298
-0.000320
-0.000315
0.000304
0.000887
0.000967
0.000996
0.001389
0.001541
0.001276
0.001056
0.000733
0.000527
0.000095
-0.000054
-0.000159
-0.000262
-0.000303
-0.000485
-0.000353
-0.000056
0.000378
0.000281
-0.000060
0.000051
0.000360
0.000515
0.000467
0.000395
0.000273
0.000120
0.000195
0.000452
0.000421
0.000307
0.000451
0.000705
0.000745
0.001106
0.001116
0.000679
0.000936
0.000953
0.000797
0.000258
-0.000262
-0.000139
-0.000269
-0.000089
0.000163
-0.000132
-0.000032
0.000284
0.000207
0.000109
0.000407
0.000604
-0.000022
-0.000612
-0.000866
-0.000784
-0.000605
-0.000729
-0.000657
-0.000695
-0.000756
-0.000314
0.000164
0.000198
0.000533
0.001099
0.001674
0.001788
0.001723
0.001744
0.001476
0.000916
0.000533
0.000386
0.000445
0.000102
-0.000102
-0.000047
-0.000205
-0.000711
-0.001089
-0.000732
-0.000065
0.000525
0.001145
0.001199
0.001384
0.001544
0.001634
0.001717
0.001739
0.001763
0.001739
0.000966
0.000672
0.000689
0.000687
0.000206
-0.000261
-0.000391
-0.000341
0.000293
0.000142
0.000043
0.000549
0.000947
0.001449
0.000993
0.000311
0.000321
0.000110
-0.000142
-0.000003
-0.000068
-0.000086
0.000382
0.000610
0.000726
0.000444
0.000349
0.000256
0.000333
0.000205
0.000530
0.000764
0.000406
0.000347
0.000349
0.000866
0.001254
0.001177
0.001053
0.000978
0.000565
-0.000180
0.000153
0.000103
-0.000364
-0.000200
0.000128
0.000380
0.000405
0.000345
0.000641
0.000821
0.000845
0.000786
0.000739
0.000831
0.000787
0.000608
0.000473
0.000398
0.000277
-0.000264
-0.000239
0.000472
0.000780
0.001085
0.001364
0.001330
0.001343
0.001330
0.000724
0.000229
-0.000134
-0.000617
-0.000943
-0.001119
-0.000919
-0.000857
-0.000722
-0.000508
0.000066
0.000449
0.000188
-0.000033
0.000111
0.000573
0.000496
0.000101
-0.000276
-0.000350
-0.000111
-0.000155
-0.000292
0.000065
0.000277
-0.000021
0.000108
0.000015
-0.000134
-0.000132
-0.000264
-0.000415
-0.000245
0.000207
0.000364
0.000446
0.000435
0.000410
0.000323
0.000936
0.001320
0.000836
0.000697
0.000845
0.000512
0.000075
0.000088
-0.000050
-0.000159
-0.000448
-0.000380
0.000476
0.001140
0.001273
0.001543
0.002075
0.002106
0.001989
0.002220
0.002034
0.001084
0.000621
0.000068
-0.000378
-0.000636
-0.001110
-0.001176
-0.000905
-0.000399
-0.000125
-0.000105
0.000092
0.000462
0.000377
-0.000180
0.000209
0.000345
0.000210
0.000332
0.000135
0.000336
0.000240
0.000248
-0.000283
-0.000507
-0.000324
-0.000216
0.000054
0.000261
0.000963
0.001177
0.001016
0.001101
0.001517
0.001354
0.001141
0.000761
0.000542
0.000481
0.000254
0.000079
-0.000320
-0.000127
-0.000014
0.000108
0.000238
-0.000006
0.000207
0.000403
0.000389
0.000597
0.000852
0.000723
0.000671
0.000661
0.000206
0.000040
0.000294
0.000694
0.000313
0.000159
0.000438
0.000252
-0.000098
-0.000879
-0.001107
-0.000851
-0.000716
-0.000139
0.000042
-0.000181
-0.000094
0.000388
0.000765
0.000977
0.000671
0.000516
0.000749
0.000682
0.000099
-0.000266
-0.000541
-0.000805
-0.000522
-0.000199
-0.000179
-0.000027
0.000102
0.000335
0.000346
0.000224
0.000675
0.000770
0.000933
0.000909
0.000670
0.000469
0.000603
0.000877
0.000806
0.000263
0.000187
0.000515
0.000490
0.000694
0.000771
0.000620
0.000129
-0.000109
0.000043
0.000251
0.000156
0.000647
0.000896
0.000581
0.000162
-0.000003
0.000100
0.000220
0.000156
0.000189
-0.000060
0.000148
0.000652
0.000534
0.000251
-0.000298
-0.000489
-0.000249
-0.000091
0.000102
0.000148
0.000378
0.000432
0.000103
0.000370
0.000565
0.000183
0.000292
0.000393
0.000217
0.000153
0.000568
0.000717
0.000583
0.000426
0.000367
0.000610
0.000626
0.000254
-0.000251
-0.000030
0.000184
0.000342
0.000232
0.000378
0.000527
0.000684
0.001137
0.001306
0.001265
0.001190
0.001071
0.000950
0.000432
0.000210
-0.000087
-0.000244
-0.000005
-0.000101
-0.000152
0.000401
0.000331
0.000037
0.000259
0.000706
0.000747
0.000605
0.000709
0.000693
0.000550
0.000653
0.000644
0.000296
-0.000383
-0.001143
-0.001068
-0.000854
-0.000534
-0.000505
-0.000363
0.000133
0.000405
0.000770
0.000876
0.000699
0.000539
0.000193
-0.000261
-0.000562
-0.000733
-0.000679
-0.000145
0.000254
0.000407
0.000331
0.000543
0.000861
0.000936
0.000998
0.000950
0.000871
0.000396
0.000332
0.000280
-0.000204
0.000075
0.000476
0.000622
0.000974
0.001310
0.001582
0.001338
0.000933
0.000794
0.000812
0.000809
0.000548
0.000175
0.000285
0.000397
0.000451
0.000799
0.001195
0.000851
0.000274
0.000517
0.000726
0.000800
0.000598
-0.000047
-0.000365
-0.000344
-0.000141
0.000009
-0.000012
-0.000309
-0.000065
0.000808
0.000893
0.000526
0.000176
0.000059
-0.000060
0.000111
0.000532
0.000584
0.000345
0.000143
0.000082
-0.000297
-0.000714
-0.000897
-0.000827
-0.000483
-0.000201
-0.000409
-0.000386
-0.000033
0.000389
0.001007
0.001192
0.001208
0.001093
0.001234
0.001071
0.000445
-0.000370
-0.000235
0.000078
-0.000095
0.000070
0.000440
0.000637
0.000495
0.000832
0.001167
0.001184
0.000889
0.000827
0.001114
0.001168
0.000929
0.000350
0.000196
-0.000130
-0.000340
-0.000320
-0.000133
0.000139
-0.000060
0.000136
0.000614
0.000335
-0.000190
-0.000289
0.000045
0.000649
0.000714
0.000561
0.000226
0.000190
0.000063
-0.000158
-0.000087
0.000074
-0.000285
-0.000593
-0.000597
-0.000720
-0.000468
0.000310
0.000357
0.000381
0.000883
0.001144
0.001213
0.000855
0.000712
0.000443
0.000302
0.000209
-0.000390
-0.000399
-0.000154
-0.000055
0.000276
0.000636
0.000872
0.000750
0.000834
0.000655
0.001044
0.001016
0.000742
0.000903
0.000615
0.000093
-0.000172
-0.000046
0.000173
0.000211
-0.000008
-0.000437
-0.000348
0.000412
0.000498
0.000288
0.000276
0.000306
0.000290
0.000225
-0.000091
-0.000161
-0.000172
-0.000485
-0.000508
-0.000114
-0.000019
0.000036
0.000235
0.000450
0.000714
0.000786
0.000762
0.000641
0.000591
0.000138
-0.000274
-0.000383
-0.000564
-0.000541
-0.000680
-0.000276
-0.000293
-0.000570
0.000162
0.000600
0.000838
0.001016
0.000707
0.000599
0.000776
0.001106
0.001055
0.000524
0.000173
0.000538
0.000777
0.000746
0.000855
0.000741
0.000875
0.001054
0.000843
0.000617
0.000390
0.000295
0.000128
-0.000154
-0.000233
-0.000385
-0.000043
0.000379
0.000498
0.001063
0.001338
0.001429
0.001142
0.000959
0.000682
0.000344
0.000261
-0.000091
-0.000335
-0.000564
-0.000334
0.000444
0.000484
0.000315
0.000646
0.000631
0.000365
0.000166
-0.000107
-0.000033
0.000090
0.000008
-0.000117
-0.000348
-0.000544
-0.000198
0.000196
0.000208
0.000141
0.000013
0.000063
0.000030
0.000276
0.000349
0.000274
0.000200
0.000479
0.000536
0.000533
0.000773
0.000869
0.001046
0.001549
0.001277
0.000940
0.000575
-0.000071
-0.000253
-0.000284
-0.000530
-0.000532
-0.000097
-0.000024
0.000260
0.000740
0.001427
0.001492
0.001399
0.001588
0.001532
0.001205
0.000801
0.000599
0.000579
0.000380
-0.000149
-0.000921
-0.001264
-0.001166
-0.000953
-0.000359
-0.000217
-0.000071
0.000060
-0.000137
-0.000149
0.000228
0.000828
0.000532
0.000359
0.000230
0.000637
0.000855
0.000304
-0.000188
-0.000399
-0.000432
-0.000687
-0.000457
-0.000148
-0.000203
0.000159
0.000664
0.000995
0.000910
0.000876
0.000877
0.000815
0.000961
0.001124
0.000995
0.001147
0.000795
0.000125
0.000204
0.000149
-0.000036
-0.000139
0.000287
0.000493
0.000189
0.000250
0.000262
0.000318
0.000381
0.000486
0.000334
0.000070
0.000307
0.000763
0.000836
0.001157
0.001041
0.001062
0.000836
0.000570
0.000595
0.000578
0.000763
0.000516
0.000062
-0.000247
-0.000256
-0.000401
-0.000368
-0.000260
-0.000478
-0.000416
-0.000333
-0.000207
0.000038
0.000208
0.000523
0.000901
0.000826
0.000608
0.000530
0.000599
0.000542
0.000497
0.000632
0.000436
-0.000043
-0.000211
-0.000213
-0.000371
-0.000600
-0.000564
-0.000642
-0.000777
-0.000600
-0.000363
-0.000099
0.000147
0.000549
0.000927
0.001360
0.001603
0.001845
0.001957
0.001943
0.001349
0.000598
0.000346
0.000041
0.000094
-0.000182
-0.000489
-0.000468
-0.000641
-0.000587
-0.000174
-0.000011
-0.000092
0.000112
0.000347
0.000914
0.001432
0.001366
0.000577
-0.000016
-0.000064
-0.000252
-0.000550
-0.000647
-0.000554
-0.000537
-0.000682
-0.000470
0.000124
0.000175
0.000280
0.000355
0.000167
-0.000082
-0.000351
-0.000197
0.000282
0.000509
0.000243
0.000209
0.000236
0.000160
0.000209
0.000175
0.000085
0.000548
0.000709
0.000591
0.000773
0.001064
0.001244
0.001153
0.000750
0.000692
0.000557
0.000642
0.000590
0.000235
0.000119
-0.000029
0.000117
0.000146
-0.000245
-0.000319
-0.000114
-0.000142
0.000113
0.000813
0.001080
0.001194
0.001081
0.001103
0.000927
0.000796
0.001086
0.000839
0.000380
0.000460
0.000414
0.000257
-0.000247
-0.000540
-0.000214
-0.000044
0.000160
0.000604
0.000843
0.000580
0.000037
-0.000024
0.000498
0.000877
0.001082
0.000782
0.000330
0.000006
-0.000407
-0.000600
-0.000238
-0.000559
-0.000771
-0.000287
0.000491
0.001088
0.001381
0.001516
0.001246
0.000652
0.000411
0.000142
-0.000003
0.000021
0.000179
0.000004
-0.000157
0.000348
0.000587
-0.000180
-0.000164
0.000033
0.000319
-0.000053
-0.000229
0.000084
0.000515
0.001119
0.001391
0.001429
0.001485
0.001185
0.001208
0.000815
0.000288
0.000190
-0.000127
-0.000291
-0.000347
-0.000140
0.000513
-0.000072
-0.000387
-0.000425
-0.000263
0.000077
-0.000104
-0.000032
0.000389
0.000697
0.000866
0.000523
-0.000035
-0.000412
-0.000466
-0.000270
-0.000309
-0.000011
-0.000096
0.000046
0.000195
0.000012
-0.000420
-0.000529
-0.000253
0.000080
0.000006
0.000002
0.000075
0.000038
0.000201
0.000263
0.000780
0.001318
0.001442
0.001213
0.000643
0.000355
0.000443
0.000486
-0.000068
-0.000159
-0.000045
-0.000085
-0.000206
-0.000113
0.000276
0.000225
0.000507
0.000876
0.001185
0.001016
0.000816
0.000762
0.000851
0.000587
0.000401
0.000349
0.000257
0.000188
-0.000130
-0.000360
-0.000532
-0.000410
-0.000021
-0.000061
-0.000145
0.000108
0.000307
0.000252
-0.000019
0.000250
0.000138
0.000284
0.000815
0.000896
0.000774
0.000351
-0.000061
-0.000083
-0.000087
-0.000329
-0.000349
-0.000359
-0.000666
-0.000482
-0.000172
-0.000045
-0.000086
0.000191
0.000902
0.001060
0.000952
0.000900
0.000922
0.001286
0.001670
0.001170
0.000588
0.000342
-0.000082
-0.000378
-0.000511
-0.000836
-0.000783
-0.000542
-0.000387
0.000339
0.000583
0.000655
0.000607
0.000648
0.001095
0.001106
0.001129
0.000950
0.000455
0.000543
0.000363
0.000063
0.000072
-0.000050
-0.000712
-0.000883
-0.000427
-0.000621
-0.000700
-0.000402
-0.000463
-0.000244
0.000365
0.000520
0.000278
0.000222
0.000397
0.000351
0.000561
0.000535
0.000363
0.000155
0.000056
0.000608
0.000853
0.000933
0.001241
0.001212
0.001070
0.001071
0.000971
0.000863
0.000670
-0.000003
-0.000655
-0.000519
-0.000388
-0.000783
-0.000607
-0.000358
0.000140
0.001057
0.001274
0.001041
0.000885
0.000718
0.000677
0.000398
-0.000215
-0.000109
-0.000159
-0.000064
0.000058
-0.000242
-0.000119
-0.000039
-0.000146
-0.000092
-0.000339
-0.000384
-0.000198
0.000499
0.000598
0.000469
0.000588
0.000483
0.000365
0.000131
-0.000531
-0.000905
-0.000912
-0.000875
-0.000897
-0.000620
-0.000340
-0.000039
-0.000097
-0.000271
0.000096
0.000368
0.000204
-0.000185
-0.000075
0.000205
0.000536
0.000516
0.000214
0.000382
0.000577
0.000823
0.001026
0.000711
0.000217
-0.000283
-0.000475
-0.000668
-0.000633
-0.000367
0.000029
0.000212
-0.000032
0.000052
0.000577
0.000913
0.000883
0.000744
0.000316
0.000080
0.000140
-0.000008
0.000019
0.000175
0.000104
-0.000385
-0.000469
-0.000535
-0.000479
-0.000050
0.000140
-0.000001
0.000100
0.000364
0.000751
0.000582
0.000715
0.000486
0.000312
0.000619
0.000504
0.000212
0.000167
0.000436
0.000568
0.000567
0.000434
0.000249
0.000376
-0.000089
-0.000672
-0.000416
-0.000182
-0.000297
-0.000332
-0.000142
0.000130
-0.000081
-0.000342
-0.000268
-0.000401
0.000135
0.000528
0.000863
0.000999
0.001210
0.001510
0.000881
0.000460
0.000358
0.000174
-0.000042
0.000107
0.000283
0.000497
0.000645
0.000752
0.000744
0.000442
0.000226
0.000115
0.000213
0.000299
0.000067
0.000163
-0.000018
-0.000024
-0.000070
0.000137
0.000476
0.000784
0.001176
0.001031
0.000913
0.000843
0.000642
0.000454
0.000102
-0.000412
-0.000237
-0.000191
-0.000396
-0.000209
-0.000262
-0.000204
0.000005
0.000200
0.000013
0.000237
0.000408
0.000256
0.000237
-0.000040
-0.000389
-0.000823
-0.000753
-0.000477
-0.000164
-0.000172
-0.000043
0.000286
0.000577
0.000278
0.000136
0.000613
0.001199
0.001191
0.000663
0.000469
0.000914
0.000841
-0.000142
-0.000546
-0.000654
-0.000628
-0.000186
0.000248
0.000239
0.000280
0.000337
0.000789
0.000980
0.000912
0.000733
0.000263
0.000116
0.000013
-0.000387
-0.000241
-0.000310
-0.000515
-0.000437
-0.000210
0.000312
0.000762
0.000607
0.000507
0.000630
0.000652
0.000578
0.000076
-0.000528
-0.000552
-0.000556
-0.000373
0.000477
0.000890
0.000732
0.001248
0.001463
0.000875
0.000689
0.000736
0.000134
-0.000020
0.000081
-0.000231
-0.000316
0.000206
0.000262
0.000094
0.000722
0.000702
0.000405
-0.000032
-0.000297
-0.000047
0.000390
0.000289
0.000078
0.000491
0.001126
0.001076
0.000490
0.000560
0.000406
-0.000524
-0.000616
-0.000568
-0.000691
-0.000455
0.000086
0.000253
0.000332
0.000348
0.000220
0.000640
0.000597
-0.000043
-0.000381
-0.000433
-0.000235
-0.000158
-0.000211
-0.000205
-0.000072
-0.000009
0.000086
0.000161
0.000435
0.000607
0.000305
-0.000390
-0.000808
-0.000855
-0.000519
0.000059
0.000209
0.000009
0.000254
0.000756
0.001061
0.001305
0.001498
0.001674
0.001765
0.001939
0.001891
0.001530
0.001168
0.000959
0.000212
-0.000299
-0.000758
-0.001004
-0.001320
-0.001745
-0.001390
-0.000623
0.000095
0.000451
0.000590
0.000798
0.001224
0.001194
0.001214
0.001431
0.001010
0.000500
-0.000259
-0.000651
-0.000721
-0.000802
-0.001259
-0.001176
-0.000904
-0.000910
-0.000831
-0.000357
0.000126
0.000215
0.000214
0.000101
0.000292
0.000095
-0.000178
-0.000041
0.001105
0.002050
0.001676
0.001594
0.001585
0.001736
0.001590
0.001026
0.000573
0.000238
-0.000411
-0.000850
-0.001011
-0.000995
-0.001423
-0.001425
-0.001099
-0.000972
-0.000767
0.000133
0.001183
0.001628
0.002256
0.002033
0.001235
0.000718
0.000563
-0.000268
-0.000824
-0.000959
-0.000979
-0.001284
-0.001735
-0.001933
-0.001975
-0.001588
-0.000996
-0.000475
0.000859
0.002522
0.003293
0.003491
0.003664
0.003999
0.003959
0.004070
0.003325
0.002375
0.001331
0.000038
-0.000554
-0.001109
-0.001442
-0.001693
-0.002202
-0.002512
-0.002162
-0.001838
-0.002442
-0.003394
-0.003488
-0.003512
-0.002974
-0.001211
0.000501
0.000985
0.001546
0.001985
0.002265
0.002240
0.002037
0.001705
0.001364
0.000750
-0.000245
-0.000905
-0.001695
-0.002391
-0.002527
-0.002134
-0.000933
0.000197
0.001028
0.001637
0.002001
0.002110
0.001756
0.001877
0.001524
0.001776
0.002502
0.002778
0.002365
0.001767
0.001308
0.000685
0.000203
0.000037
0.000119
0.000452
0.001044
0.000559
-0.000524
-0.001838
-0.002890
-0.002879
-0.002614
-0.001676
-0.000198
0.001542
0.003694
0.005708
0.006545
0.006226
0.004971
0.003087
0.000989
-0.000846
-0.001819
-0.002057
-0.001805
-0.001038
-0.000753
-0.000668
-0.001132
-0.002095
-0.002734
-0.002986
-0.002572
-0.002038
-0.001708
-0.001298
-0.000833
-0.000746
-0.000846
-0.000590
-0.000500
-0.000443
0.000460
0.001819
0.002469
0.003156
0.003896
0.004508
0.004373
0.003413
0.001677
0.000164
-0.001231
-0.002365
-0.002763
-0.002948
-0.002843
-0.002846
-0.002382
-0.001170
-0.000018
0.001100
0.001209
0.001428
0.002298
0.002704
0.003279
0.004051
0.004525
0.004095
0.002204
0.000090
-0.001897
-0.003778
-0.004590
-0.004156
-0.002979
-0.001868
-0.000744
-0.000526
-0.000882
-0.001616
-0.002162
-0.001600
0.000231
0.002942
0.005621
0.007146
0.007319
0.006736
0.004922
0.002675
0.000708
-0.000379
-0.001318
-0.002177
-0.002930
-0.004211
-0.005718
-0.006965
-0.007441
-0.006568
-0.003600
-0.000022
0.003513
0.005771
0.006730
0.006800
0.005800
0.004359
0.003055
0.001747
0.000933
0.000496
0.000021
0.000033
0.000070
-0.000666
-0.001216
-0.001548
-0.002337
-0.002816
-0.003040
-0.004084
-0.004423
-0.003870
-0.003276
-0.001775
0.000613
0.003415
0.005574
0.007126
0.007687
0.006667
0.004872
0.003131
0.001061
-0.000892
-0.001864
-0.001683
-0.000297
0.001358
0.001970
0.001610
0.000553
-0.000728
-0.001851
-0.002299
-0.002859
-0.004178
-0.005339
-0.006328
-0.006523
-0.006404
-0.005695
-0.004785
-0.004336
-0.003910
-0.003812
-0.003522
-0.002686
-0.001283
0.001063
0.003321
0.005480
0.006509
0.005983
0.004589
0.003557
0.003364
0.003713
0.003931
0.004041
0.004537
0.004644
0.003947
0.002714
0.001756
0.001731
0.002259
0.002469
0.002172
0.001731
0.000945
-0.000138
-0.000770
-0.000851
-0.000896
-0.000662
-0.000140
0.001015
0.002130
0.002545
0.001784
0.000293
-0.001686
-0.003722
-0.006089
-0.007888
-0.008093
-0.007229
-0.005184
-0.002424
0.001096
0.004141
0.006700
0.008301
0.008598
0.007555
0.005370
0.003421
0.000617
-0.002553
-0.005194
-0.007074
-0.007704
-0.006989
-0.005030
-0.002816
-0.000822
0.000947
0.002151
0.002755
0.003928
0.005033
0.005424
0.005576
0.004958
0.004397
0.004846
0.006250
0.007621
0.008390
0.007758
0.004836
0.001221
-0.001723
-0.003690
-0.004880
-0.004957
-0.004547
-0.005113
-0.005838
-0.006110
-0.005253
-0.003821
-0.002676
-0.001659
-0.001192
-0.001937
-0.002985
-0.004197
-0.004811
-0.003785
-0.001961
0.000559
0.002885
0.003487
0.003544
0.003299
0.004152
0.005713
0.007377
0.008601
0.008096
0.006170
0.003196
-0.000677
-0.005028
-0.007206
-0.007928
-0.006916
-0.005016
-0.002257
0.000592
0.002819
0.004717
0.005899
0.006873
0.007189
0.006786
0.006062
0.005369
0.004491
0.004077
0.003804
0.002970
0.002546
0.001804
0.000500
-0.000733
-0.001641
-0.002377
-0.003385
-0.005138
-0.007646
-0.010854
-0.013861
-0.015585
-0.015685
-0.014538
-0.011786
-0.007956
-0.002711
0.003044
0.008313
0.012519
0.014133
0.012995
0.009151
0.002817
-0.005520
-0.014552
-0.021179
-0.023258
-0.021094
-0.014561
-0.005376
0.004456
0.013468
0.021711
0.028239
0.032839
0.035985
0.036536
0.034334
0.028049
0.018359
0.006583
-0.005006
-0.015476
-0.022680
-0.025432
-0.025019
-0.023075
-0.020621
-0.018425
-0.015977
-0.012711
-0.009001
-0.005652
-0.003286
-0.002299
-0.002073
-0.002162
-0.001791
-0.000057
0.002860
0.006816
0.010695
0.014626
0.017908
0.019894
0.020413
0.018986
0.015888
0.011762
0.006892
0.002940
0.001612
0.002126
0.003612
0.005572
0.006838
0.006653
0.004897
0.001367
-0.002428
-0.005257
-0.007316
-0.008483
-0.010084
-0.013132
-0.016257
-0.019090
-0.020212
-0.018290
-0.012404
-0.004070
0.005587
0.013758
0.018727
0.020486
0.019971
0.018102
0.015222
0.010567
0.004882
-0.001088
-0.006705
-0.010940
-0.013415
-0.014639
-0.015344
-0.015992
-0.016764
-0.016736
-0.015256
-0.011977
-0.006987
-0.001983
0.001610
0.003380
0.003969
0.004784
0.006315
0.009608
0.014357
0.018902
0.022687
0.023656
0.021972
0.017686
0.011785
0.005767
-0.000231
-0.006564
-0.011593
-0.014803
-0.016391
-0.016679
-0.016178
-0.014868
-0.011620
-0.006084
-0.000612
0.003606
0.005295
0.005118
0.004282
0.003184
0.002830
0.003710
0.005408
0.007282
0.007644
0.006687
0.004398
0.000709
-0.003054
-0.005165
-0.004835
-0.001822
0.002257
0.006987
0.011196
0.012164
0.010014
0.004960
-0.002540
-0.011188
-0.018305
-0.023114
-0.024547
-0.022157
-0.018512
-0.014414
-0.010226
-0.005983
-0.001018
0.004953
0.012258
0.020773
0.028074
0.032999
0.034598
0.032852
0.028694
0.023217
0.017430
0.010866
0.004040
-0.002681
-0.008707
-0.012766
-0.014539
-0.014747
-0.013934
-0.012284
-0.010881
-0.010087
-0.009275
-0.007916
-0.006515
-0.005548
-0.005178
-0.006101
-0.008979
-0.011708
-0.012795
-0.012383
-0.009520
-0.004723
0.000264
0.004990
0.009068
0.012023
0.013302
0.013398
0.011741
0.008760
0.004703
-0.000543
-0.005856
-0.010569
-0.013625
-0.013833
-0.010888
-0.006852
-0.003478
-0.001164
-0.001283
-0.001912
-0.001589
0.000930
0.005423
0.010254
0.013299
0.013714
0.012009
0.010750
0.011206
0.013699
0.018057
0.022730
0.025971
0.026574
0.023478
0.018357
0.012943
0.007277
0.001756
-0.003562
-0.008632
-0.011700
-0.010802
-0.006471
-0.000715
0.003866
0.005654
0.004271
-0.000535
-0.005027
-0.000620
0.000246
-0.001053
-0.011542
-0.009723
-0.004998
-0.002270
-0.000902
-0.002408
-0.005830
-0.010142
-0.014522
-0.017947
-0.018656
-0.017848
-0.017002
-0.015115
-0.011504
-0.006265
0.000640
0.006896
0.009757
0.008436
0.003359
-0.002827
-0.007350
-0.010698
-0.012840
-0.014254
-0.015574
-0.016644
-0.015588
-0.011635
-0.004845
0.003535
0.011177
0.016573
0.018908
0.018634
0.015838
0.010326
0.003472
-0.002777
-0.006082
-0.005624
-0.002134
0.003771
0.010673
0.018249
0.026021
0.032383
0.037342
0.041282
0.043667
0.043108
0.039394
0.032869
0.025049
0.016543
0.007114
-0.002830
-0.012905
-0.020899
-0.026021
-0.028895
-0.029121
-0.027186
-0.023956
-0.021625
-0.019806
-0.018298
-0.016948
-0.017222
-0.019717
-0.023034
-0.026167
-0.028197
-0.027015
-0.021689
-0.012225
-0.000530
0.012339
0.023617
0.032642
0.038273
0.038132
0.033479
0.024428
0.012941
0.001624
-0.008021
-0.016362
-0.023258
-0.026771
-0.026355
-0.023226
-0.016523
-0.008387
-0.000284
0.006409
0.010375
0.010863
0.008276
0.004081
0.000221
-0.001833
-0.002143
-0.001221
0.002112
0.007188
0.012165
0.016111
0.017547
0.016481
0.013198
0.009056
0.005057
0.002291
0.000548
-0.001636
-0.004934
-0.008564
-0.012046
-0.013631
-0.012445
-0.007390
-0.000870
0.005251
0.009775
0.012600
0.014517
0.016789
0.019771
0.022291
0.024313
0.025826
0.026387
0.025495
0.022083
0.016619
0.010345
0.004331
-0.001076
-0.006271
-0.011959
-0.017839
-0.023829
-0.029447
-0.034063
-0.037353
-0.039116
-0.040368
-0.041433
-0.041846
-0.040654
-0.035493
-0.025952
-0.013636
-0.001478
0.007988
0.014987
0.020268
0.023632
0.024197
0.021259
0.014592
0.006653
0.000998
-0.001083
-0.000702
0.001634
0.003521
0.004617
0.005895
0.007110
0.008147
0.008325
0.007313
0.005121
0.002788
0.001503
0.001862
0.004325
0.006796
0.007759
0.007654
0.006881
0.005274
0.003231
-0.001094
-0.006589
-0.011908
-0.016994
-0.020474
-0.021697
-0.020391
-0.016801
-0.012258
-0.007021
-0.001157
0.004909
0.011676
0.018709
0.024699
0.029144
0.031325
0.031646
0.029621
0.025427
0.019117
0.011233
0.004287
-0.000679
-0.002780
-0.003081
-0.002718
-0.002805
-0.003806
-0.005617
-0.008329
-0.011209
-0.013000
-0.013313
-0.012951
-0.012318
-0.011723
-0.010660
-0.008046
-0.003243
0.002909
0.009226
0.014426
0.018285
0.021283
0.023278
0.023882
0.021759
0.015833
0.007488
-0.001029
-0.008247
-0.014899
-0.021006
-0.027200
-0.032076
-0.033924
-0.031288
-0.023698
-0.012415
0.000154
0.011785
0.019564
0.022182
0.019540
0.011611
0.000382
-0.011185
-0.021683
-0.028550
-0.030006
-0.026812
-0.019608
-0.011521
-0.004181
0.002974
0.009392
0.014994
0.019956
0.022759
0.023143
0.021585
0.017320
0.011325
0.004471
-0.002007
-0.007326
-0.011043
-0.012032
-0.009494
-0.003610
0.005141
0.015095
0.023323
0.028141
0.029282
0.027510
0.023349
0.017203
0.009513
0.001045
-0.008498
-0.017577
-0.024883
-0.029343
-0.029995
-0.027037
-0.020496
-0.010995
0.000217
0.010861
0.017984
0.020136
0.017558
0.011824
0.004473
-0.004075
-0.013034
-0.021746
-0.028785
-0.032220
-0.032201
-0.027732
-0.018145
-0.006104
0.007312
0.019788
0.030108
0.036775
0.038706
0.036397
0.029442
0.018619
0.006197
-0.006448
-0.017325
-0.024234
-0.026569
-0.024717
-0.020347
-0.014991
-0.007582
0.001308
0.009098
0.013683
0.014752
0.013244
0.008776
0.002668
-0.004536
-0.012907
-0.021051
-0.027740
-0.030348
-0.027956
-0.019922
-0.007266
0.006676
0.020121
0.031449
0.040085
0.046300
0.049057
0.047617
0.042040
0.033874
0.024428
0.014457
0.004383
-0.005048
-0.012866
-0.018639
-0.021197
-0.021528
-0.019670
-0.015440
-0.010213
-0.005926
-0.005401
-0.008842
-0.017220
-0.027972
-0.038145
-0.044436
-0.045061
-0.041045
-0.031887
-0.019610
-0.006675
0.005525
0.016160
0.025771
0.035736
0.046270
0.053887
0.055495
0.052195
0.042996
0.031051
0.017680
0.004407
-0.008091
-0.019582
-0.028372
-0.032397
-0.032175
-0.028727
-0.023167
-0.016858
-0.009924
-0.003349
0.001687
0.006255
0.009893
0.012230
0.013689
0.014936
0.015675
0.015080
0.012330
0.007809
0.004434
0.003445
0.003639
0.004211
0.004673
0.004365
0.002966
-0.000057
-0.004823
-0.009981
-0.013031
-0.013926
-0.014501
-0.015517
-0.016128
-0.015037
-0.011372
-0.006059
-0.000874
0.002375
0.003670
0.003900
0.002860
0.000035
-0.003816
-0.005710
-0.004883
-0.001480
0.003091
0.007045
0.009380
0.009765
0.008782
0.006827
0.002335
-0.004967
-0.013798
-0.021474
-0.027438
-0.031351
-0.030946
-0.024487
-0.012436
0.001903
0.016233
0.029430
0.039640
0.045067
0.045791
0.041729
0.033050
0.021476
0.008693
-0.004873
-0.017517
-0.026620
-0.029442
-0.026886
-0.020270
-0.011916
-0.004529
0.000266
0.003772
0.006835
0.009353
0.010364
0.009444
0.006422
0.001093
-0.004815
-0.010353
-0.014801
-0.015563
-0.011325
-0.003705
0.004906
0.012732
0.019045
0.024453
0.026390
0.023735
0.016955
0.008186
-0.000618
-0.007484
-0.011201
-0.013075
-0.014662
-0.016393
-0.016120
-0.011335
-0.004230
0.000902
0.002588
0.002052
0.001042
0.000777
0.000506
-0.002471
-0.008518
-0.012283
-0.011868
-0.007522
-0.000647
0.007564
0.016016
0.021822
0.024748
0.026366
0.028214
0.029415
0.028519
0.022334
0.012362
0.002340
-0.005528
-0.008651
-0.009651
-0.013005
-0.019751
-0.026969
-0.030762
-0.030889
-0.029039
-0.028263
-0.029334
-0.028820
-0.024388
-0.017396
-0.011240
-0.006058
0.000264
0.008673
0.018585
0.027190
0.030762
0.030796
0.028533
0.025628
0.020806
0.014014
0.006613
-0.000313
-0.004833
-0.008108
-0.010373
-0.012231
-0.013820
-0.013049
-0.008572
-0.002565
0.000457
0.000562
-0.001149
-0.003621
-0.005741
-0.007413
-0.007842
-0.008927
-0.010724
-0.011510
-0.011108
-0.009805
-0.007824
-0.003687
0.002374
0.010075
0.019878
0.028007
0.031804
0.032941
0.034241
0.035559
0.032649
0.025346
0.015289
0.005258
-0.001609
-0.006258
-0.011132
-0.016772
-0.021738
-0.024112
-0.023096
-0.019011
-0.012892
-0.004667
0.003190
0.009263
0.012824
0.012386
0.007160
-0.002836
-0.015109
-0.026373
-0.033132
-0.034837
-0.030734
-0.022433
-0.014621
-0.007998
-0.001039
0.007366
0.016135
0.022891
0.025704
0.024274
0.019907
0.015169
0.011586
0.009352
0.008046
0.007025
0.006900
0.007681
0.010318
0.014308
0.016376
0.015145
0.011511
0.008433
0.006867
0.003650
-0.003910
-0.013775
-0.020111
-0.021033
-0.019876
-0.020849
-0.025118
-0.027459
-0.024825
-0.018246
-0.011983
-0.006451
0.000828
0.011071
0.020942
0.027336
0.028375
0.024557
0.016041
0.005714
-0.005155
-0.015110
-0.022554
-0.025922
-0.024728
-0.019155
-0.010834
-0.001173
0.008526
0.016890
0.022478
0.024451
0.023182
0.019216
0.014793
0.009748
0.003374
-0.003481
-0.009255
-0.014304
-0.019282
-0.021924
-0.020461
-0.014883
-0.008458
-0.003094
0.001993
0.008030
0.015165
0.021114
0.022566
0.019216
0.012072
0.004866
-0.000830
-0.004059
-0.004728
-0.004376
-0.002718
0.001077
0.005662
0.009726
0.012421
0.012942
0.010859
0.006246
0.001154
-0.003664
-0.008181
-0.010244
-0.010271
-0.010429
-0.011292
-0.012587
-0.012999
-0.012689
-0.012335
-0.011842
-0.009449
-0.004807
0.001326
0.007963
0.012490
0.013111
0.011061
0.009114
0.007799
0.006578
0.004496
0.001578
-0.000181
-0.000503
-0.000767
-0.001680
-0.002609
-0.002512
-0.001649
-0.001911
-0.003620
-0.004386
-0.003241
0.000132
0.004620
0.007433
0.007307
0.004104
-0.000535
-0.003849
-0.005592
-0.007364
-0.009933
-0.010896
-0.010039
-0.008193
-0.004382
0.000667
0.005849
0.011152
0.016948
0.021388
0.022067
0.019055
0.011668
0.001252
-0.010604
-0.021796
-0.028982
-0.030708
-0.029411
-0.025605
-0.019630
-0.011365
-0.001465
0.008055
0.015884
0.021316
0.024901
0.025844
0.023812
0.019530
0.014548
0.010301
0.006472
0.003090
0.000739
0.000250
0.000749
0.001721
0.002733
0.004225
0.004987
0.004399
0.001222
-0.004613
-0.012017
-0.019073
-0.023114
-0.023524
-0.019960
-0.013439
-0.005473
0.002496
0.009825
0.015135
0.017946
0.018917
0.017007
0.012861
0.008688
0.004886
0.001036
-0.002618
-0.005961
-0.009102
-0.011284
-0.012554
-0.013735
-0.014613
-0.014303
-0.011486
-0.005892
0.001070
0.007757
0.012504
0.015684
0.017356
0.017834
0.016561
0.013347
0.008919
0.004251
-0.000526
-0.005339
-0.008964
-0.011229
-0.012438
-0.013897
-0.015518
-0.016524
-0.017228
-0.017003
-0.015441
-0.012201
-0.008313
-0.003529
0.002710
0.009526
0.016015
0.020432
0.022021
0.020969
0.018091
0.013477
0.006969
-0.000346
-0.007628
-0.014110
-0.018968
-0.021431
-0.020442
-0.016717
-0.010639
-0.003331
0.003470
0.009672
0.014671
0.018321
0.020459
0.020531
0.018476
0.014291
0.009621
0.004521
-0.000665
-0.004628
-0.006125
-0.006153
-0.005985
-0.005329
-0.003998
-0.002435
-0.001017
0.000802
0.001608
0.002318
0.003796
0.006403
0.007942
0.007697
0.005436
0.001092
-0.003847
-0.009290
-0.014642
-0.019434
-0.022760
-0.023015
-0.020358
-0.014952
-0.008182
-0.001631
0.003856
0.009070
0.012047
0.012832
0.012092
0.009647
0.007673
0.006643
0.006237
0.005559
0.005237
0.005535
0.006928
0.009229
0.011025
0.011388
0.010319
0.008775
0.006818
0.004787
0.002518
-0.000212
-0.001669
-0.002055
-0.002190
-0.002450
-0.003384
-0.004981
-0.006412
-0.008234
-0.009802
-0.010660
-0.010726
-0.010872
-0.010612
-0.009119
-0.006958
-0.004755
-0.003650
-0.003307
-0.003201
-0.003800
-0.004112
-0.003255
-0.000866
0.003143
0.008277
0.014812
0.020218
0.023784
0.025527
0.026273
0.026326
0.024729
0.021034
0.015593
0.008944
0.001878
-0.005158
-0.012536
-0.019984
-0.026561
-0.031382
-0.032920
-0.032168
-0.028791
-0.023683
-0.018462
-0.013358
-0.008437
-0.003825
-0.000140
0.003186
0.005800
0.007392
0.007747
0.007153
0.007039
0.007418
0.007973
0.009102
0.010178
0.010951
0.010630
0.009115
0.007061
0.004180
0.000355
-0.003841
-0.007101
-0.009175
-0.009741
-0.009243
-0.007250
-0.003932
0.000119
0.004155
0.007726
0.010153
0.011371
0.012240
0.012652
0.012429
0.011117
0.009210
0.006667
0.002961
-0.001519
-0.006516
-0.010982
-0.013646
-0.013960
-0.013147
-0.010820
-0.006911
-0.002313
0.002464
0.006327
0.009085
0.009677
0.008785
0.006340
0.002972
-0.000761
-0.004601
-0.007723
-0.009689
-0.010279
-0.010218
-0.009698
-0.008364
-0.006502
-0.004390
-0.002079
-0.000090
0.001628
0.002904
0.003680
0.003847
0.003937
0.005251
0.006949
0.009381
0.011721
0.012831
0.013102
0.012485
0.010750
0.007761
0.004484
0.001717
-0.000226
-0.001192
-0.002236
-0.003531
-0.004515
-0.006411
-0.008059
-0.008861
-0.009598
-0.009808
-0.008849
-0.007132
-0.004409
-0.000913
0.003271
0.007359
0.010464
0.011881
0.011845
0.010113
0.007260
0.004213
0.001855
-0.000495
-0.002584
-0.003846
-0.004026
-0.003705
-0.003025
-0.001643
0.000318
0.001774
0.002146
0.002313
0.001899
0.001061
-0.000178
-0.001611
-0.002905
-0.004050
-0.004672
-0.004197
-0.003515
-0.002891
-0.001983
-0.000817
0.000111
0.001141
0.002698
0.004645
0.006424
0.006777
0.005783
0.003646
-0.000145
-0.005609
-0.011785
-0.017993
-0.023055
-0.025019
-0.023760
-0.019396
-0.012678
-0.004345
0.004507
0.012460
0.018160
0.021314
0.022027
0.019722
0.014960
0.008842
0.001826
-0.004532
-0.009631
-0.012116
-0.012412
-0.010765
-0.007338
-0.002897
0.002429
0.006908
0.010816
0.014239
0.016174
0.017367
0.018019
0.017882
0.017566
0.016830
0.015463
0.013787
0.011409
0.008278
0.004959
0.001481
-0.002310
-0.005721
-0.008545
-0.010422
-0.011203
-0.012465
-0.012966
-0.013078
-0.013163
-0.013133
-0.013270
-0.012702
-0.011468
-0.010127
-0.008099
-0.004854
-0.001280
0.001377
0.003772
0.005255
0.005224
0.004609
0.002869
0.000838
-0.001062
-0.002506
-0.003467
-0.004250
-0.004304
-0.004698
-0.005116
-0.005110
-0.004857
-0.004106
-0.002081
0.000187
0.002972
0.005778
0.008556
0.010200
0.010150
0.008988
0.006711
0.004109
0.001568
-0.000346
-0.000709
-0.000443
-0.000024
0.000992
0.002124
0.003099
0.004011
0.004240
0.003827
0.003235
0.002722
0.001917
0.001553
0.001983
0.002966
0.003574
0.004411
0.005779
0.006962
0.007447
0.007025
0.005925
0.003962
0.000647
-0.002658
-0.005809
-0.008177
-0.009219
-0.009327
-0.008749
-0.007330
-0.005450
-0.003845
-0.002488
-0.001073
0.000117
0.000895
0.001939
0.002980
0.003643
0.004564
0.005139
0.005243
0.004878
0.003769
0.002673
0.001661
0.000309
-0.000897
-0.001965
-0.003183
-0.004699
-0.006542
-0.007596
-0.007955
-0.007435
-0.006527
-0.005905
-0.004932
-0.004292
-0.004046
-0.004230
-0.004336
-0.004243
-0.004003
-0.002896
-0.001556
-0.000082
0.002087
0.004242
0.005555
0.006973
0.007364
0.007232
0.007616
0.007999
0.008920
0.010884
0.012547
0.013575
0.013877
0.012791
0.010748
0.007375
0.003097
-0.001547
-0.006641
-0.010798
-0.014188
-0.016369
-0.016687
-0.015742
-0.013417
-0.010054
-0.006638
-0.003173
0.000095
0.002710
0.004864
0.006593
0.007730
0.008066
0.007652
0.007547
0.007782
0.007736
0.007893
0.007603
0.006592
0.005822
0.004606
0.002381
0.000132
-0.002008
-0.003858
-0.005780
-0.006889
-0.007406
-0.007894
-0.008028
-0.007521
-0.005918
-0.004537
-0.002926
-0.000967
0.001332
0.004202
0.007127
0.009806
0.010647
0.009761
0.008122
0.005691
0.002956
0.000219
-0.002165
-0.004361
-0.005383
-0.005204
-0.005155
-0.005113
-0.004771
-0.004862
-0.004929
-0.004438
-0.003813
-0.003317
-0.002856
-0.002188
-0.001871
-0.001933
-0.002036
-0.002784
-0.003246
-0.003221
-0.002480
-0.001079
0.001144
0.004175
0.007097
0.009553
0.011317
0.011569
0.011048
0.009792
0.008078
0.006394
0.004890
0.003679
0.003547
0.003935
0.005314
0.007069
0.008384
0.009348
0.009527
0.008690
0.006370
0.002946
-0.001464
-0.005857
-0.009632
-0.011838
-0.012452
-0.011735
-0.010317
-0.008248
-0.005667
-0.002938
-0.000358
0.001783
0.003333
0.004894
0.006254
0.006960
0.007574
0.007977
0.007548
0.006116
0.004118
0.001937
-0.000576
-0.003488
-0.005913
-0.007373
-0.008081
-0.008464
-0.009213
-0.009718
-0.010184
-0.010277
-0.009733
-0.008742
-0.007551
-0.005802
-0.003598
-0.001390
0.000366
0.002096
0.002916
0.002943
0.002222
0.001077
-0.000313
-0.001310
-0.001530
-0.001259
-0.000683
0.000679
0.002453
0.004154
0.005941
0.007107
0.007930
0.009472
0.009478
0.009675
0.010466
0.010997
0.010986
0.010159
0.008814
0.006656
0.004935
0.002982
0.001282
-0.000117
-0.001310
-0.001915
-0.002070
-0.001814
-0.001651
-0.002363
-0.003017
-0.003662
-0.003902
-0.003614
-0.003197
-0.001883
-0.000401
0.001133
0.002910
0.004134
0.004850
0.004601
0.003832
0.002190
-0.000198
-0.003244
-0.006606
-0.008887
-0.009879
-0.009897
-0.009288
-0.007976
-0.006278
-0.005179
-0.004707
-0.004528
-0.004559
-0.004374
-0.004114
-0.003092
-0.001464
0.000188
0.002428
0.004364
0.005798
0.006564
0.006428
0.005951
0.004836
0.003267
0.001533
0.000090
-0.000692
-0.000463
0.000283
0.001661
0.003601
0.004461
0.005473
0.007068
0.007797
0.007507
0.007657
0.007576
0.006398
0.004656
0.002264
0.000155
-0.001758
-0.003318
-0.003924
-0.003878
-0.004070
-0.003864
-0.002703
-0.001592
0.000213
0.001578
0.002254
0.002335
0.002319
0.002405
0.002625
0.002805
0.002639
0.001650
0.000195
-0.001130
-0.002519
-0.003653
-0.004459
-0.005340
-0.006544
-0.007596
-0.008429
-0.008201
-0.006977
-0.005326
-0.003013
-0.001420
-0.000295
0.000291
0.000305
-0.000057
-0.000818
-0.002062
-0.002740
-0.002518
-0.001760
-0.000046
0.002370
0.004404
0.005912
0.006723
0.006628
0.006444
0.006072
0.004936
0.004277
0.003840
0.003344
0.003155
0.002803
0.002281
0.002181
0.002651
0.002712
0.002512
0.002985
0.003124
0.002569
0.001645
0.000497
-0.000271
-0.001326
-0.002758
-0.004230
-0.005859
-0.006442
-0.007033
-0.007706
-0.007513
-0.006915
-0.005760
-0.003741
-0.001772
0.000308
0.002105
0.003183
0.004063
0.004273
0.004015
0.003820
0.004441
0.004916
0.004656
0.003339
0.001562
-0.000547
-0.002051
-0.002922
-0.003175
-0.002557
-0.001835
0.000254
0.002963
0.005442
0.007607
0.008719
0.009553
0.009642
0.008155
0.005898
0.003338
0.000030
-0.002572
-0.004147
-0.006022
-0.007573
-0.008102
-0.007352
-0.005678
-0.003174
-0.000736
0.001023
0.002299
0.003595
0.004784
0.004835
0.004653
0.003473
0.001516
-0.000525
-0.002588
-0.004375
-0.005562
-0.006067
-0.005179
-0.002503
0.000107
0.002317
0.003566
0.003659
0.002867
0.000742
-0.001382
-0.003502
-0.004817
-0.005582
-0.005772
-0.005390
-0.004877
-0.003705
-0.002502
-0.001278
-0.000345
0.000433
0.001571
0.002491
0.003032
0.003432
0.003564
0.003003
0.002896
0.003707
0.004723
0.006002
0.007334
0.007680
0.006978
0.005693
0.004980
0.003591
0.001985
0.000670
-0.001163
-0.003160
-0.004807
-0.006502
-0.007550
-0.007631
-0.007464
-0.006068
-0.003779
-0.001021
0.001702
0.003549
0.004724
0.004725
0.004635
0.004638
0.004506
0.003909
0.003621
0.003300
0.003265
0.002982
0.002471
0.001978
0.001369
0.000357
-0.000803
-0.001717
-0.002901
-0.003330
-0.002872
-0.002359
-0.001637
-0.001090
0.000178
0.000862
0.001410
0.002266
0.001832
0.000790
0.000046
-0.001121
-0.002613
-0.003723
-0.004617
-0.004937
-0.004616
-0.003789
-0.002949
-0.001780
-0.000951
-0.000065
0.000767
0.001264
0.001704
0.001845
0.002237
0.002689
0.002329
0.001926
0.001886
0.002528
0.003449
0.004281
0.004654
0.003973
0.002400
0.001177
0.000026
-0.001236
-0.002625
-0.004055
-0.004825
-0.005456
-0.005350
-0.004514
-0.003175
-0.001836
0.000096
0.002442
0.005004
0.007100
0.008526
0.009255
0.008823
0.008054
0.007067
0.005597
0.003328
0.000982
-0.001419
-0.003913
-0.005286
-0.006344
-0.007458
-0.007195
-0.006101
-0.004861
-0.004094
-0.002294
0.000291
0.001944
0.003194
0.003528
0.002609
0.000460
-0.001442
-0.002773
-0.003399
-0.003773
-0.004455
-0.005285
-0.006265
-0.006627
-0.006387
-0.005852
-0.004599
-0.002809
-0.000669
0.001551
0.004303
0.007683
0.010582
0.012315
0.013379
0.013459
0.012858
0.011245
0.008699
0.005713
0.002845
0.000100
-0.001864
-0.003459
-0.004367
-0.004506
-0.004571
-0.004790
-0.005073
-0.004385
-0.003145
-0.001780
-0.000726
0.000220
0.000818
0.001154
0.000967
0.000736
0.000675
-0.000106
-0.001146
-0.002220
-0.003223
-0.003345
-0.003283
-0.003011
-0.002362
-0.001535
-0.000307
0.001324
0.003229
0.004822
0.005590
0.005297
0.004928
0.004330
0.003655
0.003120
0.001632
-0.000243
-0.002424
-0.004424
-0.006291
-0.007810
-0.008098
-0.007286
-0.005261
-0.002750
0.000392
0.003338
0.005244
0.006223
0.005999
0.004667
0.003743
0.003301
0.003298
0.004064
0.004699
0.004721
0.004795
0.004818
0.004371
0.003453
0.001855
-0.000519
-0.003223
-0.005600
-0.007708
-0.009415
-0.010448
-0.010644
-0.010032
-0.008895
-0.007494
-0.005855
-0.003896
-0.001723
0.000171
0.002148
0.003360
0.004701
0.006763
0.008182
0.008827
0.008902
0.008336
0.006934
0.005615
0.003707
0.001619
0.000187
-0.000751
-0.001372
-0.001822
-0.002471
-0.002872
-0.003027
-0.003858
-0.004881
-0.005153
-0.004243
-0.002561
-0.000169
0.002677
0.004792
0.005829
0.006621
0.007042
0.006752
0.005872
0.005161
0.004753
0.004057
0.003025
0.002048
0.001072
0.000096
-0.000362
-0.000549
-0.001037
-0.001022
-0.000509
-0.000499
-0.000576
-0.000589
-0.000821
-0.001048
-0.001949
-0.002330
-0.001828
-0.001275
-0.000043
0.000778
0.000888
0.000266
-0.000868
-0.001874
-0.003077
-0.004176
-0.005195
-0.006183
-0.006926
-0.007366
-0.007608
-0.007063
-0.005988
-0.005371
-0.004200
-0.002252
-0.000116
0.001976
0.003656
0.004938
0.006118
0.007386
0.008143
0.007540
0.006377
0.004582
0.002302
0.000680
-0.000197
-0.001189
-0.001877
-0.001468
-0.000810
0.000321
0.002048
0.004121
0.006241
0.008096
0.009194
0.009597
0.009358
0.008535
0.006603
0.004103
0.001662
-0.000834
-0.003551
-0.005355
-0.005618
-0.005116
-0.004490
-0.003628
-0.001958
-0.000241
0.001185
0.001741
0.002268
0.003252
0.003746
0.003686
0.003550
0.002884
0.001919
-0.000026
-0.003127
-0.006061
-0.008746
-0.010182
-0.009626
-0.008256
-0.006083
-0.002650
0.000584
0.002564
0.003483
0.003787
0.003124
0.002376
0.001852
0.001473
0.001182
0.000549
-0.000247
-0.001307
-0.001820
-0.001798
-0.001211
-0.000569
-0.000760
-0.001085
-0.001550
-0.001691
-0.002033
-0.002162
-0.001899
-0.001165
0.000573
0.002939
0.005445
0.007307
0.008026
0.007799
0.006647
0.005300
0.003781
0.002172
-0.000191
-0.001989
-0.003333
-0.004893
-0.005595
-0.005763
-0.005303
-0.004404
-0.003182
-0.001261
0.000217
0.001443
0.002445
0.003100
0.003364
0.004184
0.005544
0.006708
0.007055
0.007026
0.006568
0.005759
0.005347
0.005329
0.005274
0.004585
0.003475
0.001869
-0.000133
-0.002230
-0.003926
-0.004933
-0.004856
-0.003922
-0.002449
-0.000789
0.000326
0.001404
0.001415
0.000627
-0.000581
-0.002125
-0.003144
-0.003584
-0.003144
-0.002555
-0.001627
-0.000855
-0.000428
0.000068
0.000645
0.001572
0.002331
0.002532
0.001997
0.001029
-0.000138
-0.001673
-0.003351
-0.004870
-0.005556
-0.006060
-0.005992
-0.005093
-0.003492
-0.001842
-0.001235
-0.000394
0.000742
0.001887
0.003001
0.003829
0.004201
0.004316
0.003984
0.002972
0.001672
0.000101
-0.001799
-0.002906
-0.002895
-0.002053
-0.000708
0.000637
0.001639
0.002805
0.003984
0.004783
0.005171
0.005107
0.004893
0.004814
0.004779
0.003979
0.003121
0.002193
0.001139
0.000777
0.000798
0.001261
0.001296
0.000489
-0.000317
-0.000904
-0.001884
-0.003253
-0.004386
-0.004755
-0.004667
-0.004061
-0.003079
-0.002201
-0.001333
-0.000942
-0.000614
-0.000374
-0.000040
0.000625
0.000854
0.000078
-0.001496
-0.002914
-0.003855
-0.004158
-0.004049
-0.003241
-0.001818
-0.000026
0.001748
0.003240
0.004153
0.004148
0.003065
0.002154
0.001743
0.001211
0.001050
0.000969
0.000602
-0.000160
-0.000933
-0.001753
-0.002604
-0.002940
-0.002955
-0.003311
-0.002949
-0.001405
-0.000426
0.000031
0.000542
0.000724
0.000694
0.001396
0.001791
0.001848
0.002135
0.003263
0.004301
0.005240
0.005886
0.005991
0.005573
0.004568
0.002631
0.000456
-0.001415
-0.002866
-0.003991
-0.004793
-0.005589
-0.005829
-0.005608
-0.005304
-0.004110
-0.002508
-0.000077
0.002155
0.003587
0.004568
0.004852
0.005050
0.004870
0.004024
0.003219
0.002823
0.002680
0.002512
0.002131
0.001134
-0.000385
-0.001755
-0.003558
-0.005388
-0.006461
-0.006541
-0.005069
-0.003151
-0.001127
0.000693
0.002021
0.003165
0.003859
0.004362
0.004074
0.002728
0.001729
0.000366
-0.001306
-0.002829
-0.004380
-0.004855
-0.004171
-0.003254
-0.002435
-0.001218
0.000011
0.000851
0.001432
0.001850
0.002006
0.002087
0.002068
0.001380
0.001011
0.001342
0.001058
0.000644
-0.000061
-0.001302
-0.002044
-0.002252
-0.002071
-0.001748
-0.001959
-0.002045
-0.001233
-0.000406
0.000039
0.000291
0.000425
0.001058
0.001842
0.002473
0.003701
0.004632
0.004183
0.003321
0.002143
0.001338
0.000420
-0.000612
-0.001168
-0.001799
-0.002500
-0.003102
-0.003391
-0.003240
-0.003021
-0.001875
0.000161
0.001997
0.003144
0.003897
0.004498
0.004039
0.003319
0.002474
0.001822
0.001972
0.002786
0.003520
0.003725
0.003512
0.002649
0.001466
0.000398
-0.000839
-0.001993
-0.002964
-0.003569
-0.003237
-0.002746
-0.001912
-0.000917
0.000334
0.001431
0.002108
0.002504
0.002251
0.001694
0.001524
0.000936
-0.000412
-0.001526
-0.002507
-0.003447
-0.003933
-0.004355
-0.004892
-0.005135
-0.005013
-0.004516
-0.003341
-0.001188
0.001468
0.004123
0.006180
0.007290
0.007441
0.006816
0.005242
0.003546
0.001798
-0.000300
-0.001827
-0.003131
-0.003718
-0.003774
-0.003375
-0.001919
-0.000511
0.000790
0.002068
0.003729
0.005247
0.005911
0.006108
0.005715
0.004490
0.003025
0.001734
0.000323
-0.001141
-0.002206
-0.003479
-0.004515
-0.004818
-0.004353
-0.003559
-0.002955
-0.002220
-0.001465
-0.000573
0.000303
0.000772
0.000484
-0.000235
-0.000943
-0.001805
-0.002679
-0.003608
-0.004095
-0.003899
-0.003402
-0.002893
-0.001749
-0.000739
-0.000058
0.000551
0.001517
0.002955
0.003092
0.003485
0.004181
0.004166
0.004013
0.003514
0.002731
0.001623
0.000479
-0.000251
-0.000700
-0.001381
-0.001601
-0.001315
-0.000745
-0.000090
0.000904
0.001940
0.002782
0.003146
0.002991
0.002853
0.002700
0.002102
0.001360
0.000712
0.000267
0.000248
0.000430
0.000698
0.000881
0.001279
0.001471
0.001170
0.000573
-0.000243
-0.001327
-0.002464
-0.003632
-0.004194
-0.004574
-0.004770
-0.003990
-0.002835
-0.001453
0.000320
0.002058
0.003395
0.004299
0.004637
0.004148
0.003395
0.002820
0.002289
0.001645
0.000896
0.000540
0.000103
-0.000122
0.000029
-0.000388
-0.000835
-0.000922
-0.000528
-0.000409
-0.000356
0.000340
0.001088
0.001294
0.001321
0.000996
0.000685
0.000247
-0.000254
-0.000319
-0.000598
-0.000551
0.000085
0.000720
0.000747
0.000769
0.001404
0.001473
0.001076
0.000493
-0.000239
-0.001125
-0.002162
-0.002691
-0.003296
-0.003532
-0.003486
-0.002581
-0.001460
-0.000521
0.000152
0.001000
0.001348
0.001464
0.001879
0.002016
0.002535
0.002797
0.003089
0.003703
0.003610
0.002350
0.000941
-0.000735
-0.002358
-0.003938
-0.004721
-0.004578
-0.003462
-0.001743
0.000407
0.002467
0.004138
0.005129
0.005761
0.006204
0.006159
0.004896
0.003677
0.002899
0.001427
-0.000250
-0.001681
-0.002463
-0.003593
-0.004061
-0.004225
-0.003938
-0.002938
-0.001643
-0.000506
0.000409
0.001968
0.003458
0.005014
0.006233
0.006118
0.005395
0.004005
0.002365
0.000138
-0.001943
-0.003497
-0.005062
-0.006150
-0.006024
-0.005699
-0.005201
-0.004111
-0.003284
-0.002786
-0.001985
-0.000934
0.000052
0.001094
0.001784
0.002351
0.002808
0.003222
0.003898
0.004759
0.005069
0.004761
0.004850
0.004613
0.004380
0.003489
0.002123
0.000913
0.000481
0.000291
0.000082
-0.000250
-0.000908
-0.001436
-0.001612
-0.001531
-0.001023
-0.000702
0.000088
0.000707
0.001790
0.003217
0.004107
0.004132
0.003650
0.003442
0.003208
0.002667
0.001209
-0.000652
-0.002554
-0.004177
-0.004936
-0.005192
-0.005072
-0.004906
-0.004253
-0.003268
-0.002699
-0.002237
-0.001880
-0.001583
-0.000851
-0.000194
0.000319
0.000206
0.000281
0.000902
0.000763
0.000028
-0.000798
-0.001719
-0.002490
-0.002977
-0.003059
-0.002640
-0.001611
-0.000359
0.001054
0.002423
0.004146
0.005751
0.006826
0.007449
0.007583
0.007053
0.005819
0.004422
0.003184
0.001999
0.001155
0.000972
0.000759
0.000289
0.000041
-0.000113
-0.000074
-0.000168
-0.000228
0.000100
0.000730
0.001176
0.001343
0.001549
0.001735
0.002213
0.002355
0.001725
0.001237
0.000883
0.000142
-0.000773
-0.002178
-0.003187
-0.003251
-0.002786
-0.001990
-0.001090
-0.000024
0.000921
0.002020
0.002663
0.002597
0.002320
0.001653
0.000726
-0.000385
-0.001231
-0.001842
-0.002409
-0.002578
-0.002188
-0.001407
-0.000202
0.000455
0.001179
0.002383
0.002682
0.002302
0.001340
0.000518
-0.000653
-0.001829
-0.002288
-0.002299
-0.002365
-0.002588
-0.002980
-0.002920
-0.002286
-0.001861
-0.001164
-0.000189
0.000086
0.000141
-0.000120
-0.000171
-0.000401
-0.000508
-0.000212
-0.000087
0.000765
0.001276
0.001629
0.002581
0.003274
0.003416
0.003231
0.002699
0.002428
0.002165
0.001946
0.001774
0.001668
0.001338
0.000252
-0.000536
-0.001215
-0.002246
-0.002765
-0.002634
-0.002434
-0.002376
-0.001813
-0.000821
0.000237
0.001131
0.001918
0.002476
0.003181
0.003912
0.003910
0.003226
0.002385
0.001754
0.001581
0.001167
0.000412
0.000371
0.000547
0.000387
-0.000137
-0.000978
-0.001570
-0.001740
-0.001982
-0.001656
-0.000790
-0.000517
0.000237
0.001266
0.002062
0.003165
0.003503
0.003792
0.004132
0.004069
0.003831
0.003908
0.003633
0.002601
0.001732
0.001285
0.000651
0.000054
-0.000247
-0.001160
-0.001948
-0.002075
-0.002190
-0.002577
-0.002908
-0.003293
-0.003435
-0.003984
-0.004435
-0.004092
-0.003309
-0.002655
-0.002392
-0.002292
-0.001368
-0.000555
0.000068
0.000531
0.000439
0.000430
-0.000124
0.000057
0.000122
0.000196
0.000119
0.000069
-0.000084
-0.000986
-0.001598
-0.001983
-0.002276
-0.001775
-0.001095
-0.000091
0.001001
0.001523
0.001734
0.002535
0.002670
0.001933
0.001444
0.001192
0.001012
0.001328
0.001208
0.000931
0.001710
0.002140
0.002593
0.003426
0.004139
0.003359
0.002326
0.001767
0.001133
0.000665
-0.000133
-0.000992
-0.001374
-0.001518
-0.001921
-0.001702
-0.001393
-0.001302
-0.001026
-0.000551
0.000143
0.000493
0.000800
0.001358
0.001863
0.002217
0.001928
0.001700
0.001619
0.001585
0.001589
0.001747
0.001851
0.001412
0.000795
0.000696
0.000284
-0.001032
-0.001977
-0.002209
-0.002458
-0.002007
-0.000719
0.000405
0.001359
0.001890
0.002424
0.002767
0.002283
0.001068
-0.000234
-0.001733
-0.003066
-0.003930
-0.003936
-0.003419
-0.002380
-0.000954
0.000326
0.001270
0.002023
0.002705
0.003157
0.002997
0.002540
0.002313
0.002380
0.002041
0.001914
0.001390
0.000548
-0.000025
-0.000818
-0.001684
-0.002733
-0.003875
-0.004628
-0.004248
-0.003277
-0.002274
-0.001055
0.000268
0.001669
0.002722
0.003578
0.003135
0.002499
0.002150
0.001359
0.000356
-0.000656
-0.001847
-0.002455
-0.002396
-0.002110
-0.001611
-0.000967
-0.000182
0.000562
0.001116
0.001978
0.002820
0.003244
0.003792
0.003379
0.002104
0.001196
0.000494
-0.000040
-0.000562
-0.001283
-0.001421
-0.001310
-0.000686
0.000403
0.001107
0.001898
0.002904
0.003452
0.003980
0.003802
0.003003
0.002085
0.000574
-0.000553
-0.001860
-0.002925
-0.003430
-0.004015
-0.003968
-0.003395
-0.002550
-0.001680
-0.000976
-0.000890
-0.001101
-0.000678
-0.000246
-0.000365
0.000060
0.000650
0.000571
0.000063
-0.000302
-0.000808
-0.001358
-0.001466
-0.001633
-0.001675
-0.001695
-0.001730
-0.001145
-0.000400
0.000176
0.000810
0.001768
0.002587
0.002795
0.003425
0.004424
0.004682
0.004962
0.004910
0.004631
0.004316
0.003725
0.003090
0.001351
-0.000466
-0.001579
-0.002571
-0.003173
-0.003381
-0.003257
-0.002409
-0.001479
-0.000867
0.000260
0.001416
0.001922
0.002058
0.001896
0.001566
0.001061
0.000149
-0.000893
-0.001832
-0.003088
-0.003694
-0.003889
-0.004048
-0.003949
-0.003748
-0.002565
-0.001363
-0.000866
0.000097
0.001158
0.002365
0.003335
0.003329
0.003024
0.002623
0.001770
0.000937
0.000440
0.000154
0.000204
0.000252
-0.000095
-0.000375
-0.000612
-0.001641
-0.002106
-0.001699
-0.000830
0.000032
0.000531
0.001569
0.002777
0.003366
0.003532
0.003736
0.003206
0.002396
0.001987
0.001272
-0.000155
-0.001589
-0.002168
-0.002632
-0.002749
-0.002486
-0.002213
-0.001813
-0.001102
-0.000145
-0.000203
-0.000435
0.000297
0.001188
0.001862
0.002647
0.002778
0.002704
0.002760
0.002820
0.002184
0.000976
-0.000286
-0.001110
-0.000865
-0.000501
-0.000739
-0.000711
-0.000129
0.000453
0.000982
0.001480
0.001362
0.001238
0.001267
0.001074
0.000854
0.001140
0.002395
0.003526
0.003963
0.003658
0.003087
0.002610
0.001716
0.000831
-0.000469
-0.001513
-0.002722
-0.003531
-0.003629
-0.003799
-0.003810
-0.003298
-0.002393
-0.001496
-0.000438
0.000180
0.000120
0.000230
0.000210
-0.000005
-0.000643
-0.001002
-0.001277
-0.001251
-0.001080
-0.001407
-0.001563
-0.000812
0.000152
0.000648
0.000784
0.000895
0.000834
0.001247
0.001774
0.002074
0.002229
0.002124
0.002751
0.003704
0.004734
0.005152
0.004940
0.004990
0.004419
0.002884
0.001586
0.000172
-0.001862
-0.003229
-0.004246
-0.004763
-0.004583
-0.003850
-0.002602
-0.001037
0.001036
0.002463
0.003039
0.003512
0.003098
0.002640
0.002370
0.001440
0.000293
-0.000278
-0.000338
-0.000601
-0.001042
-0.001671
-0.002058
-0.001984
-0.001185
-0.000451
-0.000930
-0.000612
-0.000140
0.000069
0.000743
0.001007
0.001175
0.001828
0.001657
0.000999
0.000464
-0.000177
-0.000549
-0.000881
-0.001261
-0.001215
-0.000953
-0.000949
-0.000984
-0.000772
-0.001138
-0.001110
-0.000946
-0.000785
0.000101
0.001093
0.001618
0.002012
0.001938
0.001532
0.001277
0.001079
0.000617
-0.000034
-0.000180
-0.000193
0.000081
0.000467
0.000503
0.000280
0.000193
0.000573
0.000793
0.000573
0.000668
0.001394
0.002372
0.002357
0.002287
0.002261
0.001678
0.001057
0.001070
0.001325
0.000744
-0.000065
-0.000664
-0.000871
-0.000357
-0.000235
-0.000078
0.000319
0.000350
0.000141
0.000017
-0.000105
0.000011
-0.000365
-0.000813
-0.000633
-0.000838
-0.000682
-0.000440
-0.000238
0.000059
-0.000046
-0.000861
-0.001514
-0.001681
-0.001907
-0.002052
-0.002415
-0.002592
-0.001842
-0.001008
-0.000122
0.000608
0.000445
0.000168
0.000101
0.000407
0.000081
-0.000375
0.000102
0.000677
0.000895
0.001071
0.001225
0.001172
0.001336
0.001481
0.001197
0.000587
0.000127
-0.000207
-0.000129
-0.000217
-0.000594
-0.000267
0.000212
0.000687
0.001723
0.003013
0.003702
0.003951
0.004177
0.004341
0.004296
0.003325
0.001996
0.000517
-0.001086
-0.002530
-0.003961
-0.004387
-0.004296
-0.003851
-0.003037
-0.002175
-0.000983
0.000288
0.001290
0.001783
0.001886
0.001795
0.000693
-0.000417
-0.000569
-0.000837
-0.001145
-0.001043
-0.000907
-0.000755
-0.000585
-0.000400
-0.000717
-0.001325
-0.001644
-0.002075
-0.002058
-0.000577
0.000900
0.001772
0.002341
0.002497
0.002009
0.001255
0.000776
-0.000201
-0.000474
-0.000461
-0.000792
-0.000676
-0.000819
-0.000637
-0.000933
-0.002065
-0.002478
-0.002306
-0.001745
-0.000904
-0.000139
0.000928
0.001981
0.002115
0.002118
0.002205
0.001813
0.000789
0.000358
0.000261
-0.000402
-0.000835
-0.000409
0.000060
0.000325
0.000874
0.001343
0.001827
0.002248
0.002671
0.003022
0.003256
0.003383
0.002720
0.001648
0.000823
-0.000024
-0.000892
-0.001567
-0.001707
-0.001722
-0.001279
-0.000873
-0.000555
0.000066
0.000287
0.000205
0.000270
0.000238
0.000170
0.000544
0.001124
0.001350
0.000867
0.000244
-0.000397
-0.001172
-0.001369
-0.001535
-0.001722
-0.001700
-0.001742
-0.001787
-0.001846
-0.001849
-0.001597
-0.001526
-0.001088
-0.000872
-0.000277
0.000297
-0.000019
-0.000005
-0.000163
-0.000134
0.000631
0.001767
0.002547
0.002706
0.001840
0.000727
-0.000105
-0.000258
-0.000196
-0.000016
0.000613
0.001163
0.001647
0.002039
0.002180
0.002005
0.001504
0.000108
-0.001101
-0.001224
-0.000915
-0.000553
-0.000470
-0.000897
-0.001237
-0.001221
-0.000654
-0.000222
-0.000110
0.000594
0.001928
0.002675
0.002848
0.003033
0.002745
0.002107
0.001199
0.000294
-0.000095
-0.000659
-0.001274
-0.001232
-0.001644
-0.002030
-0.002173
-0.002258
-0.001540
-0.000344
0.000383
0.000832
0.000828
0.000995
0.000839
0.000505
0.000354
-0.000116
-0.000557
-0.000641
-0.000938
-0.001441
-0.000605
0.000188
0.000363
0.000914
0.001261
0.001512
0.001089
0.000471
0.000352
-0.000260
-0.000941
-0.000980
-0.000701
-0.000337
0.000549
0.001267
0.000986
0.000427
0.000178
-0.000492
-0.001340
-0.001423
-0.000887
0.000243
0.000903
0.001645
0.001776
0.001400
0.000795
0.000177
0.000148
0.000032
0.000100
0.000776
0.001422
0.001866
0.001940
0.001911
0.001644
0.001199
0.001455
0.001656
0.001242
0.000821
-0.000001
-0.000607
-0.000996
-0.001209
-0.000517
-0.000345
-0.000313
0.000392
0.000965
0.001260
0.000903
-0.000161
-0.001121
-0.001742
-0.001836
-0.001548
-0.001238
-0.000908
-0.000683
-0.001304
-0.001892
-0.002093
-0.002428
-0.002306
-0.001890
-0.001320
-0.000458
0.001044
0.002404
0.003072
0.003569
0.003471
0.003182
0.003163
0.002849
0.002193
0.001099
-0.000268
-0.001162
-0.002054
-0.002280
-0.002392
-0.002485
-0.002514
-0.002600
-0.002378
-0.001526
-0.000350
0.000529
0.000930
0.001536
0.001784
0.001596
0.001707
0.001821
0.002036
0.001904
0.001551
0.001615
0.001862
0.001606
0.001369
0.001035
0.000491
0.000163
-0.000896
-0.001414
-0.001228
-0.000997
-0.000332
-0.000023
0.000328
0.000979
0.001184
0.000821
-0.000162
-0.001238
-0.002331
-0.002992
-0.002798
-0.002217
-0.001392
0.000230
0.001713
0.002725
0.003650
0.004416
0.004478
0.004116
0.003381
0.001836
0.000535
-0.000122
-0.000475
-0.000799
-0.001331
-0.001384
-0.000908
-0.000825
-0.000558
-0.000304
0.000191
0.000971
0.000945
0.000935
0.000773
0.000768
0.001216
0.000750
0.000475
0.000344
-0.000410
-0.000617
-0.000442
-0.000178
-0.000229
-0.000735
-0.000816
-0.000410
-0.000095
0.000315
0.000464
0.000346
0.000157
-0.000012
0.000168
0.000321
0.000865
0.001189
0.001137
0.000874
0.000574
0.000284
-0.000311
-0.000246
0.000010
0.000114
0.000538
0.000763
0.001116
0.001400
0.000889
0.000162
-0.000003
-0.000236
0.000214
0.001033
0.001997
0.002836
0.002891
0.001411
0.000276
-0.000322
-0.000786
-0.000611
-0.001259
-0.001836
-0.002023
-0.001720
-0.000832
-0.000554
-0.000306
0.000137
0.000074
0.000457
0.001456
0.001964
0.002027
0.001952
0.001165
0.000144
-0.000145
0.000283
0.000398
0.000691
0.000723
0.000501
-0.000290
-0.001467
-0.001473
-0.001525
-0.001817
-0.001996
-0.001767
-0.001821
-0.001981
-0.001591
-0.000905
-0.000037
0.000714
0.000957
0.001876
0.002990
0.003107
0.002869
0.002164
0.000756
-0.000438
-0.000962
-0.001047
-0.000466
0.000086
0.000134
0.000277
0.000190
-0.000014
-0.000038
-0.000260
-0.000614
-0.000103
0.000375
0.000252
0.000051
-0.000294
-0.000614
-0.000686
-0.000362
0.000007
0.000365
0.001254
0.002225
0.002184
0.002218
0.001909
0.000883
0.000318
0.000126
-0.000475
-0.000695
-0.000163
0.000715
0.000919
0.001175
0.000770
-0.000345
-0.000605
-0.000799
0.000085
0.001436
0.002009
0.002461
0.002100
0.001234
0.000751
-0.000129
-0.000771
-0.000823
-0.000585
-0.000414
-0.000471
-0.001164
-0.001414
-0.001307
-0.001167
0.000044
0.001232
0.002050
0.002886
0.003674
0.003815
0.003346
0.002181
0.001214
0.000555
-0.000281
-0.001510
-0.002908
-0.003996
-0.004159
-0.003729
-0.002179
-0.000943
-0.000334
0.000351
0.000546
0.000798
0.000848
0.000907
0.001038
0.000890
0.000940
0.001392
0.001564
0.001701
0.001603
0.001279
0.000874
0.000215
-0.000270
-0.000978
-0.001791
-0.001696
-0.001160
-0.000590
-0.000334
-0.000179
-0.000200
0.000074
0.000789
0.001508
0.002048
0.002533
0.002969
0.002958
0.002611
0.001937
0.000564
-0.000274
-0.000350
-0.000731
-0.000756
-0.000423
0.000237
0.000591
0.000526
0.000575
0.000520
0.000312
0.000112
-0.000414
-0.000753
-0.000668
-0.000017
0.000847
0.001408
0.001774
0.001293
-0.000171
-0.001652
-0.002499
-0.002846
-0.003590
-0.003770
-0.002906
-0.002243
-0.001486
-0.000456
0.000819
0.002295
0.003180
0.003766
0.003777
0.002852
0.002054
0.001211
0.000069
-0.000735
-0.001439
-0.002005
-0.002462
-0.002549
-0.001715
-0.000637
0.000066
0.000842
0.001540
0.001552
0.001538
0.001498
0.001157
0.001266
0.001579
0.001214
0.000573
0.000152
-0.000369
-0.000399
-0.000082
0.000124
0.000185
0.000766
0.000771
0.000701
0.001456
0.002045
0.002583
0.002750
0.002680
0.002629
0.001724
0.000297
-0.000563
-0.000523
-0.000369
-0.000174
0.000231
0.000546
0.000880
0.001289
0.001867
0.001988
0.002007
0.001282
-0.000064
-0.000466
-0.000484
-0.000915
-0.001178
-0.000942
-0.000926
-0.001123
-0.000998
-0.001018
-0.000644
-0.000159
0.000551
0.001155
0.001015
0.000186
-0.001024
-0.001932
-0.002419
-0.002466
-0.001485
-0.000392
0.000489
0.001076
0.001335
0.001479
0.000495
-0.000260
-0.000366
-0.000059
0.000497
0.000875
0.000919
0.000562
0.000279
0.000092
0.000441
0.000749
0.000953
0.001671
0.001643
0.001490
0.001198
0.000649
0.000556
0.000719
0.000567
0.000342
0.000492
0.000401
-0.000566
-0.000779
-0.000359
-0.000169
-0.000011
-0.000117
-0.000074
0.000582
0.000726
0.000989
0.000993
0.000855
0.001048
0.000992
0.000838
0.000441
0.000220
0.000145
0.000199
0.000340
0.000492
0.000758
0.001238
0.002279
0.003416
0.003732
0.003733
0.003084
0.001138
-0.001141
-0.002528
-0.003791
-0.004051
-0.003556
-0.002703
-0.001850
-0.000631
0.000668
0.001852
0.003174
0.004009
0.003810
0.003211
0.002571
0.001598
0.000770
-0.000055
-0.000460
-0.001326
-0.002269
-0.002790
-0.002199
-0.000860
-0.000157
0.000110
0.000534
0.000513
0.001127
0.001787
0.002018
0.001222
0.000032
-0.000055
0.000089
0.000067
-0.000628
-0.001250
-0.002117
-0.002732
-0.002502
-0.001383
-0.000181
0.000347
0.000259
0.000449
0.000458
0.000937
0.001449
0.001753
0.002369
0.002584
0.002098
0.001445
0.001087
0.000255
-0.000920
-0.001541
-0.001786
-0.001466
-0.000458
0.000293
0.001153
0.001534
0.001592
0.001670
0.001913
0.002038
0.001727
0.001319
0.000551
-0.000032
-0.000280
-0.000424
-0.000435
-0.000091
0.000189
0.000213
0.000269
0.000799
0.001015
0.001310
0.001357
0.000980
0.000793
0.000498
0.000182
0.000271
0.000168
-0.000216
-0.000298
-0.000288
-0.000339
-0.000311
-0.000202
0.000053
0.000250
0.000094
0.000084
-0.000061
-0.000323
-0.000692
-0.001148
-0.001635
-0.002044
-0.002219
-0.001755
-0.001059
-0.001335
-0.000707
0.000457
0.001300
0.002318
0.002887
0.002515
0.001682
0.000960
0.000264
-0.000187
-0.000417
-0.000828
-0.000898
-0.000948
-0.001245
-0.001483
-0.001322
-0.000891
-0.000391
0.000250
0.000766
0.001596
0.002201
0.002615
0.003054
0.003061
0.002704
0.002101
0.000967
-0.000438
-0.001526
-0.002130
-0.001902
-0.001054
-0.000237
0.000204
0.000342
0.000484
0.000923
0.001497
0.001748
0.001905
0.001684
0.001429
0.001594
0.001703
0.001535
0.001220
0.000468
-0.000085
-0.000581
-0.001062
-0.000650
0.000047
-0.000012
0.000336
0.001311
0.001579
0.001592
0.001124
0.000862
0.001002
0.001038
0.000731
0.000353
0.000385
0.000318
0.000423
0.000652
0.000583
0.001287
0.001898
0.001799
0.001587
0.001307
0.000892
0.000418
0.000037
-0.000324
-0.000340
-0.000504
-0.000467
-0.000034
-0.000006
0.000200
0.000402
0.000077
-0.000045
-0.000049
-0.000432
-0.000694
-0.000325
0.000195
0.000276
0.000257
0.000366
0.000122
-0.000180
-0.000207
-0.000336
-0.000641
-0.000727
-0.000450
-0.000139
-0.000096
-0.000508
-0.000783
-0.000971
-0.000727
-0.000247
0.000708
0.001362
0.001664
0.001770
0.001591
0.001266
0.000515
-0.000414
-0.001785
-0.002695
-0.002951
-0.002561
-0.001732
-0.000789
0.000308
0.001109
0.002165
0.003290
0.003438
0.002984
0.002187
0.001476
0.001047
0.001012
0.001024
0.000927
0.001183
0.001400
0.001440
0.001745
0.001711
0.001581
0.001331
0.000719
0.000494
-0.000129
-0.001313
-0.001940
-0.002162
-0.002286
-0.002073
-0.001557
-0.001126
-0.000283
0.000510
0.000968
0.001594
0.001817
0.001502
0.001417
0.001805
0.001678
0.001793
0.002206
0.001370
0.000597
0.000196
0.000058
0.000158
-0.000028
-0.000126
-0.000066
-0.000285
-0.000099
-0.000209
-0.000571
-0.000228
-0.000155
0.000381
0.001851
0.002730
0.002679
0.002409
0.001992
0.001179
0.000017
-0.000800
-0.001377
-0.002200
-0.002272
-0.001387
-0.000595
0.000157
0.001031
0.001299
0.001096
0.001245
0.001458
0.001401
0.000970
0.000259
-0.000414
-0.000355
-0.000539
-0.001171
-0.001112
-0.001227
-0.001183
-0.000577
-0.000060
0.000136
0.000180
0.000041
-0.000270
-0.000486
-0.000853
-0.001138
-0.000941
-0.000495
-0.000141
0.000330
0.000615
0.000476
0.000274
-0.000464
-0.000973
-0.001021
-0.000873
-0.000238
0.000738
0.001035
0.001260
0.001316
0.001159
0.000699
0.000540
0.000281
0.000005
-0.000253
-0.000550
-0.000636
-0.000640
-0.000681
-0.000543
-0.000287
0.000171
0.000559
0.001107
0.001818
0.002265
0.002644
0.002687
0.001949
0.000414
-0.000862
-0.001464
-0.001941
-0.001836
-0.001451
-0.000899
-0.000210
0.000507
0.001070
0.001383
0.001247
0.001130
0.001268
0.001169
0.000624
0.000372
0.000151
0.000218
0.000476
0.000209
-0.000066
0.000084
-0.000304
-0.001030
-0.000948
-0.000637
-0.000772
-0.000629
0.000157
0.000872
0.001427
0.001761
0.002018
0.001912
0.001196
0.000342
-0.000357
-0.001132
-0.001955
-0.001895
-0.001105
-0.000421
0.000111
0.000081
0.000052
0.000064
-0.000605
-0.001056
-0.000857
-0.000522
-0.000036
0.000697
0.000934
0.001339
0.001342
0.000868
0.000787
0.000378
0.000339
0.000637
0.000682
0.000672
0.000500
0.000234
-0.000014
-0.000457
-0.001310
-0.001905
-0.002077
-0.001472
-0.000576
-0.000126
0.000284
0.000745
0.001056
0.001368
0.001503
0.001091
0.001043
0.001130
0.000900
0.001083
0.001106
0.001181
0.001496
0.001242
0.000606
-0.000141
-0.000258
-0.000327
-0.000795
-0.000806
-0.000827
-0.000864
-0.000613
-0.000432
-0.000016
0.000349
0.000547
0.000742
0.000630
0.000316
0.000268
-0.000171
-0.000686
-0.000831
-0.000691
-0.000433
0.000182
0.001025
0.001195
0.001004
0.001242
0.001309
0.000609
-0.000049
-0.000684
-0.001195
-0.001569
-0.001593
-0.001400
-0.000889
-0.000183
0.000021
0.000097
0.000071
0.000174
0.000398
0.000410
0.000347
0.000444
0.000513
0.000486
0.000788
0.000743
0.000514
0.000707
0.000955
0.000867
0.000886
0.001362
0.001809
0.001875
0.001569
0.001052
0.000573
0.000113
-0.000333
-0.000121
0.000077
0.000219
0.000163
-0.000272
-0.000308
-0.000413
-0.000014
0.000196
-0.000417
-0.000742
-0.000607
-0.000309
0.000579
0.001428
0.002080
0.002848
0.003121
0.002961
0.002075
0.001159
0.000415
-0.000544
-0.000954
-0.001095
-0.001278
-0.001150
-0.001098
-0.000710
-0.000178
0.000250
0.000645
0.001287
0.001604
0.001612
0.001073
0.000845
0.001074
0.001301
0.000976
0.000648
0.000207
-0.000395
-0.000920
-0.001333
-0.001266
-0.001145
-0.000740
-0.000401
-0.000259
0.000250
0.000641
0.000890
0.000935
0.000622
0.000957
0.000962
0.000362
0.000326
0.000706
0.000935
0.000658
0.000212
-0.000073
-0.000401
-0.000794
-0.001202
-0.001370
-0.001591
-0.001774
-0.001477
-0.000722
0.000141
0.000733
0.001232
0.001136
0.000830
0.000616
0.000265
0.000166
0.000145
0.000580
0.000646
0.000810
0.001587
0.001855
0.001492
0.000962
0.000354
-0.000069
0.000001
0.000001
0.000123
0.000636
0.001597
0.002285
0.001775
0.001043
0.000613
0.000333
-0.000486
-0.001167
-0.000989
-0.001021
-0.001005
-0.000779
-0.000338
0.000053
0.000752
0.001062
0.001279
0.001407
0.001427
0.000947
0.000595
0.000460
0.000508
0.000248
-0.000037
0.000195
0.000232
-0.000368
-0.000705
-0.000127
0.000148
0.000163
0.000359
0.000427
0.000306
0.000167
0.000508
0.000582
-0.000000
-0.000378
0.000144
0.000635
0.000505
0.000665
0.000628
0.000358
-0.000049
-0.000356
-0.000650
-0.000907
-0.000924
-0.000964
-0.000667
-0.000136
0.000097
0.000265
0.000448
0.000418
-0.000055
-0.000329
-0.000185
-0.000176
0.000077
0.000350
-0.000009
0.000063
-0.000090
-0.000186
0.000538
0.000785
0.001345
0.001974
0.002410
0.002539
0.002344
0.001412
0.000220
-0.000764
-0.001241
-0.001180
-0.000842
-0.000648
-0.000451
-0.000318
0.000377
0.000682
0.000533
0.000884
0.000556
0.000456
0.000756
0.000965
0.001076
0.001507
0.001874
0.001818
0.001842
0.001544
0.000393
-0.000445
-0.000707
-0.000764
-0.000839
-0.001185
-0.001011
-0.000836
-0.000919
-0.000932
-0.001268
-0.001134
-0.000945
-0.000739
-0.000460
-0.000290
0.000223
0.000233
0.000358
0.000420
0.000515
0.000339
0.000102
-0.000063
0.000022
0.000431
0.000305
0.000834
0.000881
0.000325
0.000169
0.000236
0.000154
0.000142
0.000505
0.000445
0.000630
0.000965
0.001054
0.001065
0.000767
0.000323
0.000212
0.000141
0.000010
0.000014
-0.000195
-0.000193
0.000327
0.000768
0.000866
0.000717
0.000889
0.001562
0.001971
0.001937
0.001515
0.000986
0.000785
0.000725
0.000238
-0.000583
-0.001191
-0.001212
-0.001188
-0.001371
-0.001407
-0.000918
-0.000507
-0.000177
0.000730
0.001909
0.002280
0.002373
0.002267
0.001883
0.001516
0.000741
-0.000252
-0.000734
-0.000720
-0.000609
-0.000034
0.000550
0.001274
0.001619
0.001729
0.001746
0.001668
0.001159
0.000858
0.000748
0.000579
0.000375
-0.000136
-0.000468
-0.000639
-0.000652
-0.000747
-0.000127
0.000205
0.000141
0.000666
0.000861
0.000153
-0.000289
0.000015
-0.000536
-0.000904
-0.000389
0.000043
0.000466
0.000664
0.000431
0.000305
0.000361
0.000152
0.000027
-0.000130
-0.000178
-0.000020
0.000002
-0.000047
-0.000258
-0.000475
-0.000288
-0.000057
0.000502
0.001017
0.000719
0.000347
-0.000186
-0.000353
-0.000179
-0.000030
-0.000099
0.000514
0.000919
0.000515
0.000612
0.000995
0.001203
0.001293
0.001455
0.001992
0.002384
0.002336
0.001640
0.000827
0.000269
0.000002
-0.000161
-0.000272
-0.000137
0.000079
0.000180
0.000282
0.000762
0.001051
0.000953
0.000971
0.001265
0.000847
-0.000072
-0.000376
-0.000471
-0.000889
-0.000806
-0.000498
-0.000546
-0.000575
-0.000622
-0.000312
0.000095
0.000399
0.000540
0.000381
0.000098
-0.000062
-0.000285
-0.000551
-0.000362
-0.000236
-0.000277
-0.000424
-0.000356
-0.000724
-0.001299
-0.001475
-0.001505
-0.001363
-0.000928
-0.000351
0.000185
0.000179
0.000092
0.000588
0.000961
0.000790
0.000805
0.000921
0.001066
0.001268
0.001221
0.000612
0.000137
-0.000153
-0.000196
-0.000359
-0.000251
0.000591
0.000983
0.001301
0.001237
0.001460
0.001699
0.001442
0.001509
0.001762
0.002253
0.001826
0.001235
0.001260
0.000859
0.000381
0.000063
0.000060
0.000114
0.000137
0.000083
-0.000228
-0.000553
-0.000427
0.000245
0.000386
0.000644
0.001150
0.001053
0.000855
0.000664
0.000591
0.000861
0.000407
0.000229
-0.000228
-0.000758
-0.000649
-0.000568
-0.000479
-0.000055
0.000424
0.000552
0.000827
0.001003
0.000999
0.001205
0.001089
0.000440
0.000743
0.000898
0.000627
0.000023
-0.000319
-0.000766
-0.001360
-0.001671
-0.001988
-0.002043
-0.001914
-0.001425
-0.000965
-0.000597
-0.000173
0.000337
0.000956
0.001677
0.002226
0.002356
0.002312
0.001823
0.000986
0.000599
0.000594
0.000439
-0.000208
0.000016
0.000064
-0.000428
-0.000514
-0.000669
-0.000339
-0.000066
-0.000313
-0.000523
-0.000289
-0.000174
-0.000381
-0.000071
0.000781
0.001736
0.001770
0.001277
0.001491
0.001477
0.000744
-0.000051
-0.000213
-0.000389
-0.000840
-0.001173
-0.001168
-0.000781
-0.000352
0.000192
0.000768
0.001394
0.001435
0.001588
0.001784
0.001495
0.000989
0.000372
-0.000164
-0.000771
-0.000797
-0.000788
-0.000984
-0.000621
-0.000427
-0.000207
-0.000010
-0.000057
0.000362
0.000711
0.000422
0.000080
-0.000239
-0.000116
0.000439
0.000749
0.000769
0.001027
0.001164
0.000697
0.000373
0.000066
