# STATIONID: 207
# STARTTIME: 1123778190.640000
# SAMPLERATE: 100
# NUMSAMPLES: 8268
-0.000010
-0.000626
-0.000564
-0.000714
-0.001175
-0.001177
-0.000852
0.000234
0.001156
0.001714
0.002275
0.002350
0.002404
0.002511
0.002181
0.001734
0.001479
0.001472
0.000377
-0.000483
-0.000688
-0.000700
-0.000526
-0.000781
-0.000609
0.001053
0.001780
0.002116
0.002385
0.002467
0.002960
0.002920
0.003191
0.003025
0.001639
0.000946
-0.000164
-0.001119
-0.001034
-0.001122
-0.001666
-0.001820
-0.001378
-0.001624
-0.001540
-0.000457
0.000578
0.001659
0.002323
0.002023
0.001833
0.001822
0.001624
0.001079
0.000765
0.001019
0.000499
0.000178
0.000245
0.000197
-0.000036
-0.000239
-0.000361
-0.000194
-0.000016
-0.000376
-0.001057
-0.001486
-0.000741
-0.000707
0.000035
0.001074
0.001343
0.001606
0.001811
0.002120
0.002529
0.002605
0.002283
0.001314
0.000641
0.000891
0.000117
-0.000509
-0.000965
-0.001519
-0.001511
-0.001591
-0.001131
-0.000623
0.000921
0.002129
0.002573
0.003311
0.003359
0.003498
0.002977
0.002486
0.002000
0.001124
0.000411
-0.000480
-0.000626
-0.001343
-0.001627
-0.001334
-0.001302
-0.001127
-0.000770
-0.000100
0.000306
0.000878
0.001545
0.002097
0.002529
0.001893
0.002400
0.003041
0.002679
0.002385
0.001787
0.001303
0.000978
0.000589
-0.000004
0.000019
-0.000445
-0.000772
-0.000508
0.000274
0.000806
0.000960
0.001096
0.001326
0.001026
0.001536
0.002473
0.001748
0.000782
0.000626
0.000762
0.000372
-0.000082
-0.000007
0.000080
-0.000130
0.000670
0.001703
0.001294
0.001215
0.001842
0.001151
0.000690
0.000806
0.000680
0.000589
0.000740
0.001048
0.001077
0.001040
0.001006
0.000713
0.000032
0.000636
0.000799
0.000464
-0.000374
-0.000549
-0.000288
-0.000522
-0.000707
-0.000738
-0.000336
0.000883
0.001090
0.001592
0.002394
0.002240
0.002106
0.002211
0.002257
0.002193
0.002349
0.002105
0.001035
0.000767
0.000260
-0.000615
-0.000752
-0.000974
-0.001423
-0.000971
-0.000231
0.000375
0.001127
0.001457
0.002047
0.002699
0.002128
0.001729
0.001769
0.001817
0.001280
0.000226
0.000198
-0.000133
-0.000885
-0.000920
-0.000626
0.000075
0.000665
0.001402
0.001455
0.001136
0.001551
0.001653
0.001862
0.000965
0.000017
0.000439
0.000444
-0.000018
-0.000480
-0.000138
-0.000107
-0.000055
0.000697
0.001234
0.001471
0.001765
0.001583
0.001449
0.001207
0.000943
0.001188
0.001007
0.000571
0.000556
0.000252
0.000252
0.000925
0.000987
0.000727
0.001182
0.001312
0.001051
0.000855
0.000013
0.000280
0.000711
0.000557
0.000667
0.000993
0.000950
0.000726
0.000958
0.001053
0.001504
0.002074
0.001193
0.000754
0.001086
0.001181
0.000562
-0.000061
-0.000326
-0.000840
-0.000724
-0.000631
-0.000812
-0.000199
0.000834
0.001466
0.001510
0.001307
0.001255
0.001978
0.002307
0.001601
0.001020
0.000671
0.000584
0.000951
0.000546
0.000158
-0.000017
0.000247
0.001014
0.000767
0.000523
0.000516
0.000439
0.000032
-0.000027
0.000406
-0.000096
-0.000262
0.000265
0.000505
-0.000005
-0.000664
-0.000195
0.000175
0.000047
0.000423
0.000696
0.001030
0.001236
0.001268
0.001665
0.001511
0.001460
0.002079
0.001773
0.001383
0.001226
0.001158
0.000999
0.000796
0.000832
0.000253
-0.000283
0.000002
0.000031
-0.000066
-0.000178
0.000057
0.000257
0.000140
0.000591
0.001043
0.000993
0.001681
0.002353
0.001849
0.001437
0.001690
0.001719
0.000959
0.000266
0.000723
0.000865
-0.000092
-0.000663
-0.000173
0.000516
0.000655
0.000590
0.000517
0.000357
0.001355
0.001583
0.001610
0.001363
0.001209
0.000962
0.000698
0.001028
0.000870
0.000772
0.000901
0.000585
0.000707
0.001130
0.001320
0.001590
0.001473
0.001725
0.001553
0.000647
0.000304
0.001029
0.000564
0.000144
0.000013
-0.000318
-0.000408
0.000253
0.000388
0.000086
-0.000360
0.000475
0.000771
-0.000123
-0.000243
0.000573
0.000396
-0.000053
-0.000188
0.000143
0.000254
0.000508
0.000564
0.000990
0.001268
0.001023
0.000672
0.001005
0.000447
0.000213
0.000236
-0.000264
0.000116
0.000542
-0.000061
-0.000033
0.000378
0.000216
0.000522
0.001150
0.001660
0.002157
0.001848
0.001485
0.001763
0.001718
0.001475
0.001161
0.000580
-0.000012
-0.000599
-0.000322
0.000339
0.000240
0.000492
0.000633
0.001640
0.001438
0.000734
0.001162
0.001861
0.002191
0.001935
0.001404
0.001093
0.000598
0.000531
0.000493
0.000114
0.000196
0.000738
0.000624
-0.000181
-0.000349
-0.000000
-0.000146
-0.000191
0.000387
0.000927
0.000820
0.000570
0.000709
0.000699
0.001375
0.002064
0.001306
0.000953
0.001250
0.000619
-0.000145
-0.000074
-0.000013
0.000097
-0.000277
-0.000944
0.000049
0.000973
0.000942
0.001331
0.002043
0.002577
0.002259
0.002192
0.001784
0.001778
0.001861
0.001403
0.000260
-0.000628
-0.000556
-0.001289
-0.001657
-0.000779
0.000122
0.000041
-0.000172
0.000273
0.000591
0.000746
0.001272
0.001423
0.001099
0.000996
0.000737
0.000700
0.000341
0.000168
0.000730
0.001095
0.000678
0.000644
0.001212
0.001272
0.001868
0.001860
0.001224
0.000987
0.001235
0.001377
0.000579
0.000187
0.000896
0.000628
0.000092
0.000589
0.000478
0.000152
0.000278
-0.000132
0.000308
0.001243
0.001293
0.001519
0.001689
0.001806
0.001518
0.001332
0.001030
0.000577
0.000461
0.000411
0.000437
0.000120
-0.000227
0.000382
0.000975
0.001301
0.001476
0.001455
0.001586
0.001572
0.001612
0.001007
0.000459
0.000581
0.000245
-0.000079
0.000614
0.000514
0.000540
0.000676
0.000883
0.001241
0.001136
0.001146
0.000967
0.001229
0.000936
0.000376
0.000289
-0.000079
-0.000125
0.000191
0.000391
0.000407
0.000850
0.000909
0.000670
0.000861
0.000646
0.000505
0.001117
0.001382
0.001175
0.001213
0.000871
0.001145
0.000965
0.000391
0.000565
0.000725
0.000595
-0.000160
-0.000130
0.000288
0.000747
0.001049
0.001413
0.001405
0.001300
0.001506
0.001149
0.001256
0.001631
0.001431
0.001251
0.000890
0.000479
0.000186
0.000081
-0.000297
-0.000422
0.000239
0.000780
0.000772
0.000664
0.000916
0.001388
0.001712
0.002012
0.001454
0.001183
0.001165
0.001021
0.001368
0.001419
0.000791
0.000786
0.000928
0.000893
0.001134
0.000697
0.000190
0.000290
0.000527
0.000506
0.000565
0.000727
0.000244
0.000630
0.000825
0.000667
0.000217
0.000326
0.000465
0.000619
0.000777
0.000751
0.001067
0.001329
0.001616
0.001805
0.001235
0.000573
0.000337
0.000510
0.000522
-0.000008
0.000107
0.000059
0.000470
0.000463
0.001255
0.001726
0.002034
0.002728
0.002317
0.002016
0.001069
0.000386
-0.000039
-0.000266
-0.000207
-0.000640
-0.000511
-0.000871
-0.000851
0.000412
0.000625
0.001138
0.001654
0.001635
0.001936
0.002114
0.001724
0.001526
0.002067
0.002136
0.002023
0.002021
0.001369
0.001002
0.000771
0.000187
-0.000322
0.000086
0.000109
0.000125
0.000555
0.000069
0.000593
0.000559
0.000272
0.000669
0.000694
0.000876
0.001299
0.000874
0.000216
-0.000145
0.000339
0.000362
0.000210
-0.000050
-0.000195
0.000594
0.001392
0.001594
0.001684
0.001426
0.001543
0.002110
0.002048
0.001208
0.000889
0.000773
0.000400
0.000014
-0.000056
0.000481
0.000410
0.000041
-0.000405
-0.000157
0.000231
0.000379
0.000300
0.000937
0.001715
0.001965
0.001555
0.001316
0.001226
0.001087
0.001668
0.001544
0.001028
0.001283
0.001301
0.001370
0.001011
0.000434
0.000560
0.000472
0.000588
0.000745
0.000698
0.000556
0.000743
0.000956
0.000497
0.000959
0.000430
0.000395
0.001150
0.001552
0.001479
0.001480
0.001489
0.000690
0.000564
0.000641
0.000919
0.001646
0.001064
0.000594
0.001153
0.001451
0.001051
0.001112
0.000997
0.000447
0.000374
0.000181
0.000199
0.000005
0.000303
0.000252
0.000911
0.002240
0.002190
0.001780
0.001905
0.002262
0.002109
0.001379
0.001134
0.001389
0.000574
0.000115
0.000026
-0.000310
-0.000253
0.000173
0.000215
-0.000366
0.000091
0.001400
0.001757
0.001339
0.000800
0.000698
0.000396
0.000394
-0.000030
-0.000334
0.000303
0.000501
0.000457
0.000338
0.001264
0.001786
0.001857
0.002575
0.002157
0.001508
0.001502
0.001418
0.001461
0.000902
0.000619
0.000406
-0.000813
-0.001471
-0.001155
-0.000533
-0.000593
-0.000075
0.000978
0.001459
0.002377
0.003326
0.003321
0.002818
0.002317
0.001958
0.001067
0.000406
0.000712
0.000338
-0.000215
-0.000128
0.000132
0.000872
0.001228
0.001281
0.000811
0.001041
0.001887
0.002126
0.002092
0.001302
0.001427
0.001479
0.000638
-0.000060
-0.000419
-0.000733
-0.000758
-0.000180
0.000295
0.000105
0.000207
0.000741
0.000474
0.000530
0.001421
0.001749
0.001595
0.001756
0.001461
0.001243
0.001124
0.000387
0.000422
0.000889
0.001124
0.000733
0.000646
0.000981
-0.000000
-0.000409
0.000304
0.001009
0.000500
0.000125
0.000557
0.000662
0.000972
0.001090
0.002000
0.002543
0.002708
0.002897
0.002260
0.001383
0.001268
0.000504
-0.000315
0.000043
-0.000135
-0.000127
-0.000318
-0.000613
0.000373
0.001206
0.001341
0.001069
0.001358
0.001756
0.002071
0.002004
0.001561
0.001300
0.001589
0.001114
0.000373
0.000522
0.000047
-0.000851
-0.001290
-0.001198
-0.000189
-0.000054
-0.000145
0.000885
0.001695
0.001734
0.001722
0.001640
0.001371
0.001705
0.002040
0.001513
0.001283
0.001118
0.000633
0.001087
0.000464
-0.000277
-0.000607
-0.000737
-0.000488
-0.001066
-0.000909
-0.000143
0.000467
0.001192
0.001374
0.001572
0.002495
0.002017
0.001577
0.001821
0.001540
0.002052
0.001984
0.001210
0.000837
0.001002
0.000783
-0.000434
-0.000819
-0.000376
-0.000710
-0.000709
0.000047
0.000675
0.000756
0.001394
0.002177
0.001798
0.001775
0.002050
0.001765
0.001611
0.001412
0.000964
0.001001
0.000280
-0.000427
-0.000888
-0.000850
-0.000866
-0.000652
-0.000046
0.000635
0.000793
0.001189
0.002022
0.001830
0.002116
0.002689
0.002658
0.002403
0.002470
0.002421
0.001460
0.000734
0.000390
0.000033
-0.000039
-0.001127
-0.001591
-0.000966
-0.001104
-0.001718
-0.001492
-0.000713
-0.000355
-0.000003
0.000675
0.001425
0.002092
0.001846
0.001614
0.001883
0.001475
0.001154
0.001099
0.000838
0.000544
0.000643
0.000405
-0.000186
-0.000625
-0.000547
-0.000045
-0.000484
-0.000669
0.000151
-0.000070
-0.000061
0.000647
0.000557
0.000617
0.000964
0.001005
0.001155
0.001062
0.001132
0.001767
0.001183
0.001568
0.002474
0.002111
0.001575
0.000680
0.000194
-0.000205
-0.000868
-0.001390
-0.000809
0.000073
0.000238
0.000836
0.002212
0.002712
0.003106
0.002974
0.002793
0.002970
0.002136
0.000917
0.000825
0.000169
-0.001330
-0.001527
-0.001171
-0.001611
-0.001443
-0.000587
-0.000011
0.000829
0.001186
0.000937
0.002248
0.002543
0.002125
0.002386
0.002172
0.001927
0.001459
0.001287
0.000799
-0.000103
-0.000733
-0.000794
-0.000669
-0.000699
-0.000057
0.000132
0.000180
-0.000018
-0.000233
0.000623
0.000818
0.000196
0.000201
0.000529
0.000161
0.000170
0.000622
0.001246
0.001078
0.000107
0.000685
0.001184
0.000727
0.001256
0.001537
0.001052
0.000998
0.000959
0.001151
0.001215
0.000160
-0.000559
-0.001049
-0.001156
-0.001027
-0.000991
-0.000920
-0.000239
0.000811
0.001625
0.001798
0.002346
0.003394
0.003196
0.002972
0.001833
0.001215
0.001618
0.000681
-0.001210
-0.001730
-0.001923
-0.002230
-0.002242
-0.001381
-0.000511
0.000218
0.001150
0.001490
0.002005
0.003247
0.004321
0.003947
0.003670
0.002379
0.001086
0.000815
-0.000500
-0.000958
-0.001401
-0.001651
-0.001652
-0.002161
-0.001844
-0.000772
0.000251
0.000939
0.002096
0.002826
0.002778
0.002757
0.002660
0.002924
0.002278
0.001317
0.000826
-0.000406
-0.000932
-0.001227
-0.001356
-0.000927
-0.000469
-0.000435
-0.000397
0.000221
0.000845
0.001548
0.002053
0.001621
0.000646
0.000839
0.000790
0.000407
0.000966
0.001431
0.001640
0.001549
0.001659
0.001814
0.001842
0.001640
0.001048
0.000600
-0.000118
-0.000493
-0.000425
-0.000879
-0.001524
-0.001279
-0.000400
0.000483
0.001368
0.002374
0.003408
0.003520
0.002995
0.002700
0.002604
0.001750
0.001015
-0.000011
-0.001255
-0.001698
-0.002254
-0.002621
-0.002153
-0.001459
-0.001593
-0.000979
0.000378
0.001174
0.001866
0.002357
0.003266
0.002908
0.002419
0.002805
0.002916
0.001540
0.000657
0.000676
0.000586
0.000275
-0.000714
-0.001092
-0.001159
-0.000733
-0.000655
-0.000463
-0.000149
-0.000182
0.000713
0.001378
0.001247
0.000692
0.000082
0.000596
0.001214
0.000955
0.000572
0.000843
0.001510
0.001172
0.000592
0.000531
0.000438
-0.000029
0.000276
-0.000025
-0.000842
-0.000375
-0.000376
-0.000188
-0.000090
0.000597
0.001338
0.001930
0.002288
0.002046
0.001594
0.001557
0.001662
0.001324
0.000982
0.000059
-0.001090
-0.001070
-0.000241
-0.000447
-0.000114
0.000378
0.000617
0.000854
0.001628
0.002908
0.002895
0.002226
0.002252
0.001808
0.002121
0.002636
0.001574
0.000426
0.000010
-0.000324
0.000159
0.000082
-0.000853
-0.000721
0.000256
0.000675
0.001316
0.001207
0.001035
0.001949
0.002387
0.001832
0.001068
-0.000033
0.000078
-0.000183
-0.000348
-0.000781
-0.001268
-0.000897
-0.000644
-0.000383
0.000408
0.000759
0.001432
0.002491
0.002463
0.002800
0.002500
0.001689
0.001574
0.000799
-0.000196
-0.000348
-0.000272
-0.000317
-0.000359
-0.000448
-0.000507
-0.000239
0.000099
0.000552
0.000516
0.000247
0.000004
-0.000049
0.000287
0.000850
0.000854
0.000517
0.000294
-0.000291
0.000151
0.000970
0.000995
0.001308
0.002022
0.001887
0.001952
0.002226
0.002114
0.001942
0.001340
0.000696
0.000996
0.000995
-0.000336
-0.000951
-0.001051
-0.000984
-0.000961
-0.001241
-0.000995
-0.000347
-0.000169
0.000414
0.001096
0.001589
0.002686
0.003168
0.002611
0.001798
0.001225
0.000901
0.000433
0.000027
-0.000752
-0.001169
-0.000598
-0.000312
-0.000405
-0.000319
0.000244
0.000530
0.000874
0.001716
0.002138
0.001642
0.001203
0.000571
0.000383
0.000172
-0.000590
-0.000716
-0.000516
-0.000262
0.000199
0.000682
0.001483
0.001705
0.001782
0.001868
0.001792
0.001802
0.001442
0.001745
0.001462
0.001066
0.000602
-0.000253
-0.000546
-0.000398
-0.000365
-0.000580
-0.001017
-0.001178
-0.000369
0.000607
0.001072
0.001267
0.001272
0.000886
0.001319
0.001294
0.001023
0.001271
0.001372
0.001113
0.000226
0.000277
0.000496
0.000175
0.000860
0.001191
0.001512
0.002249
0.002188
0.002787
0.002320
0.001645
0.001187
0.000568
-0.000157
-0.000676
-0.000477
-0.000550
-0.000948
-0.001017
-0.000819
-0.000327
0.000225
0.000152
0.000827
0.001513
0.001235
0.001374
0.001916
0.002238
0.001955
0.001320
0.000563
0.000063
0.000908
0.001035
0.000439
-0.000248
-0.000454
0.000001
0.000332
0.000357
0.000349
0.000324
0.000845
0.001283
0.001358
0.000895
0.000576
-0.000052
0.000091
0.001036
0.001201
0.001042
0.001262
0.001260
0.000960
0.001332
0.001550
0.000811
0.000519
0.000992
0.000451
-0.000184
-0.000499
-0.000716
-0.000674
-0.000169
0.000035
0.000137
-0.000064
0.000740
0.001610
0.001704
0.002361
0.001864
0.000460
0.000516
0.001282
0.000992
0.000255
0.000645
0.000876
0.000383
0.000111
0.000322
0.000527
0.001510
0.002175
0.002103
0.001491
0.001225
0.001265
0.000540
0.000154
-0.000170
-0.001039
-0.000948
-0.000692
-0.000086
-0.000083
0.000031
0.000832
0.001204
0.001319
0.002070
0.001719
0.001080
0.000888
0.000925
0.001143
0.001254
0.001129
0.001124
0.000137
-0.000635
-0.000387
-0.000580
-0.000593
-0.000736
-0.000501
0.000047
-0.000016
0.000199
0.000279
0.001160
0.001742
0.001393
0.001376
0.002631
0.002644
0.001581
0.000889
0.001018
0.001326
0.001076
0.000642
0.000642
0.000388
-0.000389
-0.000431
-0.000531
-0.000626
0.000033
0.000988
0.001496
0.001639
0.001956
0.001562
0.000762
0.001413
0.001781
0.000769
-0.000252
0.000018
0.000936
0.001035
0.001145
0.001637
0.001417
0.001255
0.001111
0.000730
0.000672
0.000464
-0.000089
0.000035
-0.000073
-0.000118
0.000230
0.000636
0.000521
0.000908
0.002217
0.002208
0.001679
0.001934
0.002127
0.001575
0.000599
-0.000285
-0.000460
-0.000570
-0.000926
-0.000796
-0.000462
0.000197
0.000054
0.000587
0.000952
0.001082
0.001743
0.001591
0.002122
0.001917
0.001411
0.001310
0.001311
0.001136
0.000335
-0.000031
-0.000446
-0.000933
-0.000861
-0.000264
-0.000036
0.000732
0.001849
0.002397
0.002307
0.002041
0.001987
0.001978
0.002097
0.001183
0.000884
0.000838
0.000398
0.000565
0.000466
0.000021
-0.000288
0.000288
0.000822
0.000460
0.000838
0.001835
0.001699
0.000891
0.000908
0.001207
0.001106
0.000359
-0.000726
-0.000344
0.000196
0.000056
0.000442
0.000705
0.001109
0.001377
0.001397
0.001592
0.001116
0.000365
0.000285
-0.000131
-0.000846
-0.001480
-0.001591
-0.001060
-0.000309
0.000889
0.001747
0.001886
0.001982
0.002830
0.003093
0.002872
0.002085
0.001167
0.000831
0.000231
-0.000116
-0.000361
-0.000500
-0.000913
-0.000900
0.000602
0.001242
0.001384
0.002043
0.002353
0.001927
0.001605
0.001248
0.000669
0.000028
-0.000269
-0.000608
-0.000926
-0.000688
-0.000616
-0.000809
-0.000606
-0.000242
-0.000203
0.000433
0.000894
0.001427
0.001730
0.001170
0.001288
0.001796
0.001514
0.000564
0.000420
0.000288
-0.000305
0.000107
0.000480
0.000317
0.000306
0.001165
0.001507
0.001298
0.000980
0.001485
0.001292
0.000663
0.000230
0.000029
-0.000326
-0.000150
-0.000029
0.000116
0.000447
0.000562
0.001012
0.001573
0.001897
0.001385
0.001329
0.001399
0.000837
0.000811
0.000697
0.000500
0.000544
-0.000067
-0.000607
-0.000123
0.000539
0.000984
0.000470
0.000590
0.001404
0.001240
0.001266
0.001190
0.001334
0.001800
0.001845
0.001317
0.000807
0.000591
0.001656
0.001855
0.001308
0.000614
-0.000317
-0.000180
0.000108
-0.000597
-0.001097
-0.001117
-0.001116
-0.000100
0.000306
0.000144
0.000892
0.001475
0.000988
0.001420
0.001701
0.001679
0.002227
0.001993
0.001929
0.002150
0.001783
0.001043
0.001544
0.001332
0.000785
0.000225
0.000244
-0.000310
-0.000993
-0.001024
-0.000620
-0.000106
-0.000175
0.000241
0.000965
0.001232
0.001576
0.002391
0.003274
0.002828
0.001767
0.001502
0.001797
0.000830
-0.000082
0.000080
0.000074
-0.000332
-0.000924
-0.000926
-0.000747
-0.000565
-0.000109
0.001181
0.002183
0.001530
0.001531
0.002016
0.001903
0.001101
0.001660
0.001510
0.000303
0.000059
-0.000014
0.000005
-0.000596
-0.000451
0.000351
0.000583
0.000513
0.000652
0.001107
0.002003
0.002053
0.001476
0.001707
0.002235
0.001580
0.001280
0.001023
-0.000064
-0.000025
-0.000158
-0.000646
0.000011
0.000232
0.000226
0.000912
0.000978
0.000974
0.000831
0.000961
0.000919
0.000842
0.000660
0.000694
0.000950
0.001165
0.000995
0.001236
0.001689
0.002016
0.001887
0.001974
0.001370
-0.000096
-0.000582
-0.000714
-0.000826
-0.001281
-0.000872
-0.000331
-0.000386
-0.000425
0.000185
0.000602
0.001458
0.001595
0.001761
0.001931
0.001106
0.001431
0.001196
0.001737
0.002409
0.002032
0.001125
0.000387
-0.000258
-0.000326
-0.000571
-0.001299
-0.001598
-0.001610
-0.001233
-0.000655
-0.000535
-0.000068
0.000581
0.001476
0.002077
0.001626
0.001630
0.002451
0.002298
0.001494
0.001015
0.000836
0.000890
0.000602
-0.000278
-0.000834
-0.000881
-0.000267
0.000479
0.001075
0.001723
0.001550
0.001794
0.002629
0.002533
0.001369
0.000851
0.001194
0.000898
0.000380
0.000039
0.000095
-0.000407
-0.001094
-0.000722
-0.000434
-0.000284
0.000380
0.000624
0.000119
-0.000102
0.000271
0.000409
0.000405
0.000412
0.000704
0.001230
0.001247
0.001376
0.001093
0.000889
0.000981
0.000774
0.000770
0.000644
-0.000524
-0.000220
0.000068
-0.000829
-0.000283
0.000101
-0.000007
0.000343
0.000893
0.001542
0.001240
0.001172
0.001449
0.001391
0.001177
0.001255
0.001302
0.001159
0.001575
0.001863
0.001321
0.000729
0.001094
0.001180
0.000390
0.000211
0.000682
0.000960
0.000018
-0.000427
-0.000181
-0.000000
0.000649
0.000151
0.000243
0.001341
0.000813
0.000310
-0.000338
-0.000783
-0.000285
-0.000633
-0.000871
-0.000468
-0.000190
0.000139
0.000994
0.001829
0.001833
0.001508
0.001899
0.001970
0.000891
0.000499
0.000299
-0.000278
-0.000106
0.000288
-0.000062
-0.000287
0.000222
0.000056
-0.000251
-0.000005
-0.000004
0.000010
0.000173
0.000905
0.001854
0.001948
0.001586
0.001781
0.001238
0.001064
0.001035
0.000371
0.000805
0.000741
0.000526
0.000977
0.000953
0.000520
0.000664
0.000600
-0.000286
0.000144
-0.000327
-0.001012
-0.000257
0.000621
0.000847
0.000966
0.001683
0.001159
0.000920
0.001795
0.002040
0.002031
0.001886
0.001112
0.000302
-0.000209
-0.000504
-0.000711
-0.001026
-0.001585
-0.001232
-0.001055
-0.000771
-0.000065
0.001092
0.001960
0.001656
0.001914
0.001832
0.001947
0.001859
0.001149
0.000226
0.000131
0.000562
-0.000028
-0.000635
-0.000006
0.001316
0.001776
0.001318
0.001774
0.001500
0.000613
0.000293
0.000508
0.000359
0.000744
0.000414
0.000234
-0.000024
0.000068
0.000981
0.001312
0.001005
0.001008
0.001355
0.002471
0.002228
0.001998
0.002064
0.001949
0.001221
0.001027
0.000510
-0.000772
-0.001020
-0.001070
-0.001440
-0.000717
-0.000165
0.000469
0.001488
0.002025
0.002078
0.002112
0.002504
0.002946
0.002495
0.001191
0.000405
0.000147
-0.000312
-0.001039
-0.001436
-0.001576
-0.001678
-0.000776
0.000529
0.000895
0.001719
0.002540
0.002388
0.002475
0.002287
0.002218
0.001705
0.000762
-0.000080
-0.000251
-0.000160
-0.000193
-0.000084
0.000401
0.000858
0.000880
0.000383
0.000771
0.001580
0.001238
0.001317
0.001355
0.000770
0.000720
0.000925
0.001155
0.000945
0.001299
0.001324
0.000461
0.000300
0.000269
0.000268
0.000517
0.000235
0.000131
-0.000062
-0.000175
-0.000020
0.000304
0.000865
0.001141
0.000940
0.001193
0.002330
0.002339
0.001772
0.001480
0.000811
0.000530
0.000388
0.000187
0.000101
0.000508
0.001027
0.000920
0.000665
0.000758
0.000475
0.000188
0.000356
0.000579
0.000152
0.000088
0.000275
-0.000088
0.000036
-0.000057
-0.000269
-0.000010
0.000656
0.001160
0.001420
0.002511
0.002796
0.001994
0.001950
0.001727
0.001596
0.001345
0.000597
-0.000598
-0.001654
-0.001185
-0.001130
-0.001609
-0.000929
-0.000001
0.000939
0.001770
0.002309
0.002551
0.002081
0.001636
0.001517
0.001197
0.000803
0.000437
-0.000241
0.000004
-0.000075
-0.000863
-0.000224
0.000501
0.001201
0.002108
0.002271
0.002552
0.003069
0.002219
0.001850
0.001943
0.001183
0.000075
-0.001216
-0.002277
-0.002663
-0.002388
-0.001318
-0.001172
-0.001348
0.000132
0.000935
0.000937
0.001588
0.002169
0.002376
0.002314
0.002079
0.002326
0.001782
0.001961
0.002314
0.001810
0.001000
0.000714
0.000829
0.000465
0.000679
0.000806
0.001103
0.001322
0.000835
-0.000053
-0.000450
-0.000923
-0.001102
-0.000814
-0.000908
-0.000057
0.000397
0.000024
0.000612
0.000221
-0.000211
0.000117
0.000689
0.001024
0.001194
0.001404
0.001481
0.002139
0.001991
0.002052
0.001904
0.001353
0.001505
0.000913
0.000582
-0.000027
-0.000945
-0.001137
-0.000863
-0.001040
-0.001616
-0.000854
-0.000027
0.000444
0.000696
0.001115
0.002129
0.002822
0.003085
0.003260
0.003303
0.002973
0.001843
0.000884
0.001079
0.000629
-0.001005
-0.001712
-0.001254
-0.001248
-0.001386
-0.001505
-0.000779
0.000601
0.000897
0.000979
0.001355
0.001944
0.001956
0.002318
0.002580
0.002267
0.001912
0.000897
0.000541
0.000660
0.000504
0.000326
0.000470
0.000427
0.000765
0.000996
0.001064
0.001281
0.001957
0.001698
0.000765
-0.000055
-0.000279
-0.000730
-0.000953
-0.000253
0.000528
0.000384
0.000923
0.001360
0.001530
0.001741
0.001761
0.001818
0.001341
0.000426
0.000290
-0.000377
-0.000639
-0.000255
-0.000173
-0.000152
0.000046
0.000723
0.001043
0.000818
0.001007
0.000969
0.001139
0.001099
0.000455
0.000292
0.000137
-0.000308
0.000133
0.000829
0.001274
0.001279
0.001618
0.001340
0.000994
0.000948
0.000914
0.001129
0.000550
0.000306
0.000049
0.000500
0.000842
0.000781
0.000723
0.000997
0.001000
0.000618
0.000780
0.000449
0.000253
0.000566
0.000285
0.000588
0.000794
0.000505
-0.000011
-0.000083
0.000594
0.000944
0.001207
0.002003
0.002706
0.003153
0.002946
0.002366
0.002433
0.001750
0.001177
0.001027
-0.000072
-0.000703
-0.001820
-0.002843
-0.003089
-0.003141
-0.001969
-0.000622
0.000081
0.000577
0.001537
0.002704
0.002604
0.003129
0.003944
0.003665
0.002657
0.001877
0.001061
0.000200
-0.000191
-0.000768
-0.000822
-0.000789
-0.000518
-0.000070
0.000648
0.001146
0.000734
0.000399
0.000405
0.000932
0.001162
0.000618
0.000591
-0.000031
-0.000406
-0.000215
-0.000051
0.000408
0.000379
0.000452
0.000981
0.002110
0.002340
0.001553
0.001421
0.001395
0.001571
0.001508
0.001408
0.001052
0.000843
0.000977
0.000912
0.001036
0.000567
0.000397
-0.000099
-0.000448
0.000476
0.000494
0.000041
0.000461
0.000329
-0.000518
-0.000296
0.000464
0.000585
0.000668
0.001527
0.001504
0.001331
0.001863
0.002082
0.001218
0.000493
0.000456
0.000211
-0.000219
0.000208
0.000599
0.000159
0.001067
0.001487
0.001529
0.002028
0.001809
0.001517
0.001330
0.000972
0.000254
-0.000016
-0.000200
-0.001116
-0.001772
-0.002040
-0.002333
-0.002185
-0.000820
-0.000084
0.000597
0.001129
0.001265
0.001905
0.002702
0.002522
0.002061
0.000879
0.000270
0.000475
-0.000114
-0.000683
-0.001193
-0.000834
-0.000742
-0.000591
0.000510
0.001231
0.001930
0.002746
0.003256
0.003249
0.002753
0.002211
0.001777
0.001063
-0.000452
-0.001392
-0.001568
-0.001448
-0.000632
0.000047
0.000224
0.001055
0.001587
0.002277
0.003024
0.002742
0.001575
0.001059
0.000894
0.000120
-0.000451
-0.001266
-0.001499
-0.000953
-0.000919
-0.000703
-0.000523
0.000245
0.001009
0.001889
0.002761
0.002726
0.003099
0.002888
0.002091
0.001668
0.001327
0.000662
0.000593
-0.000032
-0.001046
-0.000655
-0.000890
-0.001360
-0.000958
-0.000525
0.000603
0.001009
0.000156
0.000137
0.001123
0.001218
0.000576
0.000739
0.001762
0.002113
0.001849
0.001699
0.001666
0.000937
0.000481
0.000282
-0.000080
-0.000339
-0.000416
-0.000402
-0.000450
-0.000575
-0.001083
-0.000807
-0.000642
-0.000399
0.000688
0.001146
0.001441
0.001768
0.002193
0.002746
0.003020
0.003150
0.002835
0.002302
0.001562
0.001300
0.001616
0.001166
0.000240
0.000321
-0.000084
-0.000600
0.000247
-0.000275
-0.000225
-0.000166
-0.001228
-0.001280
-0.000971
-0.001054
-0.000762
-0.000907
-0.000304
0.000405
0.001613
0.003141
0.003657
0.003764
0.003796
0.003405
0.003187
0.001925
0.000511
-0.000074
-0.000860
-0.002296
-0.003460
-0.003947
-0.003634
-0.002148
-0.001130
0.000237
0.001673
0.002345
0.003049
0.004018
0.004457
0.003942
0.003003
0.002306
0.000881
-0.000459
-0.000799
-0.000694
-0.001494
-0.002026
-0.001161
-0.000235
0.000536
0.001166
0.000722
0.000722
0.000963
0.000810
0.000797
0.000662
0.001039
0.000927
0.000602
0.001719
0.001870
0.001865
0.002232
0.002198
0.002255
0.002558
0.002555
0.001651
0.000922
0.000830
0.000588
-0.000066
-0.000213
-0.000359
-0.000842
-0.001052
-0.001026
-0.000404
-0.000452
-0.000529
0.000480
0.000683
0.001225
0.001709
0.001536
0.001967
0.002247
0.002096
0.002375
0.002789
0.002281
0.001437
0.001256
0.000641
0.000741
0.001181
0.001089
0.000214
-0.000810
-0.001327
-0.001000
0.000028
-0.000379
-0.000449
0.000468
0.001258
0.001835
0.001776
0.002135
0.002548
0.001618
0.000816
0.000301
0.000202
0.000149
-0.000403
-0.000037
-0.000018
0.000161
0.001288
0.001957
0.002379
0.002307
0.002471
0.002738
0.002037
0.001388
0.001461
0.001111
0.000602
-0.000290
-0.000421
-0.000284
-0.000238
0.000130
-0.000356
-0.000481
0.000002
0.000931
0.001143
0.001578
0.002580
0.002920
0.002983
0.002523
0.002583
0.003611
0.004104
0.003948
0.002442
0.001206
0.000516
-0.001177
-0.002843
-0.003641
-0.004054
-0.004920
-0.005324
-0.004762
-0.003907
-0.003057
-0.002272
-0.002034
-0.001971
-0.000615
0.001870
0.004025
0.007032
0.010615
0.013741
0.014575
0.013642
0.011973
0.008760
0.004444
0.000900
-0.002553
-0.005045
-0.006147
-0.007198
-0.007465
-0.007148
-0.006344
-0.005064
-0.002889
-0.000275
0.001069
0.001050
0.000026
-0.001324
-0.002023
-0.002315
-0.001777
0.000155
0.002615
0.003945
0.004611
0.006105
0.007606
0.007986
0.007497
0.006171
0.003346
0.000087
-0.002598
-0.006002
-0.008239
-0.008384
-0.007381
-0.005401
-0.003713
-0.001325
0.001663
0.004394
0.005189
0.005517
0.005902
0.005743
0.005968
0.005596
0.004994
0.004287
0.001827
-0.000416
-0.001709
-0.002401
-0.002376
-0.001310
0.000121
0.000853
0.001392
0.001616
0.001630
0.003102
0.005691
0.007705
0.008894
0.009325
0.008462
0.006190
0.001562
-0.003053
-0.006273
-0.008940
-0.009946
-0.008417
-0.005710
-0.003170
-0.001375
0.000258
0.001342
0.001070
0.000440
0.000004
-0.000279
-0.000670
-0.001446
-0.001697
-0.002079
-0.002748
-0.002806
-0.001820
-0.000667
-0.000151
0.000388
-0.000575
-0.001925
-0.001802
-0.002092
-0.001370
0.000221
0.001224
0.001705
0.001645
0.000838
0.000238
-0.000153
0.000190
0.000393
0.001695
0.003972
0.006331
0.008490
0.011362
0.013569
0.014605
0.015723
0.016312
0.016079
0.015106
0.012607
0.008281
0.001957
-0.004479
-0.011062
-0.017353
-0.020604
-0.021708
-0.020231
-0.016335
-0.011638
-0.006832
-0.003249
-0.001178
0.000028
0.001263
0.003110
0.006342
0.011060
0.015964
0.019630
0.021344
0.021616
0.019064
0.013949
0.007921
0.000862
-0.006142
-0.012980
-0.020087
-0.024910
-0.026436
-0.026357
-0.023700
-0.018660
-0.014022
-0.010357
-0.005925
-0.000980
0.004719
0.011999
0.020864
0.028840
0.034011
0.035681
0.034095
0.028805
0.022464
0.016027
0.009692
0.004098
-0.000609
-0.005689
-0.011736
-0.017821
-0.024329
-0.029842
-0.032682
-0.033320
-0.029919
-0.022130
-0.011724
-0.002165
0.005453
0.011345
0.013175
0.011933
0.008434
0.005638
0.005511
0.007590
0.012354
0.016877
0.019176
0.018883
0.015397
0.008724
0.000939
-0.005090
-0.008247
-0.008707
-0.007026
-0.004366
-0.002314
-0.002063
-0.002214
-0.002234
-0.002560
-0.002218
-0.001512
-0.002277
-0.003453
-0.003628
-0.003683
-0.003876
-0.004156
-0.004747
-0.003813
-0.001447
0.001619
0.005864
0.010089
0.013871
0.016987
0.019381
0.020461
0.019198
0.016510
0.013157
0.008238
0.003209
-0.002292
-0.006395
-0.009615
-0.012867
-0.015426
-0.018353
-0.021132
-0.023946
-0.024859
-0.023532
-0.020196
-0.014581
-0.008187
-0.003161
0.000869
0.004329
0.007094
0.010822
0.015961
0.021781
0.027879
0.032560
0.033892
0.031721
0.025870
0.018183
0.009854
0.001246
-0.006513
-0.012959
-0.017795
-0.018783
-0.017684
-0.015514
-0.012727
-0.009031
-0.004928
-0.000206
0.006134
0.011757
0.015709
0.018216
0.018304
0.016537
0.014841
0.013209
0.010607
0.008263
0.006688
0.004280
0.001414
-0.001718
-0.006972
-0.013918
-0.021290
-0.028661
-0.034945
-0.038931
-0.039166
-0.035618
-0.028646
-0.019136
-0.010452
-0.003053
0.004257
0.011629
0.018913
0.026599
0.034170
0.039327
0.042003
0.042605
0.041343
0.038959
0.034300
0.028348
0.020206
0.009262
-0.002501
-0.014452
-0.024435
-0.031928
-0.037027
-0.039245
-0.039348
-0.036473
-0.030402
-0.021880
-0.012302
-0.001906
0.008807
0.018109
0.024494
0.026048
0.022906
0.014972
0.003365
-0.009655
-0.021146
-0.030256
-0.033589
-0.030833
-0.022442
-0.009078
0.005859
0.020453
0.032601
0.041460
0.047021
0.048754
0.047263
0.041677
0.033191
0.023775
0.011118
-0.004463
-0.022058
-0.039884
-0.055309
-0.064606
-0.065911
-0.057560
-0.040987
-0.019602
0.002506
0.021660
0.034796
0.039207
0.037135
0.031741
0.025223
0.019509
0.016300
0.014656
0.012410
0.010159
0.007562
0.004148
0.000728
-0.002223
-0.005779
-0.009877
-0.015003
-0.020196
-0.024184
-0.027702
-0.029427
-0.028755
-0.025293
-0.018519
-0.009394
0.002238
0.016768
0.031613
0.044315
0.052422
0.054228
0.049451
0.037561
0.020248
0.001035
-0.017161
-0.031061
-0.040029
-0.045618
-0.047050
-0.046369
-0.042238
-0.035462
-0.025597
-0.013063
0.000162
0.014122
0.027470
0.039264
0.047159
0.050441
0.048503
0.041240
0.029208
0.014171
-0.000408
-0.011818
-0.018402
-0.020548
-0.019342
-0.014491
-0.007845
-0.000694
0.007118
0.013906
0.017901
0.018939
0.017328
0.012068
0.005028
-0.003814
-0.013454
-0.022541
-0.029011
-0.030774
-0.028280
-0.020065
-0.005579
0.011565
0.027609
0.040706
0.048120
0.048625
0.044026
0.032288
0.015980
-0.002967
-0.021011
-0.034365
-0.041922
-0.044335
-0.042027
-0.035951
-0.029285
-0.022070
-0.013381
-0.003145
0.008285
0.018905
0.027453
0.031529
0.031510
0.025720
0.015771
0.005732
-0.002816
-0.009610
-0.013716
-0.014400
-0.011954
-0.006611
-0.001543
0.003709
0.010194
0.015372
0.020625
0.023814
0.023375
0.019484
0.012360
0.005329
-0.000313
-0.003435
-0.003947
-0.002531
-0.000010
0.000620
-0.000971
-0.006675
-0.015740
-0.027712
-0.041578
-0.054415
-0.066700
-0.077172
-0.082715
-0.082074
-0.072437
-0.053912
-0.029325
0.000623
0.032336
0.063181
0.089670
0.106970
0.113231
0.109641
0.096650
0.079142
0.057918
0.034788
0.011610
-0.009871
-0.026580
-0.035801
-0.037810
-0.035606
-0.029646
-0.022482
-0.016045
-0.009709
-0.002056
0.006282
0.014546
0.021080
0.025270
0.026058
0.022381
0.014772
0.005490
-0.006411
-0.019958
-0.032741
-0.043259
-0.047354
-0.045117
-0.035503
-0.019802
-0.001802
0.018342
0.037850
0.051876
0.058382
0.057770
0.050237
0.037734
0.022375
0.005620
-0.010716
-0.025357
-0.037681
-0.047348
-0.050750
-0.049237
-0.043298
-0.032600
-0.018922
-0.006398
0.002291
0.006905
0.008499
0.008123
0.006418
0.002628
-0.003746
-0.009360
-0.013782
-0.017303
-0.016967
-0.011170
-0.002082
0.008039
0.017421
0.023369
0.024258
0.020676
0.012708
0.002476
-0.007131
-0.012791
-0.014308
-0.012598
-0.007652
-0.002619
0.004239
0.013489
0.024992
0.037867
0.052337
0.066401
0.076352
0.078670
0.071248
0.054303
0.028697
-0.001459
-0.030600
-0.056990
-0.076313
-0.083072
-0.080609
-0.066423
-0.044761
-0.019693
0.005377
0.025074
0.038238
0.042954
0.041553
0.033397
0.021896
0.008964
-0.004531
-0.015704
-0.020007
-0.017640
-0.009313
0.001950
0.013357
0.021045
0.022865
0.019978
0.009741
-0.006139
-0.023535
-0.040423
-0.054405
-0.065017
-0.071517
-0.072629
-0.067502
-0.054991
-0.034137
-0.007963
0.019928
0.045798
0.066039
0.079632
0.084529
0.083089
0.074944
0.061397
0.046284
0.030040
0.011898
-0.007417
-0.026507
-0.043367
-0.057069
-0.063752
-0.063010
-0.055498
-0.041530
-0.024388
-0.006787
0.008629
0.020320
0.029238
0.037199
0.044394
0.049845
0.051065
0.047108
0.037416
0.023631
0.008565
-0.005647
-0.018705
-0.030718
-0.041686
-0.050842
-0.054511
-0.053007
-0.045675
-0.032668
-0.016354
0.001824
0.016787
0.027501
0.033267
0.033831
0.029259
0.020523
0.010109
0.000171
-0.007207
-0.011424
-0.012126
-0.009034
-0.002668
0.005736
0.015484
0.026006
0.034906
0.040990
0.044851
0.046009
0.044170
0.038235
0.027450
0.012070
-0.004151
-0.016824
-0.024560
-0.026205
-0.022556
-0.016026
-0.008676
-0.002377
0.001780
0.003415
0.001914
-0.001433
-0.005434
-0.009677
-0.015199
-0.020730
-0.025570
-0.030906
-0.035009
-0.036185
-0.034239
-0.027074
-0.014539
-0.000528
0.013670
0.026794
0.037920
0.046728
0.051031
0.049793
0.041812
0.027313
0.007915
-0.014054
-0.036246
-0.055560
-0.066648
-0.069103
-0.061679
-0.044976
-0.024928
-0.002127
0.017791
0.032300
0.040631
0.041500
0.036783
0.026532
0.012519
-0.001900
-0.013631
-0.020839
-0.022388
-0.018996
-0.008525
0.006956
0.024914
0.043177
0.059464
0.068867
0.067751
0.056126
0.033984
0.007607
-0.017159
-0.038533
-0.055177
-0.066474
-0.071240
-0.068364
-0.058401
-0.042006
-0.019988
0.005292
0.031146
0.053585
0.070276
0.077971
0.076818
0.067993
0.051875
0.029832
0.002746
-0.027334
-0.055144
-0.076614
-0.088937
-0.089372
-0.079175
-0.060699
-0.037215
-0.012551
0.009826
0.029679
0.046167
0.057551
0.061796
0.060819
0.056106
0.048582
0.041267
0.034825
0.029188
0.024615
0.019573
0.015076
0.011024
0.005825
-0.000335
-0.007466
-0.016995
-0.027687
-0.037184
-0.043709
-0.046100
-0.045617
-0.042299
-0.037753
-0.032958
-0.027432
-0.021768
-0.015844
-0.010061
-0.003429
0.003801
0.009648
0.014139
0.017977
0.023429
0.029830
0.034154
0.034674
0.029764
0.019101
0.006016
-0.007392
-0.018744
-0.025336
-0.026450
-0.022751
-0.015068
-0.005084
0.005605
0.015314
0.023273
0.029226
0.031173
0.027992
0.018572
0.004972
-0.010704
-0.025842
-0.038283
-0.047327
-0.051592
-0.050381
-0.041059
-0.024473
-0.002668
0.020865
0.041641
0.058344
0.069086
0.071334
0.066529
0.056911
0.045081
0.033771
0.023911
0.015248
0.006273
-0.004817
-0.015917
-0.026555
-0.035204
-0.041476
-0.043623
-0.041987
-0.036762
-0.028929
-0.020122
-0.011822
-0.007040
-0.005263
-0.004283
-0.003806
-0.003086
-0.001720
0.000782
0.005289
0.012437
0.019649
0.024967
0.029967
0.032330
0.031387
0.026031
0.018266
0.009872
0.002016
-0.005532
-0.014135
-0.023280
-0.033599
-0.043887
-0.048379
-0.046687
-0.035238
-0.012027
0.016815
0.045186
0.068089
0.077564
0.075424
0.062205
0.039793
0.014895
-0.010213
-0.033974
-0.054389
-0.070271
-0.079092
-0.080930
-0.076249
-0.063981
-0.044878
-0.021666
0.002032
0.024533
0.044344
0.059853
0.066958
0.066578
0.056728
0.038607
0.016960
-0.005175
-0.025313
-0.040422
-0.046232
-0.042884
-0.033250
-0.020266
-0.006971
0.005231
0.015716
0.023624
0.028265
0.030421
0.030214
0.028832
0.026853
0.022023
0.015860
0.009871
0.006180
0.007975
0.013589
0.020367
0.025699
0.027507
0.024586
0.015724
0.001743
-0.014193
-0.030796
-0.045690
-0.055220
-0.058475
-0.055482
-0.044745
-0.025464
-0.000399
0.025232
0.046179
0.059694
0.064679
0.060826
0.048903
0.028766
0.004126
-0.022404
-0.049171
-0.071676
-0.085642
-0.088968
-0.081696
-0.063456
-0.037119
-0.005595
0.026855
0.053913
0.071748
0.079289
0.079000
0.073056
0.062287
0.048442
0.032652
0.017006
0.002414
-0.010165
-0.020170
-0.025840
-0.028020
-0.025566
-0.019153
-0.011688
-0.003853
0.003700
0.009326
0.011725
0.009813
0.004064
-0.002577
-0.012742
-0.026237
-0.039692
-0.049662
-0.053680
-0.050826
-0.041070
-0.026582
-0.008904
0.010211
0.028528
0.044446
0.054882
0.059047
0.056706
0.047791
0.032730
0.012909
-0.008915
-0.029922
-0.047795
-0.059370
-0.062764
-0.058371
-0.046097
-0.026510
-0.002705
0.018980
0.036296
0.049910
0.057675
0.057329
0.048802
0.032932
0.015327
-0.001746
-0.017063
-0.030181
-0.039140
-0.041189
-0.039696
-0.034540
-0.025556
-0.014002
0.000091
0.016324
0.032205
0.044880
0.050640
0.050570
0.045884
0.035459
0.020748
0.005039
-0.009099
-0.022308
-0.031142
-0.034438
-0.032723
-0.024984
-0.014529
-0.002666
0.008005
0.015554
0.017155
0.013709
0.005757
-0.004656
-0.013341
-0.017952
-0.019330
-0.017535
-0.011565
-0.000913
0.014813
0.032362
0.048327
0.059604
0.063100
0.059202
0.045499
0.025487
0.003358
-0.017376
-0.034264
-0.045334
-0.049822
-0.049942
-0.047350
-0.041706
-0.032536
-0.020397
-0.006975
0.005196
0.013275
0.017450
0.018327
0.017229
0.013720
0.008247
0.003167
-0.001375
-0.004765
-0.005879
-0.005552
-0.001955
0.005893
0.014849
0.024203
0.032155
0.036110
0.036179
0.030593
0.019471
0.007205
-0.004656
-0.015072
-0.023605
-0.028397
-0.029377
-0.029738
-0.029447
-0.029318
-0.029840
-0.029752
-0.029535
-0.028964
-0.027691
-0.025420
-0.020937
-0.015346
-0.009155
-0.002993
0.001912
0.006540
0.011164
0.017712
0.027002
0.038401
0.050032
0.060127
0.066796
0.068383
0.064787
0.055873
0.043607
0.029310
0.013241
-0.005217
-0.024162
-0.041730
-0.057152
-0.068690
-0.073911
-0.073591
-0.068100
-0.058642
-0.046699
-0.033837
-0.019789
-0.003030
0.014749
0.031848
0.047614
0.060791
0.069693
0.071680
0.066686
0.054789
0.037178
0.017971
-0.000366
-0.016615
-0.028227
-0.034937
-0.037240
-0.035150
-0.029470
-0.022321
-0.014580
-0.006120
0.001336
0.007715
0.012218
0.013384
0.010537
0.006420
0.001331
-0.004349
-0.008758
-0.010947
-0.010929
-0.007530
-0.002157
0.003427
0.008870
0.012811
0.014529
0.013753
0.010073
0.005324
0.002732
0.002190
0.002328
0.003956
0.006001
0.008286
0.009432
0.009512
0.008888
0.007878
0.007674
0.007670
0.007703
0.006762
0.004404
0.001263
-0.002372
-0.006656
-0.012892
-0.020438
-0.026538
-0.031519
-0.034436
-0.033202
-0.027524
-0.018649
-0.006780
0.007578
0.020696
0.031205
0.038229
0.040272
0.035956
0.023851
0.008644
-0.007270
-0.022542
-0.033308
-0.037447
-0.035325
-0.027116
-0.014296
-0.000553
0.011259
0.019400
0.023770
0.024516
0.023863
0.022260
0.019979
0.016964
0.013146
0.008121
0.002859
-0.003218
-0.010394
-0.016854
-0.021307
-0.022889
-0.021332
-0.016373
-0.009654
-0.002504
0.004703
0.009062
0.010240
0.007837
0.002378
-0.005131
-0.013155
-0.017864
-0.018317
-0.015028
-0.007158
0.004843
0.019675
0.034275
0.046492
0.052946
0.053511
0.048543
0.036289
0.019875
0.001418
-0.016575
-0.031145
-0.040946
-0.043829
-0.041378
-0.034661
-0.024254
-0.011815
-0.000576
0.009280
0.015718
0.017431
0.015290
0.009277
0.001567
-0.006784
-0.014611
-0.020018
-0.022465
-0.021094
-0.016083
-0.009028
-0.000027
0.009879
0.018157
0.025611
0.030842
0.033142
0.031431
0.026254
0.019657
0.010685
0.002140
-0.004747
-0.009438
-0.009790
-0.007914
-0.004259
0.000957
0.006507
0.010171
0.009906
0.007329
0.003620
-0.001797
-0.007698
-0.012268
-0.015842
-0.018346
-0.019981
-0.020314
-0.018733
-0.016654
-0.012982
-0.006859
-0.000145
0.007886
0.016098
0.022524
0.026999
0.028006
0.025672
0.019796
0.010817
-0.000546
-0.012907
-0.023966
-0.031577
-0.035945
-0.036603
-0.033001
-0.025865
-0.016589
-0.006853
0.001759
0.009614
0.015289
0.019081
0.021791
0.023080
0.022800
0.021825
0.019660
0.016309
0.012036
0.006253
-0.000128
-0.005289
-0.010090
-0.013882
-0.013768
-0.010528
-0.002755
0.007228
0.015888
0.024039
0.029876
0.032024
0.031361
0.026863
0.019366
0.009926
-0.000813
-0.011561
-0.021105
-0.028527
-0.032799
-0.033111
-0.029840
-0.022135
-0.011450
0.000734
0.013264
0.023126
0.029979
0.031973
0.029089
0.021054
0.009359
-0.003847
-0.016744
-0.028201
-0.036396
-0.038518
-0.038178
-0.034784
-0.028181
-0.022225
-0.014793
-0.006886
0.000748
0.007668
0.013554
0.019610
0.025098
0.028766
0.030807
0.030830
0.029726
0.028076
0.025123
0.020877
0.015579
0.010852
0.006708
0.004115
0.001763
-0.001496
-0.005101
-0.010542
-0.016043
-0.021971
-0.027801
-0.030313
-0.030437
-0.027136
-0.019578
-0.008240
0.004594
0.017694
0.029018
0.036637
0.039865
0.037281
0.029185
0.016831
0.000909
-0.016161
-0.030337
-0.040971
-0.046290
-0.045942
-0.039386
-0.028283
-0.014932
-0.000824
0.013653
0.026680
0.036492
0.042011
0.043554
0.040761
0.031429
0.019946
0.007869
-0.006997
-0.019451
-0.029813
-0.035812
-0.036269
-0.032944
-0.025532
-0.014406
-0.000986
0.012954
0.024433
0.031758
0.033664
0.031580
0.024852
0.015232
0.005315
-0.005284
-0.014157
-0.019941
-0.022873
-0.022876
-0.019538
-0.012636
-0.003163
0.007343
0.017967
0.027795
0.035807
0.039889
0.039037
0.034069
0.024832
0.013050
0.000361
-0.012302
-0.022822
-0.030135
-0.034423
-0.036089
-0.035480
-0.032898
-0.028361
-0.023252
-0.018244
-0.012110
-0.004937
0.002608
0.010571
0.017781
0.024295
0.029378
0.033081
0.034849
0.033724
0.030706
0.024651
0.016147
0.006262
-0.004960
-0.014756
-0.021641
-0.026396
-0.028328
-0.025791
-0.020433
-0.013893
-0.005940
0.002241
0.008639
0.011778
0.012094
0.009720
0.004177
-0.003545
-0.010381
-0.014894
-0.017164
-0.016551
-0.012445
-0.005560
0.002227
0.010225
0.017161
0.022685
0.026296
0.026714
0.025768
0.023631
0.019775
0.013995
0.008323
0.003356
-0.000455
-0.004052
-0.007359
-0.010158
-0.011944
-0.012777
-0.012899
-0.011536
-0.008749
-0.006478
-0.004524
-0.001691
0.000091
-0.000014
0.000263
0.000735
0.001420
0.001972
0.002194
0.001899
0.002070
0.002496
0.002598
0.003261
0.003521
0.003248
0.003516
0.004169
0.005163
0.006131
0.007102
0.007847
0.007552
0.006708
0.003873
0.000441
-0.002668
-0.007433
-0.011403
-0.013571
-0.014294
-0.013337
-0.009741
-0.003876
0.002867
0.009733
0.015925
0.019420
0.020216
0.017517
0.010510
0.001999
-0.007829
-0.017195
-0.025156
-0.029296
-0.029453
-0.025081
-0.016686
-0.005953
0.006722
0.018489
0.028607
0.035437
0.038523
0.037392
0.031861
0.023343
0.012702
0.001155
-0.009510
-0.017333
-0.021462
-0.023057
-0.021399
-0.017294
-0.012953
-0.007521
-0.001823
0.003318
0.006491
0.008606
0.010950
0.011304
0.010023
0.008236
0.005811
0.001913
-0.002226
-0.005278
-0.007936
-0.010122
-0.010656
-0.008965
-0.004654
0.000324
0.004814
0.009396
0.013033
0.014753
0.015120
0.014275
0.011442
0.007135
0.001200
-0.004676
-0.010140
-0.014601
-0.018392
-0.019831
-0.018850
-0.015017
-0.007700
0.000424
0.008752
0.017226
0.024314
0.028808
0.029504
0.027014
0.021736
0.013582
0.004816
-0.004208
-0.012826
-0.019665
-0.022468
-0.022003
-0.018544
-0.012137
-0.004147
0.003937
0.009923
0.014946
0.017772
0.017374
0.013741
0.009516
0.004295
-0.001225
-0.005163
-0.008153
-0.009240
-0.009166
-0.007746
-0.005317
-0.003395
-0.001895
-0.001532
-0.002182
-0.003483
-0.005135
-0.006696
-0.008289
-0.008787
-0.007152
-0.004788
-0.001108
0.004290
0.009540
0.014527
0.019879
0.022149
0.022368
0.020528
0.015695
0.008661
-0.000406
-0.009718
-0.017585
-0.023873
-0.028369
-0.030016
-0.028559
-0.023647
-0.016007
-0.007410
0.001949
0.011608
0.018697
0.023168
0.025224
0.024757
0.022354
0.019783
0.015376
0.011017
0.008777
0.006682
0.005265
0.004489
0.003997
0.003950
0.002671
0.000891
-0.001027
-0.003747
-0.006055
-0.008167
-0.010433
-0.011952
-0.013598
-0.014468
-0.014515
-0.014375
-0.013763
-0.011888
-0.009676
-0.007431
-0.003744
-0.000061
0.002411
0.005627
0.008737
0.010233
0.011047
0.010961
0.010001
0.008883
0.007389
0.004836
0.002692
0.001963
0.001787
0.001744
0.003467
0.005391
0.008183
0.011023
0.013214
0.015780
0.017973
0.017733
0.016726
0.014263
0.010604
0.006845
0.002772
-0.001597
-0.004253
-0.006257
-0.008404
-0.010513
-0.012438
-0.013968
-0.015005
-0.015896
-0.015515
-0.015223
-0.013376
-0.010766
-0.008393
-0.004347
-0.000125
0.003281
0.005425
0.006884
0.008096
0.007393
0.005448
0.003913
0.001843
-0.000236
-0.001621
-0.002874
-0.003889
-0.003623
-0.002553
-0.002760
-0.002753
-0.002377
-0.002301
-0.002006
-0.001507
-0.000622
0.001125
0.003199
0.005683
0.008230
0.010780
0.011891
0.011865
0.010716
0.008304
0.006134
0.004495
0.002117
-0.000361
-0.001935
-0.002896
-0.004941
-0.006556
-0.006731
-0.007106
-0.006939
-0.005077
-0.002188
0.000161
0.003635
0.008172
0.012360
0.016281
0.018070
0.017403
0.015721
0.012476
0.006905
0.001530
-0.004119
-0.009497
-0.012952
-0.014262
-0.013349
-0.010724
-0.007046
-0.000359
0.006622
0.012363
0.018260
0.021357
0.022473
0.021700
0.017251
0.011117
0.004306
-0.004378
-0.012787
-0.019453
-0.025637
-0.028856
-0.029089
-0.027991
-0.024341
-0.018618
-0.012020
-0.004939
0.001461
0.006789
0.011181
0.014764
0.017112
0.018153
0.018488
0.017864
0.016680
0.014167
0.010165
0.006751
0.003337
-0.000468
-0.004486
-0.008516
-0.011496
-0.013836
-0.015807
-0.015549
-0.013901
-0.011518
-0.008245
-0.005122
-0.001115
0.002257
0.005285
0.008517
0.010361
0.011215
0.011024
0.010113
0.007819
0.005333
0.002988
0.000142
-0.001828
-0.003320
-0.004108
-0.004097
-0.003912
-0.002510
-0.000070
0.003441
0.007763
0.011474
0.014799
0.016715
0.017832
0.017877
0.016553
0.014891
0.011547
0.006563
0.001432
-0.004235
-0.009259
-0.012585
-0.015660
-0.017282
-0.017038
-0.016311
-0.014769
-0.011499
-0.009410
-0.007471
-0.003057
0.000780
0.004107
0.007998
0.011875
0.014868
0.016286
0.017152
0.017521
0.016789
0.014416
0.010911
0.007589
0.003071
-0.002830
-0.008105
-0.012798
-0.016847
-0.019808
-0.021854
-0.021856
-0.019498
-0.015557
-0.010990
-0.006141
-0.000303
0.005074
0.010491
0.015399
0.018019
0.018951
0.018473
0.016020
0.012826
0.008844
0.003692
-0.000850
-0.004750
-0.007411
-0.008042
-0.007919
-0.006677
-0.004869
-0.002993
-0.001871
-0.000586
0.000678
0.000604
-0.000016
-0.000462
-0.000378
-0.001123
-0.001553
-0.001303
-0.001141
-0.000048
0.001665
0.003305
0.005788
0.009123
0.010652
0.009775
0.007798
0.005251
0.002057
-0.000740
-0.002447
-0.003851
-0.004126
-0.003357
-0.002601
-0.000754
0.000944
0.002471
0.004335
0.004681
0.002937
0.000283
-0.003359
-0.007468
-0.011567
-0.014527
-0.015404
-0.014761
-0.012656
-0.008654
-0.003278
0.002110
0.006941
0.011157
0.013665
0.015096
0.015644
0.015100
0.014566
0.013638
0.012796
0.012163
0.011240
0.009328
0.007172
0.005061
0.002510
-0.000344
-0.003317
-0.006278
-0.008042
-0.009121
-0.010440
-0.010982
-0.011008
-0.009889
-0.007619
-0.004697
-0.000929
0.002798
0.005348
0.007840
0.009486
0.009946
0.010142
0.008726
0.006445
0.004576
0.002371
0.000653
0.000157
-0.000690
-0.000477
0.000469
0.001394
0.002909
0.004071
0.004403
0.004328
0.004067
0.002597
0.001266
0.001324
0.000549
-0.001431
-0.004076
-0.006066
-0.007206
-0.008439
-0.008344
-0.007906
-0.008169
-0.008702
-0.009288
-0.009259
-0.009036
-0.009853
-0.009243
-0.008195
-0.006314
-0.003530
-0.000372
0.002654
0.005793
0.008291
0.009795
0.011292
0.012354
0.014152
0.015322
0.014777
0.013100
0.009562
0.005848
0.001752
-0.002631
-0.005075
-0.006552
-0.007211
-0.006367
-0.004933
-0.003186
-0.000501
0.002405
0.004184
0.005980
0.007416
0.008280
0.009760
0.010619
0.009185
0.006834
0.005003
0.002314
0.000176
-0.000907
-0.001408
-0.001874
-0.001456
-0.000586
0.000384
0.001060
0.000835
0.000447
0.000466
-0.000355
-0.002162
-0.003785
-0.006667
-0.009976
-0.011737
-0.012697
-0.012389
-0.010874
-0.008008
-0.003777
0.000036
0.002427
0.005134
0.006813
0.006805
0.006563
0.006334
0.006269
0.006169
0.005899
0.005617
0.005786
0.004997
0.004555
0.004550
0.004693
0.004612
0.004428
0.005191
0.006421
0.006718
0.006929
0.006804
0.005360
0.004303
0.003426
0.001432
0.000042
-0.001250
-0.003056
-0.003424
-0.003574
-0.004289
-0.003981
-0.003130
-0.002321
-0.001365
-0.001108
-0.000579
-0.000310
-0.000640
-0.001316
-0.003262
-0.006218
-0.008651
-0.010419
-0.011887
-0.012985
-0.013615
-0.013298
-0.011453
-0.009456
-0.006249
-0.001442
0.003150
0.007241
0.010456
0.013806
0.016608
0.018663
0.020347
0.020489
0.019265
0.016698
0.012870
0.008162
0.003220
-0.001220
-0.005425
-0.008379
-0.009788
-0.009956
-0.008980
-0.007936
-0.006402
-0.004176
-0.001220
0.002642
0.006211
0.008732
0.009799
0.010633
0.010959
0.010644
0.009132
0.006394
0.003309
-0.000146
-0.002946
-0.005336
-0.006822
-0.007963
-0.008799
-0.008229
-0.005573
-0.003432
-0.001256
0.002318
0.006573
0.009026
0.010056
0.010222
0.009215
0.008249
0.004964
0.000942
-0.002346
-0.005804
-0.008197
-0.009615
-0.011094
-0.010836
-0.009068
-0.007852
-0.005975
-0.002885
0.000922
0.004314
0.006410
0.007035
0.006262
0.004189
0.001659
-0.001530
-0.004918
-0.007017
-0.008339
-0.008564
-0.007729
-0.005446
-0.002047
0.001271
0.005270
0.009544
0.012081
0.013177
0.013677
0.013956
0.012555
0.011352
0.009428
0.007232
0.004782
0.001072
-0.002526
-0.005613
-0.006949
-0.005557
-0.003605
-0.000473
0.003581
0.006584
0.009404
0.010998
0.010851
0.009291
0.007208
0.004544
0.001475
-0.001183
-0.005339
-0.008666
-0.010488
-0.011235
-0.012150
-0.012633
-0.012075
-0.009505
-0.006370
-0.002682
0.001583
0.004887
0.006876
0.008821
0.010786
0.011178
0.010606
0.009558
0.008081
0.007438
0.006507
0.004544
0.001789
-0.001385
-0.003989
-0.006215
-0.007993
-0.007557
-0.006373
-0.004534
-0.001959
-0.000294
0.000674
0.001652
0.002703
0.003949
0.003842
0.004133
0.003683
0.004133
0.004362
0.003869
0.003505
0.003166
0.002451
0.001248
0.000211
0.000083
-0.000719
-0.001365
-0.000999
-0.000675
-0.001500
-0.003391
-0.004457
-0.004694
-0.004811
-0.004718
-0.004513
-0.003446
-0.003253
-0.002552
-0.000758
0.001326
0.004270
0.006552
0.007442
0.007149
0.006648
0.006045
0.004642
0.002858
0.001248
0.000043
-0.000504
-0.001376
-0.003261
-0.004058
-0.003199
-0.000955
0.001629
0.003705
0.005402
0.006702
0.006680
0.006176
0.003940
0.000068
-0.003356
-0.005731
-0.006666
-0.006409
-0.005446
-0.003482
-0.001558
0.000423
0.002219
0.003963
0.005336
0.005882
0.006147
0.006139
0.006165
0.005954
0.004743
0.003640
0.002718
0.003078
0.003375
0.004316
0.006605
0.008411
0.008822
0.009298
0.009359
0.007334
0.003316
0.000198
-0.002641
-0.005724
-0.008090
-0.009935
-0.011769
-0.012744
-0.012404
-0.012734
-0.012621
-0.010669
-0.008174
-0.005196
-0.000860
0.003456
0.006648
0.008171
0.008218
0.007904
0.006558
0.004100
0.000993
-0.000387
-0.000013
0.001021
0.002607
0.003937
0.003886
0.004086
0.004127
0.002761
0.001788
0.001179
-0.000065
-0.001318
-0.002220
-0.001570
-0.000516
0.000722
0.002364
0.003535
0.005364
0.005932
0.005939
0.005714
0.004099
0.002895
0.001573
-0.000583
-0.002605
-0.004693
-0.005794
-0.005468
-0.003536
0.000002
0.003875
0.007357
0.010166
0.010693
0.010574
0.010163
0.007441
0.004481
0.001408
-0.001950
-0.004960
-0.008240
-0.011781
-0.015314
-0.018343
-0.019132
-0.017920
-0.015013
-0.009358
-0.003464
0.002238
0.009043
0.014086
0.016799
0.017576
0.016606
0.014133
0.011149
0.007506
0.002670
-0.002814
-0.007167
-0.010147
-0.012680
-0.013167
-0.011362
-0.007605
-0.004079
-0.000350
0.003930
0.007898
0.010784
0.011866
0.011811
0.011154
0.009797
0.006868
0.004599
0.002936
0.000805
-0.000226
-0.000929
-0.002346
-0.003269
-0.003852
-0.005191
-0.006669
-0.007403
-0.007312
-0.006068
-0.005660
-0.004913
-0.002181
0.000279
0.002573
0.005479
0.007389
0.009284
0.010594
0.010444
0.009875
0.009699
0.009069
0.006779
0.004005
0.000171
-0.004193
-0.007327
-0.008569
-0.008701
-0.007833
-0.005785
-0.002174
0.001793
0.006073
0.010441
0.014583
0.016927
0.016949
0.015972
0.013753
0.009826
0.004917
-0.000525
-0.005756
-0.010477
-0.015541
-0.019054
-0.019488
-0.018173
-0.016319
-0.013324
-0.009483
-0.004856
-0.000490
0.002371
0.004706
0.005187
0.004710
0.003968
0.002806
0.000778
0.000021
0.000811
0.001467
0.002376
0.003938
0.004919
0.005290
0.005705
0.005738
0.005802
0.006747
0.007985
0.008471
0.007670
0.007161
0.006239
0.004207
0.000992
-0.001856
-0.003505
-0.004732
-0.006166
-0.006754
-0.005894
-0.004275
-0.002829
-0.000729
0.002199
0.004403
0.006395
0.007806
0.008307
0.008148
0.006867
0.003924
-0.000248
-0.003966
-0.006569
-0.008564
-0.009389
-0.008872
-0.007294
-0.004576
-0.000728
0.003284
0.007311
0.010618
0.013055
0.013790
0.011791
0.008850
0.004892
0.000965
-0.004613
-0.009076
-0.011375
-0.013411
-0.013586
-0.011137
-0.006281
-0.000953
0.004412
0.008939
0.012125
0.014275
0.014767
0.014203
0.011732
0.008643
0.004963
0.000950
-0.002382
-0.005799
-0.008665
-0.009467
-0.009023
-0.006906
-0.003597
0.000003
0.003301
0.006959
0.008844
0.009463
0.009337
0.007545
0.005146
0.002323
-0.000217
-0.000584
-0.000195
0.000157
0.000254
0.000644
0.001062
0.001284
0.000521
-0.000984
-0.002388
-0.004923
-0.007764
-0.009272
-0.009540
-0.009322
-0.008714
-0.006543
-0.003935
-0.001562
0.001584
0.004758
0.007783
0.010663
0.012586
0.013829
0.013374
0.011402
0.008471
0.004414
-0.000495
-0.005356
-0.008463
-0.009753
-0.009377
-0.005901
-0.002308
0.001316
0.005903
0.008889
0.010473
0.010692
0.009349
0.007595
0.005717
0.003147
0.000662
-0.001048
-0.002549
-0.004294
-0.005670
-0.006382
-0.006471
-0.006650
-0.006205
-0.004763
-0.004411
-0.003542
-0.001096
0.000933
0.002011
0.003877
0.006477
0.008022
0.008169
0.007101
0.005417
0.004046
0.002596
0.001598
0.001752
0.002824
0.004046
0.005508
0.005869
0.005953
0.005576
0.003005
0.000212
-0.002858
-0.005516
-0.007371
-0.009248
-0.009073
-0.008144
-0.007661
-0.005280
-0.001793
0.000829
0.003039
0.005701
0.007945
0.009698
0.011001
0.010911
0.010043
0.008305
0.005679
0.003225
0.001057
-0.000971
-0.002894
-0.004655
-0.006228
-0.007254
-0.007513
-0.007394
-0.006841
-0.004745
-0.002865
-0.001057
0.001408
0.003887
0.007027
0.009702
0.011286
0.011448
0.010713
0.009283
0.006831
0.002815
-0.001632
-0.005179
-0.007535
-0.009186
-0.010600
-0.010400
-0.008407
-0.006314
-0.003828
-0.001647
0.000971
0.004325
0.006380
0.008259
0.009866
0.010950
0.011010
0.010282
0.009326
0.007676
0.004691
0.001482
-0.000672
-0.003201
-0.004755
-0.005070
-0.005633
-0.005661
-0.005608
-0.005427
-0.004580
-0.003943
-0.002395
-0.000520
0.001026
0.003694
0.006619
0.008826
0.009897
0.009711
0.009023
0.007720
0.005539
0.003366
0.001526
-0.000830
-0.002635
-0.003178
-0.004056
-0.005317
-0.005479
-0.004682
-0.004125
-0.003029
-0.001955
-0.000773
0.000490
0.000828
0.000793
0.000876
0.000372
-0.000273
-0.000750
-0.000005
0.001284
0.002544
0.004358
0.006054
0.007512
0.009187
0.010199
0.009390
0.008533
0.007316
0.003963
-0.000196
-0.004077
-0.007138
-0.008685
-0.010006
-0.010558
-0.009724
-0.008080
-0.005440
-0.002776
-0.000661
0.001373
0.002745
0.002966
0.003119
0.002852
0.002398
0.002802
0.003616
0.005406
0.007791
0.009239
0.009321
0.009444
0.010072
0.009103
0.007682
0.006294
0.004530
0.002387
0.000321
-0.002155
-0.005075
-0.006819
-0.008448
-0.009288
-0.009317
-0.007861
-0.005020
-0.001209
0.002073
0.004936
0.008296
0.010795
0.011915
0.011783
0.011849
0.010050
0.007488
0.004528
0.001153
-0.002912
-0.006472
-0.009201
-0.012042
-0.013353
-0.013816
-0.013495
-0.011796
-0.009243
-0.006004
-0.002516
0.000768
0.004298
0.006907
0.008051
0.008856
0.008763
0.008207
0.006947
0.004452
0.001886
-0.000507
-0.002325
-0.002666
-0.002482
-0.002672
-0.002115
0.000160
0.002432
0.003655
0.004703
0.005115
0.005247
0.004852
0.003600
0.002311
0.000545
-0.001379
-0.002012
-0.002521
-0.003098
-0.002840
-0.002066
-0.000459
0.001228
0.002870
0.005618
0.007952
0.009711
0.011146
0.011466
0.011046
0.009575
0.007428
0.004768
0.002262
-0.001233
-0.005124
-0.007483
-0.009406
-0.011440
-0.011656
-0.010640
-0.008583
-0.005077
-0.001759
0.001347
0.004602
0.006963
0.008400
0.009006
0.007905
0.004876
0.001645
-0.001362
-0.003341
-0.004829
-0.005354
-0.004946
-0.003829
-0.002196
0.000017
0.002756
0.004137
0.005433
0.006737
0.007466
0.007187
0.005434
0.003440
0.000889
-0.001008
-0.001802
-0.003222
-0.003383
-0.002020
-0.001679
-0.000760
0.001000
0.002045
0.002206
0.002043
0.001842
0.001589
0.001044
0.000290
0.000032
-0.000117
0.000157
-0.000044
0.000012
0.000505
0.000367
0.000601
0.001178
0.001976
0.002794
0.003504
0.003768
0.004177
0.004759
0.004330
0.003821
0.003192
0.001914
0.000998
0.000266
-0.000680
-0.001093
-0.001297
-0.001839
-0.002138
-0.002869
-0.002825
-0.002861
-0.003680
-0.003924
-0.004370
-0.004020
-0.002557
-0.002041
-0.001386
0.000810
0.002709
0.003712
0.005400
0.006605
0.006857
0.006980
0.006461
0.005319
0.004384
0.003208
0.001565
0.001033
-0.000075
-0.001254
-0.001398
-0.002006
-0.002218
-0.001998
-0.001552
-0.001175
-0.001179
-0.000204
0.000281
0.000833
0.002284
0.003924
0.005007
0.005138
0.004599
0.003582
0.002119
0.000325
-0.001634
-0.004108
-0.005417
-0.005827
-0.005760
-0.004552
-0.003027
-0.002126
-0.000648
0.000963
0.001460
0.002028
0.002448
0.003019
0.003678
0.003365
0.002702
0.002657
0.002815
0.002885
0.003133
0.002908
0.003540
0.004267
0.004207
0.003779
0.003002
0.002327
0.001307
0.000343
0.000082
0.000010
0.000543
0.001738
0.002087
0.002108
0.002103
0.001574
0.000966
0.000413
-0.000006
-0.000453
-0.000983
-0.000856
-0.000627
-0.000467
-0.000047
0.001594
0.002604
0.002467
0.002850
0.003333
0.003808
0.004158
0.002951
0.000944
-0.000243
-0.002406
-0.004419
-0.006337
-0.008459
-0.008906
-0.008264
-0.006926
-0.004688
-0.002481
-0.000503
0.001951
0.003854
0.005467
0.006521
0.006898
0.006327
0.005051
0.003929
0.001911
0.000394
0.000156
-0.000406
-0.000467
0.000449
0.000755
0.001336
0.002184
0.001565
0.000355
-0.000582
-0.001137
-0.001203
-0.001564
-0.000825
-0.000004
0.000728
0.002782
0.004306
0.005507
0.006719
0.006771
0.006353
0.005278
0.003526
0.001563
-0.000214
-0.002496
-0.004490
-0.005856
-0.006660
-0.007070
-0.006555
-0.005109
-0.003902
-0.002080
0.001132
0.003670
0.006051
0.008905
0.011947
0.013486
0.013151
0.011774
0.010254
0.008284
0.005764
0.002922
0.000257
-0.002416
-0.006389
-0.008478
-0.008869
-0.009462
-0.008529
-0.006649
-0.005004
-0.002749
0.000533
0.003398
0.004967
0.007216
0.009037
0.008959
0.007692
0.006218
0.004143
0.001299
-0.000728
-0.003418
-0.005385
-0.005647
-0.005368
-0.004975
-0.003434
-0.001711
0.000149
0.002744
0.005081
0.006983
0.007346
0.007094
0.006665
0.005689
0.003913
0.002526
0.000097
-0.002752
-0.004296
-0.005444
-0.006510
-0.007458
-0.007229
-0.005960
-0.005329
-0.003493
-0.000680
0.001622
0.004215
0.005901
0.007097
0.008192
0.008698
0.009065
0.008699
0.007460
0.006068
0.004050
0.002049
0.000335
-0.001831
-0.003733
-0.005583
-0.006848
-0.007007
-0.006766
-0.005408
-0.004224
-0.002565
0.000021
0.001847
0.003604
0.004811
0.005670
0.006885
0.006693
0.005691
0.004666
0.003117
0.001938
0.000708
-0.000193
-0.001084
-0.001145
-0.000891
-0.001766
-0.002130
-0.002276
-0.002654
-0.002599
-0.002478
-0.001389
-0.000684
-0.000370
0.000733
0.001119
0.001971
0.003937
0.004827
0.004854
0.004736
0.004736
0.004082
0.002726
0.001247
0.000616
0.000396
0.000172
0.000270
0.000293
0.000869
0.001100
0.001672
0.003196
0.003575
0.004013
0.004581
0.003902
0.003054
0.002741
0.000826
-0.000671
-0.001541
-0.003168
-0.004948
-0.006554
-0.006564
-0.006098
-0.005258
-0.003239
-0.000406
0.002769
0.004827
0.006511
0.008143
0.009350
0.009506
0.008994
0.007690
0.005475
0.003321
0.001087
-0.001467
-0.003344
-0.003966
-0.004254
-0.003921
-0.003635
-0.003260
-0.001908
-0.000524
-0.000092
0.000604
0.000731
0.000796
0.002362
0.002771
0.002412
0.002470
0.002479
0.002211
0.001232
0.000983
0.000620
-0.000080
-0.000004
0.000808
0.000905
0.001009
0.001453
0.000612
0.000484
0.000816
0.000780
0.000245
0.000214
0.001379
0.001537
0.000553
-0.001067
-0.001974
-0.002433
-0.002694
-0.002203
-0.001934
-0.001659
0.000117
0.001430
0.003088
0.004348
0.004467
0.004244
0.004410
0.005158
0.005655
0.005727
0.005405
0.004045
0.002641
0.001937
0.000534
-0.001557
-0.002554
-0.002398
-0.002200
-0.001997
-0.001090
0.000228
0.001605
0.001975
0.001933
0.002692
0.002924
0.002451
0.002490
0.002654
0.001538
0.001187
0.001898
0.001546
0.002003
0.001969
0.001607
0.001590
0.001801
0.000583
-0.000134
0.000040
0.000175
0.000008
-0.000778
-0.000915
-0.000151
0.000372
0.000768
0.000410
0.000506
0.001136
0.000995
0.000029
0.000085
-0.000075
0.000182
-0.000178
-0.000591
-0.000096
-0.000498
-0.001601
-0.002056
-0.001559
-0.000875
-0.000195
0.000141
0.000456
0.000841
0.001133
0.001362
0.002112
0.002745
0.002318
0.001373
0.000320
-0.000406
-0.000917
-0.001163
-0.001306
-0.001456
-0.001109
-0.000952
-0.000862
0.000032
0.000335
0.001055
0.001930
0.001520
0.001358
0.001692
0.001958
0.002629
0.002860
0.003243
0.004204
0.005286
0.005928
0.006017
0.005929
0.005424
0.004557
0.003444
0.002414
0.001696
0.000131
-0.001645
-0.002511
-0.002670
-0.002847
-0.003404
-0.003859
-0.002554
-0.001320
-0.000829
0.000752
0.001792
0.002182
0.003085
0.004385
0.005086
0.004657
0.004014
0.003284
0.002128
0.000320
-0.001195
-0.002443
-0.003248
-0.004195
-0.004971
-0.004654
-0.003511
-0.001961
-0.000485
0.000941
0.002704
0.003689
0.003901
0.003726
0.003248
0.002710
0.002149
0.002334
0.002375
0.002662
0.003472
0.003791
0.003279
0.002446
0.001963
0.001367
0.000183
-0.000697
-0.001530
-0.002088
-0.002602
-0.003649
-0.003228
-0.003407
-0.002335
-0.000002
0.001403
0.002926
0.004752
0.007035
0.008490
0.008349
0.007580
0.006003
0.003196
0.000211
-0.002415
-0.004279
-0.005291
-0.005778
-0.005493
-0.004306
-0.002589
-0.001410
-0.000193
0.001648
0.003459
0.004773
0.005721
0.006363
0.006227
0.005223
0.003798
0.002481
0.001986
0.001334
0.000543
0.000496
-0.000022
-0.001135
-0.001259
-0.000497
-0.000010
0.000550
0.001413
0.001533
0.002011
0.003261
0.003989
0.004631
0.004266
0.003583
0.003413
0.002391
0.001423
0.000607
-0.000571
-0.002057
-0.002671
-0.002781
-0.002512
-0.002445
-0.003190
-0.003367
-0.003361
-0.003334
-0.003431
-0.002905
-0.001838
-0.001390
-0.000211
0.001594
0.002820
0.003651
0.005037
0.005226
0.004784
0.004451
0.004299
0.003976
0.001696
0.000824
0.000157
-0.000463
-0.000852
-0.001588
-0.001424
-0.000502
-0.000318
0.000604
0.001536
0.002367
0.002981
0.002931
0.002410
0.001466
0.001044
0.000100
-0.001190
-0.001895
-0.002065
-0.001791
-0.000636
0.000343
0.000926
0.001468
0.002097
0.003071
0.003302
0.003557
0.004342
0.005223
0.005153
0.005007
0.005811
0.005857
0.004684
0.004130
0.004270
0.003309
0.002661
0.001967
0.000917
0.000063
-0.000409
0.000120
-0.000581
-0.000971
-0.000939
-0.001702
-0.002611
-0.002918
-0.002485
-0.002040
-0.002159
-0.001315
-0.000292
0.000320
0.001333
0.002976
0.004761
0.005406
0.005349
0.004675
0.002627
0.001362
0.000773
-0.000462
-0.001826
-0.002420
-0.002638
-0.002604
-0.002756
-0.002657
-0.002216
-0.001032
-0.000518
-0.000606
0.000323
0.001733
0.001677
0.002693
0.003342
0.003109
0.002746
0.002108
0.000808
-0.001073
-0.001944
-0.002681
-0.003790
-0.003654
-0.002391
-0.001145
0.000497
0.002111
0.003087
0.004007
0.004604
0.005033
0.004407
0.003166
0.001901
0.000913
0.000582
0.000263
0.000399
0.002078
0.003036
0.003571
0.004938
0.005674
0.005992
0.005705
0.004879
0.004404
0.003217
0.001300
-0.000147
-0.001918
-0.002791
-0.002404
-0.002001
-0.001841
-0.000131
0.002258
0.004270
0.005384
0.004825
0.004018
0.002467
0.000527
-0.000939
-0.001585
-0.002516
-0.003098
-0.002968
-0.002798
-0.001926
-0.001070
0.000282
0.001740
0.002899
0.003511
0.003049
0.002593
0.002119
0.001623
0.000327
-0.001404
-0.001513
-0.001221
-0.001892
-0.001929
-0.001569
-0.000847
0.000407
0.002187
0.004223
0.005549
0.005660
0.004753
0.003296
0.001026
-0.001397
-0.003038
-0.004424
-0.005013
-0.005357
-0.004881
-0.003862
-0.001913
0.000017
0.001066
0.002913
0.005512
0.006823
0.007410
0.007269
0.006920
0.006569
0.004749
0.001970
0.000075
-0.001795
-0.002815
-0.002961
-0.002765
-0.002239
-0.000707
0.001585
0.002832
0.003735
0.004799
0.005580
0.005488
0.004797
0.003195
0.000783
-0.000488
-0.001410
-0.002827
-0.004121
-0.004019
-0.002600
-0.000951
-0.000170
0.000952
0.001990
0.002711
0.002736
0.003160
0.003623
0.003918
0.004762
0.004692
0.003004
0.001554
0.000669
-0.000656
-0.002265
-0.002994
-0.003509
-0.003997
-0.003959
-0.003382
-0.002244
-0.000482
0.001502
0.002452
0.003378
0.004456
0.004352
0.002289
-0.000698
-0.002528
-0.004087
-0.004360
-0.003672
-0.002574
-0.000850
0.001371
0.003815
0.005860
0.007994
0.008395
0.007333
0.006111
0.005589
0.004352
0.002555
0.001939
0.000918
-0.000265
-0.001569
-0.002324
-0.002624
-0.002239
-0.001065
0.000049
0.000684
0.001059
0.001614
0.001889
0.001839
0.002017
0.003162
0.003626
0.003635
0.003796
0.003203
0.002068
0.000833
-0.001502
-0.002901
-0.003509
-0.003971
-0.003261
-0.001912
-0.000594
0.001534
0.002601
0.002576
0.002734
0.002991
0.002716
0.002558
0.002325
0.001611
0.001113
0.000760
0.000391
-0.000157
-0.000007
0.000409
0.000966
0.002818
0.003920
0.005487
0.006819
0.006266
0.004234
0.001598
-0.001504
-0.003801
-0.005427
-0.006764
-0.007269
-0.006334
-0.003593
-0.000591
0.001749
0.002195
0.002751
0.003507
0.002977
0.002883
0.003275
0.003345
0.003489
0.003834
0.003946
0.002783
0.001266
-0.000152
-0.001557
-0.002279
-0.002113
-0.002063
-0.001352
0.000233
0.001645
0.003048
0.003506
0.004899
0.005879
0.005945
0.005363
0.004034
0.001390
-0.000152
-0.001334
-0.002930
-0.004115
-0.004246
-0.002582
-0.000668
0.001735
0.004323
0.005784
0.005898
0.005551
0.004302
0.002487
0.001090
0.000041
-0.001109
-0.002202
-0.003261
-0.003676
-0.003143
-0.002142
-0.001194
-0.000079
0.000917
0.001975
0.002729
0.003866
0.004770
0.004578
0.004872
0.004595
0.003925
0.002221
0.000956
-0.000928
-0.002701
-0.002987
-0.002060
-0.000605
0.000502
0.002103
0.003163
0.003053
0.002577
0.002545
0.001965
0.000836
0.000453
0.001155
0.000825
-0.000250
-0.000893
-0.001519
-0.002090
-0.001228
0.000321
0.002055
0.003182
0.004130
0.005001
0.005595
0.005179
0.004107
0.003999
0.002717
0.000574
-0.000841
-0.001632
-0.001549
-0.001209
-0.000398
-0.000490
-0.000249
-0.000000
-0.000006
0.000003
-0.000003
0.000029
0.000441
0.000270
-0.000287
-0.000016
-0.000385
-0.000990
-0.001184
-0.000488
-0.000332
-0.000544
-0.000258
0.000588
0.001160
0.001127
0.001169
0.000640
-0.000212
-0.000211
0.000066
0.000253
-0.000197
-0.000398
0.000277
0.001324
0.001767
0.001941
0.002017
0.001087
0.000940
0.000852
0.000192
-0.000236
0.000299
0.000724
0.000746
0.001819
0.002794
0.002270
0.001786
0.001224
0.001093
0.001613
0.002400
0.003430
0.002980
0.001827
0.001501
0.000806
-0.000631
-0.000748
0.000227
0.000822
0.001560
0.002617
0.003053
0.003303
0.003414
0.003628
0.003437
0.003495
0.003799
0.003653
0.003906
0.004376
0.004062
0.003302
0.001758
-0.000152
-0.002423
-0.003990
-0.004428
-0.003951
-0.003069
-0.002545
-0.001639
-0.000360
0.000613
0.000786
0.001117
0.002157
0.002835
0.002837
0.002094
0.001512
0.000185
-0.001382
-0.001540
-0.001711
-0.001701
-0.001836
-0.000641
0.000664
0.001107
0.002524
0.003618
0.004483
0.004899
0.004621
0.003669
0.002081
0.000981
-0.000490
-0.001176
-0.001130
-0.001421
-0.000936
-0.000285
-0.000272
0.000201
0.000434
-0.000404
-0.001223
-0.001041
0.000111
0.001423
0.002262
0.002285
0.002075
0.001865
0.001605
0.000927
0.000434
-0.000481
-0.000885
-0.000920
-0.000933
0.000293
0.001151
0.000794
0.000399
0.000086
-0.001236
-0.002452
-0.002792
-0.002437
-0.001859
-0.000478
0.000779
0.000993
0.002170
0.004586
0.005600
0.005975
0.006339
0.006515
0.006246
0.004937
0.003118
0.002282
0.002206
0.002108
0.002143
0.001676
0.001465
0.001184
-0.000782
-0.001544
-0.001535
-0.002221
-0.002262
-0.001721
-0.001416
-0.000506
0.000861
0.002230
0.003525
0.004458
0.004948
0.005190
0.004637
0.002819
0.000949
-0.000116
-0.001465
-0.002477
-0.002287
-0.001631
-0.000818
0.000411
0.001526
0.001726
0.001334
0.000692
0.000271
-0.000800
-0.001555
-0.001197
-0.000774
-0.001023
-0.000799
-0.000080
0.000352
0.001736
0.002940
0.003217
0.003292
0.003193
0.001893
0.000651
0.000314
-0.000650
-0.001788
-0.003205
-0.004163
-0.004153
-0.004092
-0.003573
-0.001742
0.000602
0.002568
0.003743
0.003934
0.002986
0.002682
0.002976
0.001849
0.001379
0.001416
0.001630
0.002049
0.002118
0.001547
0.000291
-0.001315
-0.002082
-0.001793
-0.000240
0.001726
0.003307
0.004542
0.004807
0.004351
0.004305
0.003285
0.001879
0.000464
-0.001045
-0.001635
-0.001160
-0.000704
0.000597
0.002494
0.003351
0.004557
0.005636
0.005390
0.005370
0.005167
0.003440
0.001275
-0.000057
-0.001335
-0.002213
-0.003206
-0.003648
-0.002917
-0.001188
0.000481
0.001091
0.001727
0.001911
0.002250
0.002171
0.001741
0.001084
0.000244
0.000039
0.000039
0.000529
0.000626
0.000225
-0.000015
0.000438
0.000139
-0.000238
-0.000677
-0.001250
-0.001357
-0.002209
-0.002812
-0.002665
-0.001888
-0.000304
0.000551
0.002222
0.004132
0.005208
0.005341
0.004905
0.005075
0.004144
0.002633
0.002083
0.000591
-0.001529
-0.002478
-0.002526
-0.002522
-0.002168
-0.001991
-0.001144
-0.000382
0.000728
0.002232
0.002886
0.003481
0.004030
0.004417
0.004665
0.004572
0.003009
0.001184
0.000442
-0.000690
-0.001631
-0.001832
-0.001789
-0.000979
0.000590
0.001107
0.002070
0.002830
0.002400
0.001303
0.000652
0.000156
-0.000305
-0.000090
0.000675
0.001250
0.001403
0.001336
0.001145
0.000445
-0.000006
0.001093
0.001860
0.001652
0.001996
0.002056
0.001253
-0.000124
-0.001452
-0.001730
-0.001269
-0.000111
0.000997
0.001832
0.003203
0.003870
0.004245
0.004720
0.004443
0.004182
0.003777
0.003120
0.002744
0.001906
0.001124
0.000326
-0.000167
-0.000496
-0.001472
-0.002394
-0.002218
-0.002262
-0.002207
-0.000716
0.000445
0.000476
0.000879
0.001625
0.001246
0.001405
0.001882
0.002151
0.002317
0.001348
0.000286
-0.000740
-0.002274
-0.004614
-0.005230
-0.004390
-0.003303
-0.001417
0.000319
0.001442
0.001882
0.002172
0.002054
0.001709
0.001847
0.001632
0.001313
0.001633
0.001807
0.001442
0.001936
0.003227
0.003884
0.003733
0.003165
0.002000
0.001103
0.000400
-0.000824
-0.001581
-0.001521
-0.000546
0.000393
0.001514
0.002557
0.003905
0.005054
0.005456
0.005681
0.005329
0.003959
0.003287
0.002438
0.000686
-0.000506
-0.002348
-0.002880
-0.002136
-0.001932
-0.001932
-0.001210
-0.000035
0.000639
0.000976
0.000551
-0.000141
-0.000074
0.000033
0.000028
0.000606
0.001062
0.002377
0.003358
0.003509
0.003688
0.002915
0.001258
-0.000192
-0.001281
-0.002273
-0.002753
-0.002326
-0.001262
-0.000339
0.001079
0.002401
0.003124
0.003488
0.004204
0.004142
0.003041
0.001682
0.000498
-0.000661
-0.001262
-0.001321
-0.001757
-0.001490
-0.000566
0.000771
0.001477
0.001505
0.001729
0.002054
0.002220
0.001347
0.000338
0.000124
0.000310
0.000056
-0.000226
-0.000100
0.000628
0.000568
0.000444
0.001058
0.001261
0.001516
0.001393
0.001645
0.001894
0.001385
0.000679
0.000211
-0.000183
-0.000312
0.000089
0.001135
0.002065
0.002472
0.003113
0.002773
0.002579
0.002602
0.001553
0.000210
-0.000729
-0.000662
-0.000998
-0.001475
-0.000700
0.000484
0.000983
0.001469
0.002833
0.003753
0.003342
0.002987
0.002615
0.002445
0.001726
0.000182
-0.000967
-0.001284
-0.002048
-0.002327
-0.002499
-0.002546
-0.001822
-0.000514
0.001324
0.003589
0.005190
0.005750
0.005651
0.005355
0.004890
0.003419
0.001507
0.000050
-0.000651
-0.000858
-0.002355
-0.002499
-0.001626
-0.000957
-0.000324
0.000717
0.001977
0.002996
0.003695
0.004286
0.003702
0.002867
0.002179
0.000982
0.000061
-0.001266
-0.002362
-0.002431
-0.002018
-0.001076
-0.000439
-0.000049
0.000420
0.000952
0.000655
0.001029
0.000782
0.001003
0.001605
0.001831
0.001695
0.000834
0.000345
-0.000010
-0.000599
-0.000518
-0.000478
-0.000285
-0.000089
0.000361
0.001351
0.001874
0.001636
0.001595
0.001656
0.001343
0.001525
0.001997
0.002335
0.002266
0.002107
0.001341
0.000238
-0.000081
-0.000360
-0.001011
-0.000494
0.000551
0.001062
0.002042
0.002716
0.002587
0.002412
0.002492
0.001506
0.000556
0.000252
-0.000721
-0.001327
-0.001465
-0.001120
-0.000373
0.000351
0.001641
0.003062
0.003371
0.003431
0.002913
0.000971
-0.001450
-0.002628
-0.002504
-0.003150
-0.003277
-0.001865
-0.000623
0.000310
0.002117
0.003539
0.003654
0.004533
0.005545
0.004850
0.003724
0.003042
0.001731
0.000106
-0.000770
-0.001483
-0.001982
-0.001571
-0.000456
0.000571
0.001787
0.002013
0.002469
0.002952
0.002676
0.002123
0.001833
0.001515
0.000432
0.000583
0.001332
0.001301
0.001036
0.000208
0.000168
0.000116
-0.000716
-0.000549
-0.000066
-0.000081
-0.000120
-0.000391
-0.000068
0.001106
0.001434
0.001790
0.001998
0.001726
0.001369
0.000536
-0.000404
-0.000865
-0.000771
-0.000824
-0.000396
0.000296
0.000271
0.000494
0.000624
0.000184
-0.000220
-0.000165
0.000209
0.000458
0.000214
-0.000138
0.000303
0.000749
0.000330
-0.000367
-0.000563
-0.000906
-0.001371
-0.001086
0.000053
0.000347
0.000162
0.000823
0.001879
0.002401
0.002508
0.001852
0.001416
0.001564
0.001015
-0.000019
-0.000383
0.000100
0.000431
0.000772
0.002338
0.002829
0.002482
0.002865
0.003396
0.003578
0.003203
0.001980
0.001768
0.001479
0.000655
0.000583
0.000405
0.000239
0.000365
0.000639
-0.000033
-0.000351
0.000048
-0.000400
-0.001018
-0.001755
-0.002602
-0.002670
-0.002180
-0.001334
-0.000285
0.000976
0.002884
0.005391
0.006589
0.006617
0.006664
0.005400
0.002952
0.001169
-0.000276
-0.002389
-0.003494
-0.003261
-0.002610
-0.001998
-0.001042
0.000967
0.001486
0.001309
0.002285
0.002866
0.002650
0.001529
0.000321
-0.000760
-0.001113
-0.001442
-0.001605
-0.000600
0.001065
0.002543
0.002593
0.002728
0.003027
0.002262
0.001253
0.000485
-0.000030
-0.000533
-0.000852
-0.000659
0.000346
0.001010
0.001260
0.001808
0.001965
0.001412
0.000969
0.000527
0.000087
0.000184
-0.000215
0.000115
0.000649
0.001367
0.001622
0.001334
0.001725
0.001681
0.000542
-0.000026
0.000019
-0.001461
-0.001574
-0.000925
-0.000933
-0.000323
0.000331
0.000496
0.001495
0.002339
0.002504
0.002574
0.002417
0.001727
0.001042
0.000482
-0.000078
-0.000717
-0.001008
-0.000171
0.000293
0.000579
0.000830
0.001990
0.002676
0.002078
0.002853
0.003619
0.002839
0.002187
0.001198
0.000654
-0.000492
-0.002312
-0.002808
-0.002329
-0.001762
-0.001199
-0.000972
-0.000370
0.000744
0.001717
0.002396
0.003022
0.002425
0.001727
0.001053
0.000599
0.000576
0.000231
-0.000196
-0.000100
0.001038
0.001651
0.001138
0.001575
0.001516
0.001047
0.001172
0.001071
0.000469
0.000279
0.000423
0.001243
0.002241
0.002217
0.001497
0.001296
0.001130
0.000319
0.000537
0.001054
0.000579
0.000080
0.000352
-0.000036
-0.001281
-0.002214
-0.001645
-0.001086
-0.000988
-0.000281
0.001154
0.002844
0.002854
0.002466
0.002817
0.003102
0.002753
0.002665
0.002453
0.002837
0.002103
0.000902
0.000619
-0.000076
-0.000034
-0.000238
-0.000758
-0.000901
-0.001368
-0.001068
-0.000540
0.000120
0.000704
0.000394
0.000668
0.000851
0.000584
0.000838
0.000767
0.001015
0.001563
0.001370
0.000450
-0.000397
-0.000816
-0.000583
-0.000412
-0.000076
0.000823
0.001013
0.000865
0.001300
0.002144
0.002337
0.002363
0.001667
0.000944
0.001110
0.001337
0.001440
0.000841
0.000595
0.000243
-0.000075
0.000534
0.000568
0.000349
0.000939
0.000760
0.000069
0.000858
0.001519
0.001456
0.001446
0.001716
0.002364
0.002431
0.002327
0.001973
0.002084
0.002051
0.001527
0.001237
0.000964
0.000960
0.000671
-0.000516
-0.000900
-0.000597
-0.000634
-0.000323
-0.000207
0.000518
0.001390
0.001372
0.001583
0.001225
0.001473
0.001741
0.001490
0.001085
0.000841
0.000805
0.000131
-0.000300
-0.000623
-0.001031
-0.000473
0.000540
0.001162
0.001641
0.001543
0.001009
0.000779
0.000720
-0.000150
-0.000579
-0.000279
0.000215
0.000162
-0.000137
0.000539
0.001870
0.002382
0.002577
0.003528
0.004112
0.003783
0.003653
0.003107
0.001772
0.000376
-0.001613
-0.002707
-0.002805
-0.003537
-0.003639
-0.002853
-0.001945
-0.000277
0.001390
0.002973
0.004320
0.004955
0.005083
0.004677
0.003891
0.002015
0.001000
0.000393
-0.001221
-0.002163
-0.001692
-0.001264
-0.001380
-0.000498
-0.000263
0.000479
0.001434
0.001233
0.001444
0.002151
0.002362
0.002403
0.002783
0.003300
0.003177
0.002320
0.001565
0.001053
0.000925
0.000935
0.000849
0.000440
0.000015
-0.000018
0.000227
-0.000494
-0.001032
-0.000840
-0.000649
-0.000810
-0.000532
-0.000114
0.000461
0.000700
0.000984
0.001417
0.001317
0.000688
0.000046
-0.000248
0.000598
0.001681
0.001418
0.001318
0.000950
0.000728
0.001244
0.001239
0.001518
0.001599
0.000969
0.000318
0.000043
-0.000055
-0.000013
0.000282
0.000067
0.000284
0.000614
0.000675
0.001522
0.001019
0.000684
0.001423
0.001390
0.000761
0.001026
0.001662
0.001449
0.001123
0.001908
0.002784
0.003188
0.003295
0.003398
0.002811
0.001479
0.000398
0.000172
-0.000060
-0.000324
-0.000757
-0.000719
-0.000083
0.000482
0.001127
0.001351
0.001450
0.002042
0.001640
0.001322
0.001850
0.001898
0.002139
0.001328
-0.000181
-0.000845
-0.001383
-0.001905
-0.001382
-0.000746
-0.000376
0.000206
0.000637
0.001456
0.002028
0.001968
0.001544
0.000944
0.000271
0.000496
0.001091
0.001629
0.001779
0.001582
0.001884
0.002732
0.001980
0.001554
0.001408
0.000978
0.000532
0.000806
0.001191
0.001043
0.000926
0.000683
0.000100
-0.000649
-0.000856
-0.000649
-0.000512
-0.000819
-0.000468
0.000344
0.000718
0.001716
0.002437
0.003557
0.004340
0.004038
0.002990
0.002044
0.001939
0.001017
0.000291
-0.000549
-0.001522
-0.001244
-0.001237
-0.001264
-0.001012
0.000033
0.001088
0.001594
0.002077
0.002892
0.002698
0.001457
0.000928
-0.000030
-0.000803
-0.001400
-0.001374
-0.000479
0.000036
0.000201
0.000560
0.001475
0.001773
0.001880
0.002218
0.002841
0.003286
0.002834
0.001860
0.002048
0.000668
-0.001133
-0.001054
-0.000335
-0.000572
-0.001104
-0.000631
0.000458
0.001804
0.002171
0.002062
0.001741
0.001463
0.000768
0.000708
0.000828
0.000083
-0.000218
0.000064
-0.000126
0.000131
0.001060
0.001643
0.002042
0.002154
0.003289
0.003777
0.003790
0.003791
0.003439
0.002833
0.001376
0.000050
-0.001061
-0.001899
-0.002489
-0.003044
-0.003012
-0.002397
-0.001329
-0.000060
0.001513
0.002782
0.003580
0.003926
0.004624
0.005149
0.004460
0.003660
0.002889
0.001311
0.000003
-0.001313
-0.002009
-0.001729
-0.001315
-0.001279
-0.001119
-0.000325
0.000655
0.001542
0.002358
0.002228
0.001679
0.001582
0.001559
0.001634
0.001787
0.001953
0.001114
0.000472
-0.000460
-0.001782
-0.001911
-0.001364
-0.000732
-0.000223
0.000882
0.001175
0.002298
0.003487
0.003473
0.004067
0.004142
0.003254
0.002118
0.001896
0.000984
0.000337
0.000145
-0.000845
-0.001612
-0.002412
-0.002087
-0.001494
-0.001575
-0.000889
0.000252
0.000569
0.001140
0.002498
0.002797
0.002869
0.003254
0.003015
0.001934
0.001461
0.001369
0.000323
-0.000419
-0.001075
-0.001754
-0.001700
-0.001531
-0.000294
0.000362
0.001116
0.002031
0.002632
0.002961
0.002871
0.001374
