# STATIONID: 202
# STARTTIME: 1123769050.680000
# SAMPLERATE: 100
# NUMSAMPLES: 7023
0.000381
-0.000073
-0.000083
0.000523
-0.000072
-0.000483
-0.000103
-0.000080
-0.000300
0.000263
0.000748
0.000331
-0.000219
-0.000406
-0.000082
0.000025
-0.000163
-0.000171
0.000070
0.000186
-0.000045
-0.000411
-0.000247
-0.000360
-0.000420
0.000168
0.000129
-0.000190
-0.000091
-0.000162
-0.000525
-0.000619
-0.001121
-0.000953
-0.000194
0.000473
0.000872
0.000403
0.000604
0.000687
0.000150
0.000227
-0.000277
0.000051
0.000605
0.000615
0.000949
0.000854
0.000698
0.001074
0.000986
0.000445
0.000348
0.000697
0.000537
0.000831
0.000486
0.000028
0.000122
-0.000051
0.000022
0.000287
-0.000061
-0.000201
0.000239
0.000311
-0.000093
0.000165
0.000103
-0.000706
-0.000614
0.000072
-0.000502
-0.000223
0.000735
0.000537
-0.000070
-0.000012
0.000327
0.000434
0.000164
-0.000290
0.000535
0.001315
0.000829
0.000400
0.000774
0.000939
0.001285
0.000903
0.000452
0.000961
0.000649
-0.000416
-0.000847
-0.000069
0.000621
0.000377
0.000265
0.000338
0.000301
0.000458
-0.000077
-0.000645
-0.000242
0.000061
-0.000056
0.000342
0.000619
-0.000130
-0.000010
0.000348
0.000212
0.000493
0.000975
0.000741
0.000318
0.000694
0.000844
0.000438
-0.000032
-0.000744
-0.000597
0.000039
-0.000325
-0.000097
0.000543
0.000914
0.000704
0.000252
-0.000129
0.000484
0.000724
-0.000186
0.000173
0.000895
0.000774
0.000882
0.001453
0.001402
0.000986
0.000602
0.000894
0.001302
0.000519
0.000010
-0.000178
-0.000447
-0.000090
-0.000051
-0.000089
-0.000180
-0.000317
0.000675
0.001066
0.000405
0.000754
0.001054
0.001180
0.001516
0.001087
0.000826
0.000609
0.000156
0.000210
-0.000121
-0.000672
-0.000617
-0.000454
-0.000548
-0.000244
-0.000080
-0.000113
0.000092
-0.000449
-0.000075
0.000916
0.000885
0.001095
0.001289
0.001380
0.001153
0.000926
0.001009
0.000430
0.000343
0.000647
0.000701
0.000722
0.000124
-0.000291
0.000044
0.000300
-0.000236
-0.000302
0.000144
-0.000352
-0.000799
-0.000298
-0.000030
-0.000953
-0.000980
-0.000092
0.000604
0.000635
0.000765
0.000846
0.000293
0.000687
0.000396
-0.000504
-0.000101
0.000578
0.000258
-0.000283
-0.000555
-0.000520
0.000044
0.000660
0.000992
0.001017
0.000649
0.000811
0.001108
0.000263
0.000026
-0.000134
-0.000087
0.000376
0.000435
0.000773
0.000304
-0.000214
0.000234
0.000097
-0.000377
-0.000458
-0.000281
-0.000077
-0.000130
-0.000141
-0.000297
-0.000498
-0.000426
-0.000143
0.000377
0.001010
0.000749
0.000530
0.000709
0.000645
0.000875
0.000837
0.000637
0.000625
0.000349
0.000311
0.000742
0.000807
-0.000054
-0.000265
0.000374
0.000152
-0.000333
-0.000010
0.000695
0.000793
0.000619
0.000744
0.000733
0.000705
0.000170
0.000119
-0.000109
-0.000055
0.000386
-0.000216
-0.000300
0.000208
0.000201
-0.000328
-0.000247
0.000262
0.000438
0.000570
0.000693
0.000236
-0.000126
-0.000070
0.000121
-0.000022
-0.000052
0.000264
-0.000014
-0.000244
0.000100
-0.000473
-0.001097
-0.000634
-0.000112
-0.000289
-0.000356
-0.000620
-0.000530
-0.000355
-0.000306
-0.000374
-0.000286
0.000437
0.000773
0.000306
0.000264
-0.000018
-0.000063
0.000197
0.000299
0.000869
0.001043
0.001301
0.001167
0.000197
-0.000270
-0.000223
0.000311
0.000356
0.000125
0.000162
0.000112
-0.000344
-0.000648
0.000167
0.000829
0.000935
0.000840
0.000451
0.000424
-0.000011
-0.000379
-0.000030
-0.000310
-0.000790
-0.000024
0.000164
0.000181
0.001038
0.000761
-0.000301
-0.000603
-0.000172
-0.000307
-0.000796
-0.000707
0.000046
-0.000011
-0.000114
0.000200
0.000624
0.000813
0.000690
0.001092
0.001444
0.000766
0.000907
0.001258
0.001180
0.001163
0.001255
0.000515
-0.000034
-0.000034
-0.000059
-0.000243
-0.000820
-0.000942
-0.000439
-0.000183
-0.000342
-0.000242
-0.000148
-0.000638
-0.000131
0.000227
0.000464
0.000881
0.000479
0.000010
0.000184
0.000825
0.000785
0.000906
0.000760
0.000467
0.000479
0.000649
0.000844
0.000543
0.000014
0.000128
0.000412
0.000067
-0.000203
-0.000038
0.000380
0.000737
0.000276
0.000419
0.001452
0.000882
0.000605
0.001171
0.000437
0.000442
0.000455
0.000068
0.000270
0.000263
0.000270
-0.000062
0.000019
-0.000010
-0.000309
-0.000007
0.000109
0.000115
0.000459
0.000685
0.000347
0.000126
0.000467
0.001036
0.000468
-0.000231
-0.000062
-0.000115
0.000027
-0.000063
-0.000279
-0.000569
-0.000178
0.000077
0.000161
0.000239
-0.000016
0.000203
0.000172
0.000425
0.001019
0.001071
0.000659
0.000844
0.000571
-0.000154
0.000126
-0.000111
-0.000860
-0.000672
0.000289
0.000659
0.000471
0.000244
0.000049
0.000208
0.000278
0.000294
0.000480
0.000037
0.000023
0.000483
0.000073
-0.000408
0.000020
0.000537
0.000514
0.000360
0.000173
-0.000001
0.000272
0.000152
0.000043
0.000351
0.000337
-0.000009
-0.000414
-0.000139
0.000232
0.000147
-0.000004
0.000021
-0.000115
-0.000376
-0.000188
0.000140
0.000041
0.000462
0.000295
-0.000256
-0.000187
-0.000233
-0.000284
-0.000311
-0.000175
-0.000060
0.000264
0.000733
0.000755
0.000257
0.000541
0.000220
-0.000097
0.000142
0.000175
0.000349
0.000182
0.000109
0.000140
0.000945
0.001231
0.000514
0.000888
0.000965
0.000379
0.000324
0.000468
0.000549
0.000804
0.000882
0.000574
0.000337
0.000770
0.000285
0.000132
0.000536
0.000385
0.000249
0.000568
0.000752
0.000484
-0.000297
-0.000243
-0.000433
-0.000779
-0.000369
-0.000265
-0.000299
-0.000329
-0.000813
-0.000675
-0.000263
-0.000375
-0.000467
0.000128
0.000054
-0.000153
0.000045
-0.000463
-0.000958
-0.001105
-0.000773
0.000014
0.000124
0.000122
0.000210
0.000442
0.000436
0.000579
0.000849
-0.000011
0.000086
0.000592
0.000485
0.000563
0.000458
0.000126
0.000227
0.000152
-0.000377
-0.000190
0.000234
0.000969
0.001436
0.001313
0.001476
0.001693
0.001268
0.000489
0.000501
0.000065
-0.000389
-0.000297
-0.000540
-0.001164
-0.000940
-0.000264
0.000125
0.000496
0.000628
0.000922
0.000800
0.000238
0.000288
0.000853
0.000903
0.000590
0.000243
-0.000065
-0.000729
-0.001112
-0.000898
-0.000197
0.000129
0.000086
0.000065
-0.000196
-0.000001
0.000039
0.000537
0.000451
0.000205
0.000855
0.001042
0.000076
-0.000478
-0.000547
-0.000561
-0.000383
-0.000921
-0.001249
-0.000872
-0.000231
0.000575
0.000285
-0.000434
-0.000028
0.000859
0.000867
0.000335
0.000704
0.000308
-0.000011
0.000501
0.000967
0.000241
-0.000802
-0.000826
-0.000782
-0.000387
0.000077
0.000038
0.000432
0.001149
0.000933
0.000431
0.000205
0.000872
0.000941
0.000578
0.001319
0.001328
0.000343
0.000270
0.000739
0.000516
-0.000203
-0.000551
-0.000370
-0.000020
-0.000231
-0.000090
0.000170
0.000088
-0.000189
-0.000002
0.000142
-0.000028
0.000033
0.000141
0.000062
0.000379
0.000085
-0.000129
-0.000267
-0.000255
-0.000022
-0.000242
-0.000034
0.000268
0.000439
0.000394
0.000157
0.000121
0.000193
0.000207
-0.000100
0.000010
0.000007
-0.000702
-0.000783
-0.000304
-0.000439
-0.000399
-0.000387
0.000307
0.001074
0.000648
0.001025
0.001195
0.001012
0.000568
-0.000387
-0.000122
0.000594
0.001108
0.001090
0.000513
0.000080
0.000554
0.000927
0.000430
0.000229
0.000056
0.000144
0.000647
0.000803
0.000474
0.000108
0.000228
0.000279
0.000536
0.000716
0.001142
0.001182
0.000978
0.001127
0.000493
0.000601
0.000727
0.000338
0.000139
-0.000785
-0.000782
0.000168
0.000142
-0.000354
-0.000260
0.000074
-0.000154
-0.000634
-0.000709
-0.000286
-0.000121
-0.000586
-0.000986
-0.000258
0.000363
-0.000269
-0.000314
-0.000055
-0.000016
-0.000221
-0.000149
0.000351
-0.000220
-0.000723
-0.000465
-0.000388
-0.000760
-0.000668
-0.000120
-0.000312
-0.000524
-0.000573
-0.000588
-0.000670
-0.000340
0.000182
-0.000080
-0.000463
-0.000116
0.000292
0.000170
0.000241
0.000535
0.000221
0.000257
0.000302
0.000203
-0.000101
-0.000046
-0.000139
-0.000576
-0.000479
-0.000549
-0.000515
-0.000384
-0.000164
0.000492
0.000672
0.000401
0.000178
0.000107
0.000001
0.000033
0.000263
0.000469
0.000468
0.000307
0.000926
0.001297
0.000607
0.000071
-0.000235
-0.000637
-0.000428
0.000384
0.000265
-0.000224
-0.001001
-0.001007
-0.000317
-0.001034
-0.001119
-0.000753
-0.000249
-0.000823
-0.001304
-0.000360
-0.000107
-0.000037
0.000126
0.000128
-0.000215
-0.000510
-0.000334
0.000113
-0.000423
-0.000730
-0.000089
0.000033
-0.000071
0.000195
0.000333
-0.000222
-0.000309
-0.000456
-0.000043
0.000560
0.000299
-0.000294
-0.000754
-0.000559
-0.000042
-0.000157
0.000167
0.001021
0.001208
0.000870
0.001059
0.000660
-0.000075
-0.000392
-0.000482
-0.000319
0.000009
-0.000212
-0.000598
-0.000046
0.000379
0.000170
-0.000220
0.000228
0.000755
0.000557
0.000439
0.000137
-0.000204
0.000372
-0.000247
-0.000430
0.000308
0.000685
0.000830
0.000764
0.000942
0.001052
0.000171
0.000388
0.000502
-0.000059
-0.000310
-0.000145
0.000290
0.000628
0.000184
-0.000659
-0.001162
-0.001504
-0.001118
-0.000488
-0.000009
0.000481
0.000551
0.000414
0.000397
-0.000151
-0.000331
-0.000569
-0.000933
-0.000427
-0.000833
-0.001192
-0.000306
-0.000783
-0.001799
-0.001277
-0.000503
-0.000298
0.000252
0.000001
0.000369
0.000811
0.000866
0.000976
0.001211
0.001012
0.000463
0.000724
0.000589
0.000311
-0.000121
0.000018
0.000356
0.000552
0.000302
-0.000464
-0.000561
-0.000445
-0.000811
-0.000274
0.000102
0.000003
0.000370
0.000293
0.000059
0.000545
0.000524
-0.000039
-0.000631
0.000311
0.001001
0.000675
0.000690
0.000641
0.000831
0.000639
0.000664
0.000555
-0.000210
-0.000763
-0.000454
-0.000257
-0.000982
-0.001260
-0.000660
-0.000614
-0.000742
-0.000136
0.000385
-0.000208
-0.000673
-0.000141
0.000085
0.000085
0.000108
0.000306
0.000851
0.000371
-0.000354
0.000081
-0.000316
-0.000568
0.000172
0.000549
0.000243
-0.000148
-0.000308
-0.000349
-0.000149
-0.000333
0.000232
0.000856
0.000022
-0.000027
0.000693
0.000547
0.000354
-0.000210
-0.000331
-0.000293
0.000425
0.000816
0.000580
0.000600
0.000480
0.000414
0.000755
0.000939
0.000335
0.000247
0.000115
-0.000079
0.000108
0.000158
-0.000504
-0.000654
-0.000312
-0.000285
-0.000459
-0.000680
-0.000501
0.000259
0.000860
0.000797
0.001126
0.001462
0.001198
0.001532
0.001564
0.000425
0.000427
0.000434
-0.000340
-0.000851
-0.000768
-0.000693
-0.001137
-0.000949
-0.000739
-0.000533
-0.000850
-0.000806
0.000320
0.000685
0.000610
0.000819
0.001161
0.000474
0.000317
0.001183
0.000926
-0.000127
-0.000754
-0.000379
0.000050
-0.000045
0.000177
-0.000119
-0.000150
0.000007
0.000517
0.000690
0.000918
0.002052
0.001787
0.000840
0.000797
0.000579
0.000118
-0.000191
-0.000315
-0.000598
-0.001091
-0.001023
-0.000307
-0.000012
-0.000348
0.000159
0.000397
0.000134
0.000316
0.000306
0.000130
0.000618
0.000761
0.000943
0.000889
-0.000001
-0.000566
0.000097
0.000237
-0.000141
-0.000149
-0.000524
-0.000581
-0.000007
0.000281
0.000128
0.000103
-0.000203
-0.000530
-0.000614
-0.001197
-0.001466
-0.001259
-0.001002
-0.000671
-0.000028
0.000277
0.000059
0.000088
0.000062
0.000216
0.000770
0.000321
-0.000397
-0.000490
-0.000242
0.000037
-0.000260
-0.000438
-0.000376
-0.000267
0.000250
0.000010
0.000105
0.000566
0.000637
0.000958
0.000814
0.000669
0.001400
0.001667
0.001335
0.001081
0.000979
0.000835
0.000561
0.000470
0.000185
-0.000417
-0.000144
-0.000170
-0.000476
-0.000390
-0.000037
-0.000614
-0.000821
-0.000177
0.000268
0.000504
0.000250
0.000297
0.000736
0.000955
0.000223
-0.000779
-0.001270
-0.001456
-0.000984
-0.000876
-0.001393
-0.001401
-0.001470
-0.001528
-0.000696
0.000277
0.000382
0.000274
0.000591
0.000654
0.000689
0.000807
0.000246
-0.000331
-0.000386
-0.000581
-0.000154
0.000161
-0.000075
-0.000293
-0.000439
-0.000424
-0.000334
0.000212
0.000612
0.000714
0.000359
0.000660
0.000221
-0.000650
-0.000436
-0.000424
-0.000740
-0.000366
0.000485
0.000659
-0.000072
-0.000668
-0.000192
0.000193
-0.000070
-0.000640
-0.000121
0.000151
0.000622
0.000928
0.000249
-0.000345
0.000077
-0.000122
-0.000405
-0.000307
-0.000042
-0.000137
-0.000866
-0.000475
0.000125
-0.000001
0.000011
0.000064
0.000105
0.000385
0.000293
-0.000083
-0.000014
-0.000196
-0.000636
-0.000614
0.000150
0.000290
0.000035
0.000475
0.000834
0.000453
0.000259
0.000415
0.000724
0.000663
0.000138
0.000155
0.000132
-0.000158
0.000106
0.000366
-0.000153
-0.000287
-0.000417
-0.000576
-0.000739
-0.000778
-0.001237
-0.001517
-0.000622
0.000040
0.000215
0.000376
0.000546
0.000873
0.000111
-0.000551
-0.000158
-0.000296
-0.000518
-0.000513
-0.000301
0.000083
0.000012
0.000220
0.000733
0.000628
0.000172
0.000465
0.000856
0.000239
-0.000455
-0.000765
-0.001637
-0.001536
-0.000710
0.000053
0.000086
0.000495
0.000705
0.000350
0.000535
0.000179
-0.000686
-0.000053
0.000853
0.000355
-0.000143
-0.000817
-0.000556
-0.000493
-0.000626
-0.000305
-0.000659
-0.000245
0.000106
-0.000188
-0.000025
-0.000070
-0.000650
-0.000147
0.001108
0.001128
0.001257
0.001243
0.000891
0.000882
0.000193
-0.000254
-0.000192
-0.000535
-0.000841
-0.000892
-0.001021
-0.000544
-0.000264
-0.000162
0.000026
-0.000324
-0.000414
-0.000711
-0.000535
0.000129
0.000148
0.000425
0.000569
0.000164
0.000082
0.000102
0.000276
0.000781
0.000796
0.000796
0.001019
0.000475
-0.000231
-0.000725
-0.000714
-0.000318
-0.000532
-0.000222
0.000283
0.000321
0.000410
0.000704
0.000674
0.000566
0.001353
0.001810
0.001195
0.000453
0.000557
0.000769
-0.000469
-0.000684
-0.000171
-0.001032
-0.001120
-0.000515
-0.000504
-0.000589
-0.000528
-0.000508
0.000164
0.000720
0.000980
0.001732
0.001788
0.000767
0.000745
0.001034
0.001007
0.000760
0.000353
0.000045
-0.000624
-0.000347
-0.000125
-0.000170
-0.000356
-0.000061
0.000251
0.000572
0.000920
0.000834
0.000825
0.000583
0.000326
-0.000109
-0.000370
-0.000385
-0.000434
-0.000594
-0.000701
-0.000321
-0.000140
-0.000257
-0.000549
-0.000285
0.000074
-0.000395
0.000494
0.001140
0.000550
0.000936
0.000848
0.000544
0.000370
-0.000141
0.000001
0.000420
0.000668
0.000224
0.000307
0.000682
0.000428
0.000192
0.000244
0.000655
0.000893
0.000428
-0.000152
0.000064
0.000415
0.000362
0.000482
0.001112
0.001416
0.001092
0.000538
0.000344
0.000671
0.000070
-0.000317
0.000044
0.000156
-0.000134
-0.000207
-0.000230
0.000098
0.000148
0.000110
-0.000026
-0.000461
-0.000525
-0.000280
-0.000032
0.000139
0.000097
0.000406
0.000600
0.000317
-0.000427
-0.000394
0.000002
-0.000091
-0.000098
0.000358
-0.000078
-0.000445
-0.000152
0.000053
-0.000152
-0.000101
-0.000865
-0.001406
-0.000684
-0.000113
-0.000025
0.000028
0.000333
0.000602
0.000617
0.000255
0.000174
0.000039
-0.000297
-0.000683
-0.000473
0.000357
0.000507
0.000237
0.000211
0.000159
0.000380
0.000230
0.000648
0.001092
0.000704
0.000683
0.000572
0.000732
0.001019
0.000910
0.000586
0.000349
0.000311
0.000409
0.000506
0.000081
0.000008
-0.000000
0.000006
0.000246
-0.000210
-0.000570
-0.000465
-0.000336
-0.000234
-0.000196
0.000184
0.000410
0.000116
0.000211
0.000426
0.000018
0.000242
0.000967
0.000321
-0.000199
0.000351
0.000472
0.000165
0.000052
-0.000333
-0.000779
-0.000523
-0.000225
-0.000127
-0.000110
-0.000114
0.000154
0.000267
-0.000068
-0.000057
0.000501
0.000159
0.000159
0.000162
-0.000215
-0.000243
-0.000044
-0.000010
0.000252
0.000397
0.000049
0.000177
0.000417
0.000563
0.001077
0.000906
0.000147
0.000140
0.000426
0.000463
0.000804
0.000861
0.000732
0.000551
-0.000429
-0.000841
-0.000596
-0.000848
-0.000918
-0.000315
-0.000111
-0.000412
-0.000917
-0.000921
-0.000467
-0.000148
0.000656
0.001180
0.001144
0.000319
-0.000450
0.000062
0.000751
0.000942
0.000686
0.000556
0.000625
0.000992
0.001534
0.001715
0.001756
0.001049
-0.000013
-0.000039
-0.000097
-0.000246
-0.000227
-0.000142
-0.000002
-0.000288
-0.000124
-0.000077
-0.000175
0.000229
-0.000032
-0.000319
-0.000088
0.000143
0.000745
0.000426
-0.000060
0.000238
0.001128
0.001268
0.001165
0.001493
0.000744
0.000088
0.000348
0.000450
-0.000083
-0.000100
-0.000042
-0.000279
-0.000365
-0.000286
-0.000814
-0.000424
0.000177
-0.000366
-0.000163
0.000291
0.000483
0.000207
-0.000139
-0.000597
-0.000791
-0.000201
0.000021
-0.000264
-0.000302
0.000466
0.000538
-0.000372
-0.000708
-0.000268
0.000023
-0.000253
-0.000112
0.000151
-0.000042
0.000300
0.000828
0.001194
0.001132
0.000528
0.000003
0.000411
0.000459
0.000061
-0.000065
0.000047
0.000276
0.000025
0.000419
0.000320
0.000240
0.000059
0.000215
0.000225
-0.000582
-0.000340
0.000941
0.001206
0.000332
0.000235
0.000329
0.000193
0.000124
0.000060
0.000192
-0.000166
-0.000065
0.000331
-0.000047
-0.000629
-0.000627
-0.000510
-0.000247
-0.000210
-0.000592
0.000301
0.001142
0.001214
0.000633
0.000591
0.001226
0.000693
0.000435
0.000385
-0.000044
0.000414
0.000002
-0.000777
-0.000594
-0.000317
-0.000197
-0.000606
-0.000364
-0.000188
-0.000345
0.000328
0.000666
0.000855
0.001181
0.000965
0.000905
0.001142
0.001091
0.000757
0.000680
0.000231
-0.000204
0.000047
-0.000406
-0.000015
0.000667
0.000482
0.000252
0.000215
0.000103
0.000617
0.000890
0.000686
0.000641
0.000215
0.000201
0.000099
0.000929
0.000558
-0.000047
0.000163
-0.000195
-0.000144
-0.000018
0.000141
0.000041
-0.000279
-0.000563
-0.000693
-0.000543
-0.001082
-0.001290
-0.000670
-0.000241
-0.000200
0.000102
0.000725
0.000650
0.000430
0.000489
0.000067
-0.000557
-0.000466
-0.000540
-0.000002
0.000009
-0.000283
-0.000274
-0.000287
-0.000787
-0.001184
-0.001025
-0.000515
-0.000746
-0.000809
-0.000219
0.000740
0.000831
0.000893
0.001160
0.000761
0.000325
0.000590
0.000305
0.000515
0.000614
0.000667
0.000831
0.000829
0.000457
-0.000272
-0.000082
-0.000243
-0.000603
0.000423
0.000843
0.000084
-0.000594
-0.000291
0.000171
-0.000052
0.000049
0.000557
0.000301
-0.000184
0.000589
0.001073
0.000676
0.000724
0.000236
-0.000097
-0.000060
0.000104
0.000396
0.000424
0.000273
-0.000286
-0.000418
-0.000548
-0.000708
-0.000498
0.000165
0.000441
-0.000272
-0.000346
0.000182
0.000082
0.000614
0.000753
0.000085
-0.000008
0.000004
-0.000086
-0.000103
0.000102
0.000442
-0.000145
-0.000775
-0.000880
-0.000636
-0.000198
-0.000698
-0.000500
0.001386
0.001663
0.001247
0.001533
0.001696
0.001370
0.001285
0.001648
0.001515
0.000963
0.000578
0.000124
-0.000354
-0.000857
-0.001154
-0.000853
-0.001025
-0.000777
0.000087
-0.000139
0.000501
0.001036
0.000614
0.000574
0.000568
0.000691
0.001104
0.000962
0.000913
0.001831
0.001973
0.000981
0.000009
-0.000963
-0.000999
-0.000345
-0.000474
-0.000826
-0.000847
-0.000879
-0.001306
-0.001385
-0.001366
-0.001142
-0.001103
-0.001365
-0.000558
0.000374
0.000207
-0.000019
-0.000218
0.000023
0.000284
0.000560
0.001232
0.001055
0.000490
0.000238
-0.000074
-0.000056
0.000232
0.000299
0.000277
-0.000275
0.000010
0.000268
-0.000324
-0.000396
0.000196
0.000483
-0.000041
0.000038
0.000464
0.000788
0.001211
0.000743
0.000984
0.000955
0.000400
0.001339
0.001542
0.000867
0.001043
0.001207
0.000357
0.000138
0.000215
0.000050
-0.000086
0.000100
0.000774
0.000688
0.000457
0.000873
0.000753
0.000525
0.000461
0.000302
0.000662
0.000650
0.000093
-0.000145
-0.000030
-0.000007
-0.000493
-0.000689
-0.000875
-0.001054
-0.000855
-0.000701
-0.000782
-0.000904
-0.000722
-0.000796
-0.000306
0.000770
0.001203
0.001871
0.002503
0.001659
0.001284
0.001268
0.000599
0.000618
0.000271
-0.000382
-0.000689
-0.000302
0.000129
-0.000025
-0.000010
0.000201
0.000621
0.000260
-0.000008
-0.000072
-0.000034
0.000321
0.000484
0.000432
0.000425
0.000428
-0.000222
-0.000819
-0.000129
-0.000193
-0.000369
-0.000492
-0.000946
-0.000526
-0.000060
-0.000340
-0.000618
0.000199
0.000629
0.000502
0.000904
0.000855
0.000862
0.000700
0.000618
0.000438
-0.000005
-0.000113
-0.000162
-0.000308
-0.000093
0.000084
-0.000809
-0.001268
-0.000243
0.000135
-0.000257
-0.000081
0.000448
0.000902
0.001099
0.001056
0.000959
0.000788
0.000730
0.000904
0.000390
0.000540
0.000967
0.001056
0.000486
-0.000195
-0.000389
-0.000248
-0.000016
-0.000013
-0.000317
-0.000401
0.000070
0.000424
0.000201
0.000480
0.000980
0.001167
0.000859
0.000187
0.000727
0.001246
0.001064
0.000770
0.001029
0.001327
0.001072
0.000988
0.000856
0.000787
0.000426
0.000116
0.000128
0.000200
0.000015
-0.000443
-0.000694
-0.000607
-0.000422
-0.000633
-0.001323
-0.001528
-0.000708
-0.000113
-0.000160
0.000111
0.000693
0.000386
-0.000019
0.000154
0.000368
0.000052
-0.000108
-0.000512
-0.000999
-0.000584
-0.000407
-0.000901
-0.001142
-0.000574
-0.000237
-0.000403
-0.000030
0.000496
0.000389
0.000705
0.000722
0.000361
0.000508
0.000799
0.000616
0.000874
0.000983
0.001397
0.001764
0.000974
0.000732
0.000529
0.000622
0.001157
0.001169
0.001464
0.001524
0.000781
0.000732
0.000801
0.000652
0.000456
0.000538
0.000842
0.000977
0.001113
0.001090
0.001283
0.001407
0.001131
0.001085
0.000678
0.000525
0.000179
0.000268
0.000334
0.000010
0.000144
-0.000330
-0.000733
-0.000214
0.000088
-0.000238
-0.000440
-0.001166
-0.000911
-0.000488
-0.001035
-0.001131
-0.000590
-0.000262
-0.000053
0.000341
0.000292
-0.000312
-0.000740
-0.001154
-0.001586
-0.001131
-0.000103
-0.000114
0.000010
0.000598
0.000804
0.001168
0.001697
0.001682
0.001630
0.001992
0.001312
0.000707
0.000705
-0.000038
0.000225
0.000628
0.000539
0.000039
-0.000115
0.000098
-0.000297
-0.000100
0.000179
-0.000019
-0.000023
0.000494
0.000545
0.000478
0.000494
0.000566
0.000810
0.000762
0.000256
0.000272
0.000269
-0.000470
-0.000588
-0.000584
-0.000354
0.000033
-0.000267
-0.000734
-0.000403
0.000519
0.000402
-0.000846
-0.001095
-0.000920
-0.000986
-0.000928
-0.000415
-0.000219
-0.000097
0.000290
0.000009
-0.000614
-0.000269
0.000415
0.000334
0.000389
0.000428
0.000491
0.000791
0.000573
0.000334
-0.000274
-0.000661
0.000210
0.000029
-0.000269
0.000006
0.000014
-0.000034
0.000481
0.000657
0.001162
0.001088
0.000157
0.000581
0.000878
0.000780
0.000893
0.000875
0.000698
0.000537
0.000402
0.000109
-0.000039
-0.000102
0.000174
-0.000219
-0.000708
-0.000408
0.000021
-0.000119
-0.000149
0.000282
0.000191
0.000220
-0.000159
-0.000111
0.000126
-0.000205
-0.000191
-0.000243
-0.000423
-0.000140
-0.000336
-0.000623
0.000242
-0.000252
-0.000696
-0.000706
-0.000810
0.000149
0.000393
-0.000211
-0.000503
-0.000865
-0.000600
0.000087
0.000210
0.000435
0.000354
-0.000160
0.000204
0.000467
-0.000010
0.000189
0.000039
0.000230
0.000478
0.000595
0.000839
0.001056
0.001258
0.001113
0.000327
-0.000190
-0.000718
-0.000557
-0.000490
-0.000953
-0.001129
-0.000561
0.000656
0.000790
0.000803
0.000811
0.000836
0.000414
-0.000373
-0.000666
-0.000445
-0.000565
-0.000798
-0.000553
-0.000335
-0.000544
-0.000802
-0.000889
-0.000306
0.000103
-0.000156
0.000123
0.000779
0.000316
0.000127
0.000627
0.000724
0.000952
0.001304
0.000915
-0.000023
-0.000131
-0.000402
-0.000239
0.000224
0.000597
0.000011
-0.000114
0.000307
0.000529
-0.000108
0.000050
0.000812
0.000580
0.000221
0.000652
0.000634
0.000686
0.001131
0.000737
0.000091
0.000578
0.001002
0.000381
0.000111
0.000637
0.000531
0.000450
0.000421
0.000371
0.000289
0.000894
0.001033
0.000500
0.000154
-0.000407
-0.001151
-0.000711
-0.000809
-0.000857
-0.000637
-0.000704
-0.000132
0.000334
0.000573
0.000731
0.000632
0.000205
0.000354
0.000509
-0.000110
-0.000454
-0.001102
-0.001493
-0.001318
-0.001438
-0.001225
-0.000537
-0.000638
-0.001110
-0.000459
-0.000467
-0.000738
-0.000353
-0.000257
-0.000378
-0.000292
0.000240
0.000493
0.000511
0.000677
0.000214
0.000134
0.000653
0.000802
0.000878
0.001334
0.001478
0.001204
0.000932
0.000489
0.000115
-0.000373
-0.000352
0.000196
0.000617
0.000483
0.000502
0.000547
-0.000106
-0.000537
-0.000510
-0.000230
0.000031
0.000130
0.000419
0.000636
-0.000090
-0.000252
0.000113
0.000110
-0.000246
-0.000920
-0.000650
0.000179
0.000272
-0.000130
-0.000504
-0.000641
-0.001141
-0.000739
0.000165
-0.000228
0.000016
0.000945
0.000704
0.000157
-0.000295
-0.000630
-0.000423
-0.000680
-0.000907
-0.000888
-0.000508
-0.000398
-0.000181
0.000162
-0.000030
-0.000121
-0.000058
0.000033
-0.000019
0.000327
0.000471
-0.000019
-0.000498
-0.000366
0.000179
0.000012
-0.000557
-0.000044
0.000597
0.000148
-0.000435
-0.000557
-0.000264
0.000124
-0.000006
0.000222
0.000176
-0.000012
0.000284
0.000229
0.000172
-0.000316
-0.000210
0.000024
-0.000022
0.000506
0.000347
-0.000091
-0.000095
-0.000308
-0.000594
0.000256
0.000064
-0.000645
-0.000356
-0.000462
-0.000294
-0.000077
-0.000579
-0.000386
0.000649
0.000805
0.000489
0.000238
-0.000007
-0.000525
-0.000701
-0.000620
-0.000510
-0.000558
-0.000629
-0.000629
-0.000804
-0.000769
-0.001212
-0.001376
-0.001264
-0.000285
0.000443
0.000221
-0.000777
-0.001545
-0.000211
0.001602
0.002751
0.003196
0.002307
0.000465
-0.002282
-0.003207
-0.002448
-0.001323
0.000025
0.001082
0.002139
0.002622
0.002545
0.001918
0.001337
-0.000515
-0.002227
-0.001963
-0.001095
0.000201
0.001361
0.001806
0.001165
-0.000184
-0.001163
-0.001761
-0.000869
-0.000560
-0.000565
-0.000833
-0.001276
-0.001443
-0.000646
0.000670
0.000987
0.000934
0.001136
-0.000674
-0.002033
-0.000940
0.000994
0.002091
0.001676
0.000494
-0.000537
-0.000469
0.000189
0.000085
0.000072
0.000058
0.000197
-0.000556
-0.001568
-0.001245
0.000050
0.001009
0.000495
-0.001440
-0.002666
-0.002329
-0.001072
0.002173
0.005025
0.004892
0.002867
0.000213
-0.001453
-0.001358
-0.000212
0.000218
-0.000314
-0.001768
-0.002470
-0.001081
0.001801
0.003961
0.003127
0.001271
-0.000124
-0.001252
-0.000622
0.001776
0.002856
0.002328
0.001023
-0.000721
-0.001588
-0.001422
-0.000499
0.000449
-0.000184
-0.001726
-0.002979
-0.003097
-0.001261
0.001669
0.003208
0.002849
0.001147
-0.000472
-0.002222
-0.002102
-0.000071
0.000740
-0.000079
-0.001434
-0.002704
-0.002234
-0.000478
0.001725
0.003158
0.003848
0.001857
-0.001011
-0.002148
-0.002344
-0.000992
0.000749
0.001056
0.000955
0.000811
0.000200
0.000227
0.000710
-0.000619
-0.002908
-0.004551
-0.004752
-0.002455
0.001805
0.006276
0.007900
0.006153
0.002937
-0.000239
-0.000667
0.000057
0.000098
0.000371
-0.000387
-0.002728
-0.004463
-0.004799
-0.002934
0.000692
0.005016
0.007011
0.006428
0.004316
0.001227
-0.002674
-0.006291
-0.007718
-0.006826
-0.004165
-0.000562
0.003502
0.005597
0.004308
0.001350
-0.001725
-0.004584
-0.005566
-0.004510
-0.000924
0.002574
0.004983
0.006700
0.006603
0.005209
0.002439
-0.001634
-0.005511
-0.007810
-0.007959
-0.005648
-0.002251
0.000755
0.002741
0.003093
0.002651
0.002424
0.002557
0.003300
0.004418
0.004716
0.003842
0.002712
0.001609
0.000733
-0.000195
-0.002727
-0.006068
-0.007631
-0.006197
-0.002585
0.000758
0.003227
0.004334
0.003976
0.002391
0.000391
-0.001664
-0.003233
-0.002979
-0.001205
0.001475
0.005035
0.006675
0.005965
0.002516
-0.001895
-0.003118
-0.001435
0.001890
0.003991
0.003340
-0.000981
-0.008250
-0.013458
-0.013893
-0.010138
-0.002238
0.005166
0.009601
0.010645
0.008370
0.004003
-0.001756
-0.007934
-0.010463
-0.009801
-0.005086
0.002308
0.008762
0.013775
0.015259
0.012633
0.006761
-0.001259
-0.009054
-0.014467
-0.016844
-0.015956
-0.011861
-0.004964
0.002220
0.007084
0.008632
0.007172
0.004288
0.003293
0.004552
0.008544
0.012113
0.012716
0.009546
0.002342
-0.005631
-0.012532
-0.014719
-0.013557
-0.010175
-0.005173
-0.001361
0.000518
0.002448
0.004957
0.006980
0.007985
0.008200
0.007708
0.006023
0.002760
-0.001542
-0.006262
-0.010259
-0.011571
-0.009583
-0.005506
-0.001665
0.001361
0.003621
0.004025
0.002105
0.001082
0.002458
0.006662
0.013534
0.017800
0.016133
0.006072
-0.009852
-0.025979
-0.035414
-0.035905
-0.026557
-0.009342
0.009065
0.023496
0.029675
0.028908
0.022843
0.014524
0.005629
-0.003266
-0.011239
-0.014902
-0.014275
-0.009895
-0.004003
0.000213
0.001975
0.001295
-0.001181
-0.003505
-0.006020
-0.007365
-0.005613
-0.001148
0.005388
0.013875
0.020010
0.021268
0.016284
0.005845
-0.005069
-0.013169
-0.016262
-0.015570
-0.013956
-0.011864
-0.010142
-0.008136
-0.003726
0.002798
0.010524
0.017202
0.022537
0.024719
0.021589
0.014526
0.004437
-0.007408
-0.019235
-0.028757
-0.032555
-0.031422
-0.024547
-0.012423
0.001659
0.015284
0.025695
0.031303
0.031572
0.025296
0.013991
0.000726
-0.010877
-0.017586
-0.019689
-0.018628
-0.015113
-0.009656
-0.005149
-0.001895
0.001261
0.003645
0.007048
0.010645
0.014357
0.016482
0.016034
0.012829
0.006796
-0.000267
-0.006506
-0.010679
-0.013106
-0.016034
-0.018155
-0.018411
-0.016043
-0.008545
0.002409
0.012468
0.017424
0.018193
0.014952
0.010636
0.008216
0.007683
0.008388
0.008566
0.004276
-0.004579
-0.014848
-0.023624
-0.027065
-0.023797
-0.012112
0.003737
0.018696
0.027196
0.027086
0.020662
0.007848
-0.005148
-0.013886
-0.017981
-0.017515
-0.013320
-0.008723
-0.005704
-0.002155
0.002269
0.007953
0.013570
0.016500
0.015035
0.008914
-0.000424
-0.010961
-0.018286
-0.020840
-0.018629
-0.011597
-0.003133
0.004704
0.010897
0.014572
0.015204
0.013414
0.010162
0.006554
0.002509
-0.000731
-0.002795
-0.003711
-0.004847
-0.006675
-0.008005
-0.007761
-0.005117
-0.001203
0.002624
0.006265
0.008193
0.008400
0.007342
0.006018
0.005113
0.003917
0.001960
-0.000259
-0.002093
-0.005362
-0.008531
-0.009809
-0.010002
-0.009386
-0.007719
-0.006349
-0.003821
-0.000074
0.004045
0.009060
0.012869
0.014460
0.013639
0.010214
0.005670
0.000317
-0.003947
-0.006135
-0.008326
-0.010453
-0.012331
-0.013923
-0.013471
-0.010844
-0.006699
-0.000493
0.007642
0.015725
0.021507
0.022965
0.019323
0.011498
0.003086
-0.004206
-0.007770
-0.007984
-0.008044
-0.008753
-0.009587
-0.011059
-0.011861
-0.010396
-0.006025
-0.001463
0.002886
0.005953
0.007732
0.009718
0.011183
0.010947
0.009821
0.007075
0.001865
-0.004764
-0.010811
-0.014408
-0.014942
-0.011256
-0.004195
0.002172
0.007112
0.010363
0.010482
0.007985
0.005111
0.003291
0.002349
0.002358
0.001789
0.000784
0.000036
-0.001205
-0.000746
-0.000495
-0.002095
-0.004959
-0.009540
-0.012148
-0.011828
-0.008332
-0.000872
0.007964
0.014839
0.017429
0.017077
0.013336
0.006115
-0.001351
-0.007429
-0.012172
-0.014609
-0.014645
-0.013561
-0.010042
-0.004289
0.001770
0.007617
0.011020
0.011732
0.010008
0.007040
0.003989
0.001374
-0.001581
-0.005304
-0.008422
-0.010201
-0.009671
-0.006393
-0.001109
0.004881
0.010140
0.012082
0.010569
0.007141
0.002477
-0.002922
-0.005746
-0.006549
-0.006480
-0.004966
-0.002522
0.000163
0.003016
0.004739
0.005167
0.004630
0.001992
-0.001086
-0.003466
-0.004368
-0.004577
-0.003931
-0.002388
-0.001650
-0.001297
-0.002491
-0.003531
-0.003325
-0.001988
0.000851
0.004501
0.007456
0.008376
0.007682
0.005760
0.003185
-0.000292
-0.004159
-0.006957
-0.007564
-0.005498
-0.001577
0.001443
0.002067
-0.000122
-0.003399
-0.005041
-0.005214
-0.004091
-0.000904
0.003429
0.007056
0.008049
0.006713
0.003857
0.000596
-0.002406
-0.003102
-0.002552
-0.001858
-0.001386
-0.001554
-0.001310
-0.000478
0.001703
0.004372
0.007487
0.009099
0.007480
0.004614
-0.000299
-0.005818
-0.010022
-0.011146
-0.009321
-0.006077
-0.001786
0.001384
0.002916
0.003129
0.002624
0.002180
0.003877
0.005459
0.005588
0.005977
0.005341
0.003130
-0.000034
-0.003185
-0.005730
-0.006363
-0.004434
-0.001685
-0.000275
0.000859
0.001161
0.000438
-0.001872
-0.004790
-0.005986
-0.005848
-0.004350
-0.001144
0.003297
0.006383
0.006834
0.005488
0.002258
-0.000520
-0.002543
-0.003804
-0.003382
-0.002289
-0.000963
0.000659
0.002996
0.004901
0.005787
0.005967
0.004396
0.001148
-0.001780
-0.003955
-0.005430
-0.004666
-0.003194
-0.002906
-0.003401
-0.005419
-0.007567
-0.007465
-0.006283
-0.003302
0.002307
0.007745
0.012589
0.015509
0.015524
0.012882
0.008134
0.001668
-0.005365
-0.010558
-0.013353
-0.013457
-0.011001
-0.007357
-0.005026
-0.002561
0.000447
0.003358
0.005670
0.008477
0.011041
0.012278
0.012536
0.010200
0.005449
-0.000749
-0.007688
-0.012514
-0.014320
-0.013756
-0.010420
-0.005852
-0.000977
0.003203
0.004077
0.003733
0.003102
0.003188
0.004003
0.004963
0.005524
0.004661
0.002156
0.000199
-0.002250
-0.004211
-0.004682
-0.003443
-0.000803
0.000927
0.001142
0.001202
0.001180
0.000390
0.000177
0.000428
0.000359
0.000256
0.000185
-0.001007
-0.002757
-0.004245
-0.004954
-0.004011
-0.001742
0.000563
0.003655
0.006295
0.007130
0.006100
0.002598
-0.000770
-0.003301
-0.004283
-0.003952
-0.002884
-0.001004
-0.000366
-0.000630
-0.000942
-0.001403
-0.000917
0.001170
0.003999
0.006926
0.008378
0.008280
0.005944
0.001799
-0.001719
-0.004457
-0.006290
-0.006711
-0.005469
-0.004209
-0.004056
-0.003565
-0.003890
-0.003972
-0.003156
-0.001524
0.001684
0.005206
0.008154
0.009227
0.009248
0.007536
0.004449
0.001572
-0.000852
-0.002551
-0.003254
-0.003867
-0.005405
-0.007252
-0.007767
-0.007673
-0.007281
-0.004379
0.000110
0.004208
0.006847
0.008492
0.008714
0.007096
0.004922
0.002389
0.000261
-0.001369
-0.003104
-0.004456
-0.005570
-0.006975
-0.007226
-0.005789
-0.004076
-0.001262
0.001242
0.002540
0.003593
0.004008
0.005021
0.005928
0.005668
0.003790
0.001463
-0.001093
-0.004284
-0.006928
-0.007561
-0.007323
-0.006874
-0.004960
-0.002637
-0.000343
0.002798
0.004565
0.005376
0.005815
0.005027
0.003203
0.001069
-0.000388
-0.001979
-0.002617
-0.002676
-0.003311
-0.003421
-0.003076
-0.002528
-0.001801
-0.000169
0.002944
0.006024
0.007402
0.007478
0.006073
0.004161
0.001321
-0.001427
-0.003210
-0.005718
-0.007516
-0.008558
-0.009193
-0.008711
-0.007059
-0.004291
-0.000411
0.003082
0.006835
0.009244
0.009882
0.009974
0.009015
0.006492
0.003819
0.001139
-0.002169
-0.005808
-0.008005
-0.009238
-0.009831
-0.008444
-0.005283
-0.001524
0.001703
0.003719
0.004729
0.004722
0.004861
0.004336
0.003809
0.002328
0.000536
-0.000668
-0.002431
-0.004806
-0.006586
-0.006656
-0.005183
-0.003285
-0.000585
0.003146
0.005359
0.005835
0.005105
0.003716
0.002401
0.001388
-0.000201
-0.001489
-0.002202
-0.003271
-0.003967
-0.003448
-0.002770
-0.001738
-0.000619
0.000355
0.000900
0.001291
0.001133
0.000693
0.000589
0.000395
0.000484
-0.000052
-0.000640
-0.000719
-0.000559
-0.000257
-0.000403
-0.000352
-0.000429
-0.000525
-0.000156
0.000147
-0.000735
-0.001023
-0.001064
-0.001637
-0.001497
-0.000446
-0.000441
-0.000062
0.000726
0.000764
0.000176
-0.001031
-0.002251
-0.002771
-0.002296
-0.000863
0.000456
0.001673
0.001714
0.000695
0.000165
-0.000591
-0.001697
-0.002472
-0.002637
-0.002038
-0.000873
0.000564
0.001811
0.002714
0.003289
0.003191
0.002294
0.001132
0.000195
-0.000817
-0.001583
-0.001529
-0.000811
0.000165
0.000014
-0.000826
-0.001052
-0.001337
-0.002113
-0.002764
-0.002456
-0.001460
-0.000153
0.001024
0.002685
0.004341
0.004990
0.005701
0.005333
0.003793
0.001945
-0.000412
-0.002297
-0.003595
-0.005008
-0.005606
-0.005401
-0.004478
-0.002769
-0.001316
0.000074
0.001163
0.002411
0.003469
0.003221
0.002099
0.001743
0.001474
0.001223
0.000635
0.000469
0.000656
0.000450
0.000300
-0.000818
-0.001751
-0.002612
-0.003151
-0.003185
-0.002905
-0.001795
-0.000795
0.000718
0.002422
0.003182
0.003380
0.003270
0.002159
0.000580
-0.000617
-0.001892
-0.003392
-0.004513
-0.005243
-0.004843
-0.003850
-0.002374
-0.000176
0.001749
0.003672
0.004717
0.005423
0.005509
0.004042
0.002041
0.000627
-0.000844
-0.002155
-0.002601
-0.003292
-0.003682
-0.003210
-0.002191
-0.001458
-0.000748
-0.000086
-0.000023
-0.000243
-0.000414
-0.000050
-0.000479
-0.000905
-0.000035
0.000849
0.001774
0.003276
0.003827
0.003462
0.003020
0.002321
0.001457
0.000363
-0.001181
-0.001946
-0.002211
-0.002614
-0.002507
-0.002551
-0.002676
-0.002340
-0.002682
-0.002158
-0.000003
0.000941
0.001170
0.001536
0.002179
0.002303
0.001821
0.001328
0.000869
0.000490
-0.000187
-0.001060
-0.000970
-0.000470
-0.000199
0.000161
-0.000072
-0.000608
-0.000952
-0.000742
-0.000478
-0.000478
-0.000962
-0.001183
-0.000992
-0.001205
-0.001120
-0.001526
-0.001281
-0.000428
0.000053
0.001123
0.001805
0.001767
0.001137
0.000583
0.000100
-0.000437
-0.000710
-0.001293
-0.001501
-0.001740
-0.002065
-0.002123
-0.001896
-0.000797
-0.000379
-0.000639
-0.000336
0.000411
0.000891
0.001121
0.001115
0.000884
0.001152
0.001423
0.001605
0.001910
0.002014
0.001254
0.000288
-0.000169
-0.000265
-0.000057
0.000181
-0.000407
-0.001030
-0.000848
-0.000766
-0.000515
-0.000543
-0.001117
-0.001133
-0.000183
0.000656
0.000738
0.000649
0.001001
0.001407
0.001491
0.002093
0.002558
0.002350
0.002214
0.001446
0.000274
-0.001224
-0.002785
-0.003453
-0.003689
-0.004032
-0.003924
-0.003700
-0.002656
-0.001469
-0.000163
0.001713
0.002443
0.002324
0.002289
0.002212
0.001846
0.001841
0.001551
-0.000041
-0.001246
-0.002008
-0.002979
-0.003034
-0.002587
-0.002421
-0.001811
-0.000573
0.000163
0.000703
0.001102
0.001249
0.000688
0.000263
-0.000079
-0.000973
-0.001858
-0.002489
-0.001580
-0.000881
-0.000447
-0.000020
0.000711
0.002176
0.002781
0.002635
0.001997
0.001169
0.000526
-0.000153
-0.001035
-0.001464
-0.002329
-0.002320
-0.001464
-0.000980
-0.000619
0.000088
0.000478
0.000825
0.001969
0.002505
0.001992
0.001660
0.000475
-0.001426
-0.001979
-0.002469
-0.002918
-0.002994
-0.002390
-0.001365
-0.000565
0.000580
0.001147
0.001078
0.001015
0.000010
-0.000999
-0.002277
-0.002361
-0.002294
-0.002744
-0.001671
-0.000113
0.000595
0.001066
0.001320
0.001627
0.001312
0.000340
0.000065
-0.000550
-0.000693
-0.000599
-0.000538
-0.000826
-0.000898
-0.000328
0.000486
0.001118
0.001356
0.001813
0.001630
0.001635
0.001186
0.000402
0.000079
-0.000556
-0.001134
-0.001363
-0.001691
-0.001983
-0.001744
-0.001646
-0.001456
-0.000649
0.000434
0.001978
0.002860
0.003130
0.002801
0.001548
0.000644
-0.000263
-0.000974
-0.001264
-0.001848
-0.002419
-0.002120
-0.001309
-0.000951
-0.000230
0.000031
0.000218
0.000766
0.001033
0.001046
-0.000022
-0.000422
-0.000561
-0.001033
-0.002208
-0.002578
-0.001988
-0.001288
-0.001643
-0.002301
-0.001995
-0.001490
-0.001198
-0.000679
0.000166
0.000655
0.001176
0.001991
0.002062
0.001346
0.000581
-0.000227
-0.000677
-0.001244
-0.001922
-0.001595
-0.000869
-0.000460
-0.000249
-0.000102
0.000265
0.000109
-0.000282
-0.000126
0.000303
-0.000207
-0.000719
-0.000940
-0.001079
-0.000496
-0.000812
-0.000893
0.000004
0.000570
0.000977
0.000828
0.000045
0.000270
0.000577
0.000017
0.000038
-0.000386
-0.001338
-0.001644
-0.002420
-0.002714
-0.002314
-0.002482
-0.002294
-0.000769
0.000501
0.001410
0.002448
0.002813
0.002514
0.001859
0.001227
0.000438
0.000024
-0.001179
-0.002014
-0.002054
-0.002270
-0.002042
-0.002258
-0.001609
-0.000507
-0.000243
0.000285
0.001028
0.001097
0.001061
0.001259
0.001332
0.001137
0.000646
0.000260
-0.000263
-0.001169
-0.001209
-0.001219
-0.001315
-0.000690
-0.000410
-0.000620
-0.000986
-0.000258
0.000316
0.000042
-0.000134
-0.000300
-0.000134
0.000259
-0.000378
-0.000777
-0.000346
-0.000185
-0.000480
-0.000137
0.000383
0.000085
0.000345
0.000312
0.000069
-0.000576
-0.000633
-0.000636
-0.001442
-0.001849
-0.002037
-0.001693
-0.001434
-0.001394
-0.001545
-0.001445
-0.000363
-0.000165
-0.000228
0.000538
0.001189
0.000875
0.000002
-0.000267
-0.000590
-0.000549
-0.000285
-0.000277
-0.000320
-0.000121
0.000453
0.000960
0.001024
0.001054
0.000723
0.000111
-0.000536
-0.001559
-0.002577
-0.002970
-0.002556
-0.001902
-0.001563
-0.001260
-0.000134
-0.000110
0.000346
0.001206
0.001037
0.000969
0.001097
0.000895
0.000212
-0.000568
-0.000442
-0.000372
0.000052
-0.000375
-0.001008
-0.000381
0.000002
0.000055
0.001042
0.001635
0.001831
0.001583
0.001385
0.000844
0.000204
-0.000465
-0.001366
-0.002215
-0.002458
-0.001391
-0.000929
-0.001329
-0.000939
0.000172
0.000789
0.001396
0.002121
0.002453
0.001554
0.000810
0.001131
0.000294
-0.001130
-0.001551
-0.002153
-0.002373
-0.001857
-0.001852
-0.001453
-0.000395
0.000594
0.000557
0.000613
0.000890
0.000736
0.000174
-0.000428
-0.000784
-0.001481
-0.001679
-0.001766
-0.001771
-0.001612
-0.001558
-0.001049
-0.000487
-0.000403
0.000009
0.000660
0.001285
0.001803
0.002145
0.002317
0.001744
0.001382
0.001048
0.000168
0.000090
-0.000079
-0.000744
-0.000877
-0.000901
-0.000872
-0.000611
0.000116
0.000647
0.000312
0.000143
0.000162
0.000114
0.000341
0.000868
0.000176
0.000105
0.000463
0.000408
0.000457
0.000418
-0.000248
-0.000276
-0.000056
-0.000582
-0.000934
-0.000970
-0.000795
-0.000518
-0.000396
0.000001
-0.000025
-0.000070
0.000216
0.000083
-0.000178
-0.000431
-0.000024
0.000141
-0.000213
0.000227
0.000361
-0.000204
-0.000310
0.000623
0.000686
0.000551
0.000803
0.000662
0.000421
-0.000495
-0.000426
-0.000587
-0.001679
-0.002102
-0.001810
-0.001525
-0.001437
-0.001544
-0.000654
0.000619
0.000952
0.001293
0.001282
0.001350
0.001533
0.001224
0.000417
0.000101
0.000211
0.000106
-0.000777
-0.001185
-0.001314
-0.001715
-0.001849
-0.001413
-0.000586
-0.000264
-0.000132
0.000218
0.000410
0.000772
0.001090
0.000300
-0.000243
0.000022
0.000078
0.000579
0.000682
-0.000042
0.000092
-0.000052
-0.000433
-0.000455
-0.000058
0.000254
0.000471
0.000639
0.000120
-0.000280
-0.001341
-0.001371
-0.001167
-0.001848
-0.001866
-0.001391
-0.000685
-0.000944
-0.001074
-0.000592
-0.000548
-0.000411
0.000046
0.000222
-0.000189
-0.000417
-0.000458
-0.000115
0.000383
0.000199
0.000688
0.001228
0.000811
0.000215
0.000139
0.000111
-0.000260
-0.000877
-0.001499
-0.001500
-0.001398
-0.001060
-0.000334
-0.000219
-0.000009
0.000418
0.000943
0.001276
0.000823
0.000455
0.001011
0.000972
0.000202
-0.000251
-0.000680
-0.001420
-0.001919
-0.002171
-0.002387
-0.001918
-0.001699
-0.001526
-0.000643
-0.000357
0.000210
0.001409
0.001427
0.001371
0.001828
0.001647
0.001230
0.001093
0.000467
-0.000239
-0.000281
-0.000374
-0.000195
-0.000681
-0.000722
0.000145
0.000033
0.000451
0.000586
0.000441
0.000418
-0.000199
-0.000291
-0.000010
-0.000750
-0.001511
-0.001161
-0.000937
-0.000495
0.000237
0.000114
0.000161
0.000744
0.000937
0.000692
0.000481
0.000510
-0.000043
-0.000465
-0.000448
-0.000578
-0.001018
-0.001351
-0.001978
-0.002465
-0.002523
-0.002004
-0.001113
-0.000260
0.000037
0.000934
0.001704
0.001452
0.001298
0.001315
0.001183
-0.000378
-0.000991
-0.000960
-0.000796
-0.000700
-0.001013
-0.000739
0.000062
0.000661
0.000348
-0.000234
0.000065
0.000433
-0.000048
0.000004
-0.000289
-0.000741
-0.000549
-0.000318
-0.000245
-0.000645
-0.000145
0.000684
0.000623
0.001198
0.001668
0.001765
0.001592
0.001053
0.000315
-0.000486
-0.000848
-0.001641
-0.001956
-0.000786
-0.000828
-0.001309
-0.001136
-0.001240
-0.000698
-0.000311
-0.000374
0.000006
0.000723
0.001271
0.001594
0.001338
0.001302
0.001268
0.000968
0.000678
0.000813
0.000298
-0.000864
-0.001331
-0.001525
-0.001927
-0.001136
-0.000559
-0.000762
-0.001116
-0.000204
0.000784
0.000744
0.001212
0.000970
0.000384
0.000585
0.000167
-0.000843
-0.001160
-0.000805
-0.000482
-0.000585
-0.000569
-0.000744
-0.001132
-0.000830
-0.000163
-0.000083
-0.000445
-0.000085
0.000653
0.001121
0.001297
0.001359
0.000853
0.000640
0.000226
-0.000526
-0.000742
-0.000820
-0.001265
-0.001351
-0.001129
-0.001245
-0.001102
-0.000386
-0.000052
-0.000478
0.000015
0.000378
0.000296
0.000899
0.001036
0.000282
0.000155
0.000690
0.000774
0.000262
-0.000405
-0.000919
-0.000730
-0.000568
-0.000889
-0.001510
-0.001534
-0.001105
-0.000508
-0.000631
-0.000665
0.000175
0.000493
0.000582
0.000359
-0.000014
-0.000274
-0.000701
-0.000948
-0.001126
-0.001235
-0.001318
-0.000850
0.000014
0.000545
0.000782
0.000978
0.001029
0.001185
0.001550
0.001240
0.000174
0.000071
-0.000073
-0.000769
-0.000682
-0.000536
-0.000129
0.000052
-0.000684
-0.000618
-0.000069
-0.000281
-0.000014
-0.000176
-0.000452
-0.000440
-0.000819
-0.001107
-0.001723
-0.001378
-0.000759
-0.000547
0.000236
0.000505
-0.000013
0.000101
0.000851
0.000234
-0.000291
0.000131
-0.000264
-0.001063
-0.001150
-0.000759
-0.000341
0.000123
0.000067
-0.000043
0.000101
-0.001062
-0.001396
-0.000923
-0.001423
-0.001233
-0.000402
-0.000105
-0.000029
0.000072
0.000251
0.000045
-0.000114
0.000418
0.000721
0.000377
-0.000091
0.000508
0.000910
0.000254
-0.000036
-0.000336
-0.000363
-0.000292
-0.000805
-0.000517
-0.000316
-0.000437
0.000283
-0.000053
-0.000221
0.000149
-0.000099
-0.000123
-0.000456
-0.001019
-0.001217
-0.001119
-0.001052
-0.000985
-0.000802
-0.000228
0.000572
0.000615
0.000583
0.000736
0.000722
0.000366
0.000738
0.000837
0.000182
-0.000231
-0.000194
-0.000114
-0.000344
-0.000313
-0.000776
-0.001062
-0.000750
-0.000651
-0.000229
-0.000055
0.000228
0.000742
0.001231
0.001670
0.001370
0.000895
0.001036
0.000645
0.000448
-0.000040
-0.000537
-0.000249
-0.000354
-0.000719
-0.000449
0.000115
0.000195
0.000045
-0.000191
-0.000522
0.000027
-0.000132
-0.000821
-0.000969
-0.000885
-0.001161
-0.001291
-0.000986
-0.000164
0.000386
0.000262
-0.000206
-0.000554
-0.000417
-0.000446
-0.000057
0.000496
0.001000
0.000880
0.000927
0.001454
0.001102
0.000715
0.000790
0.000075
-0.000256
0.000031
0.000268
-0.000332
-0.000324
-0.000522
-0.000800
-0.000071
-0.000242
-0.000493
-0.000030
0.000106
0.000078
-0.000159
-0.000298
0.000197
0.000191
-0.000069
0.000099
0.000344
0.000083
-0.000422
-0.000688
-0.000524
-0.000250
0.000240
-0.000024
0.000403
0.001148
0.001073
0.001578
0.001581
0.000762
0.000582
0.000124
-0.000180
-0.000223
0.000207
0.000050
-0.000037
-0.000041
-0.000080
0.000047
0.000085
0.000245
-0.000111
-0.000256
-0.000048
-0.000240
-0.000014
-0.000777
-0.001278
-0.000746
-0.000303
0.000292
0.000139
-0.000299
-0.000168
-0.000422
-0.001174
-0.001520
-0.001303
-0.001572
-0.000996
-0.000390
-0.000101
0.000555
0.000730
0.000715
0.000392
0.000345
0.000366
0.000200
-0.000078
-0.000474
0.000091
0.000233
0.000226
-0.000202
-0.001158
-0.001011
-0.000905
-0.001347
-0.001847
-0.001273
-0.000213
-0.000059
0.000378
0.000666
0.000573
0.000629
0.001034
0.000865
0.000418
0.000198
-0.000294
0.000176
0.000994
0.000792
0.000576
0.000397
0.000485
0.000250
0.000013
-0.000254
-0.000506
0.000042
-0.000202
-0.000216
0.000223
-0.000108
-0.000131
-0.000134
-0.000184
-0.000201
-0.000501
-0.000013
0.000066
-0.000192
0.000085
-0.000285
-0.001263
-0.001172
-0.000855
-0.000907
-0.001009
-0.000765
-0.000397
0.000033
0.000689
0.000598
-0.000050
-0.000243
-0.000258
-0.001064
-0.001278
-0.000469
-0.000373
-0.000077
0.000004
0.000101
0.000450
0.000140
-0.000010
0.000303
0.000171
0.000007
0.000305
-0.000122
-0.000630
-0.000665
-0.000808
-0.000982
-0.000820
-0.000686
-0.000414
-0.000162
0.000574
0.001036
0.000137
-0.000326
-0.000061
-0.000072
-0.000232
-0.000533
-0.000662
-0.000581
-0.000796
-0.000704
-0.000352
0.000174
0.000458
0.000544
0.000322
0.000240
0.000150
-0.000001
0.000104
0.000056
-0.000002
-0.000021
0.000313
0.000497
0.000622
0.000763
0.000632
-0.000103
-0.001158
-0.000941
-0.000955
-0.001525
-0.001150
-0.000938
-0.001281
-0.001106
-0.000247
-0.000021
-0.000299
0.000129
0.000712
0.000428
-0.000364
-0.000150
0.000256
-0.000515
-0.000339
0.000135
-0.000144
-0.000785
-0.000648
-0.000294
-0.000859
-0.000845
-0.000333
-0.000089
-0.000514
-0.001091
-0.001321
-0.001321
-0.000666
-0.000732
-0.001115
-0.000807
-0.000090
0.000692
0.001297
0.001527
0.001332
0.001072
0.000959
0.000586
0.000075
-0.000029
-0.000339
-0.000597
-0.001269
-0.001510
-0.000616
0.000002
0.000226
0.000049
-0.000261
-0.000181
-0.000339
-0.000331
-0.000141
0.000409
0.000515
0.000325
0.000701
0.000920
0.000165
-0.000216
-0.000157
-0.000206
-0.000076
-0.000094
-0.000055
0.000271
0.000460
0.000160
0.000525
0.000586
0.000061
-0.000643
-0.001058
-0.000931
-0.000394
-0.000552
-0.000586
-0.000320
-0.000695
-0.000930
-0.000827
-0.000784
-0.000257
0.000150
-0.000410
-0.000955
-0.000871
-0.001168
-0.001191
-0.000276
0.000254
0.000419
0.000826
0.000486
0.000114
-0.000052
-0.000260
-0.000710
-0.001016
-0.000436
-0.000261
-0.000068
-0.000173
-0.000298
-0.000338
-0.000522
-0.001201
-0.000884
-0.000590
-0.000438
0.000223
-0.000243
-0.000748
-0.000615
-0.000281
-0.000004
-0.000105
0.000243
0.000513
0.000461
0.000207
0.000251
-0.000378
-0.000648
0.000024
0.000393
0.000564
0.000165
-0.000011
0.000051
0.000283
0.000503
0.000200
-0.000242
0.000285
0.000936
0.000090
-0.000001
-0.000282
-0.001036
-0.000941
-0.001093
-0.001484
-0.001429
-0.001408
-0.001054
-0.000497
-0.000517
-0.000253
0.000250
0.000275
0.000241
-0.000080
0.000161
0.000682
0.000700
0.001057
0.000625
0.000012
-0.000194
-0.000887
-0.000590
-0.000172
-0.000580
-0.000835
-0.000782
-0.000350
0.000045
0.000190
0.000116
0.000243
0.000272
0.000893
0.001123
0.000640
0.000912
0.000834
-0.000024
-0.000478
-0.000877
-0.001069
-0.000934
-0.000955
-0.001274
-0.001283
-0.000489
-0.000093
0.000112
0.000515
0.000884
0.001248
0.001226
0.001242
0.001319
0.000963
0.000224
-0.000127
-0.000437
-0.001119
-0.000920
-0.000802
-0.001465
-0.001540
-0.000797
-0.000293
0.000094
0.000630
0.000478
0.000266
0.000858
0.001747
0.000950
0.000141
0.000039
-0.000142
-0.000631
-0.001055
-0.000599
-0.000347
-0.000636
-0.000221
0.000321
0.000092
-0.000212
-0.000333
-0.000589
0.000052
0.000480
0.000427
0.000694
0.000398
0.000189
0.000275
-0.000148
0.000169
-0.000039
-0.000347
0.000391
0.000509
0.000174
-0.000421
-0.000356
-0.000171
-0.000420
-0.000595
-0.000280
0.000061
-0.000455
-0.000607
0.000119
0.000274
0.000178
0.000387
0.000741
0.000619
0.000720
0.000231
-0.000302
-0.000205
-0.000303
-0.000349
-0.000626
-0.000137
-0.000187
-0.000613
-0.000363
-0.000671
-0.000354
0.000038
-0.000195
-0.000047
0.000122
-0.000035
-0.000305
-0.000122
-0.000128
-0.001009
-0.001115
-0.001112
-0.001021
-0.000363
-0.000285
-0.000454
-0.000117
-0.000217
-0.000349
0.000233
0.000229
0.000040
-0.000271
0.000504
0.000813
0.000076
0.000134
0.000378
-0.000258
-0.000318
-0.000631
-0.001319
-0.000748
-0.000578
-0.000999
-0.000981
-0.000607
-0.000908
-0.000905
-0.000019
0.000213
0.000408
0.000798
0.001260
0.001544
0.001143
0.000635
-0.000048
-0.000080
-0.000057
-0.000078
0.000489
0.000540
0.000057
-0.000053
0.000259
0.000345
0.000236
0.000251
0.000333
0.000071
0.000343
0.000009
-0.000621
-0.000541
-0.000243
-0.000422
-0.000661
-0.000518
-0.000454
-0.000115
-0.000246
-0.000699
-0.000224
0.000543
0.000777
0.000957
0.001486
0.000985
0.000501
0.000979
0.000622
-0.000351
0.000112
0.000309
-0.000338
-0.000490
-0.000506
-0.000475
-0.000329
-0.000436
-0.000742
-0.000622
-0.000979
-0.000694
-0.000354
-0.000812
-0.000499
0.000474
0.001210
0.000915
0.000587
0.000659
0.000765
0.000965
0.000245
-0.000313
-0.000309
0.000126
0.000160
0.000174
-0.000112
-0.000726
-0.000697
-0.000513
-0.000192
-0.000196
-0.000514
-0.000050
0.000085
0.000078
0.000135
0.000049
-0.000311
0.000139
0.000533
0.000084
-0.000139
0.000093
-0.000329
-0.000930
-0.000840
-0.000463
-0.000073
-0.000380
-0.000311
0.000664
0.000354
0.000041
0.000003
-0.000480
0.000085
0.000255
0.000080
0.000727
0.000960
0.000606
0.000062
-0.000458
-0.001223
-0.001563
-0.001089
-0.001002
-0.001503
-0.001627
-0.001419
-0.000839
-0.000475
-0.000365
0.000336
0.000790
0.000963
0.001432
0.001601
0.001296
0.001082
0.000133
0.000315
0.000656
0.000225
-0.000160
-0.000569
-0.000845
-0.000585
0.000130
0.000109
-0.000614
-0.000232
-0.000189
0.000374
0.001225
0.001611
0.001939
0.001121
0.000455
0.000569
0.000828
0.000100
-0.000011
0.000425
-0.000048
-0.000007
0.000235
-0.000444
-0.000699
-0.000370
-0.000337
-0.000220
0.000223
-0.000077
-0.000061
0.000198
0.000148
0.000031
-0.000237
-0.000497
-0.000510
-0.000681
-0.000805
-0.000617
-0.000392
-0.000124
0.000330
0.000208
-0.000273
-0.000422
-0.000073
0.000082
-0.000208
-0.000380
-0.000301
-0.000237
-0.000406
-0.001010
-0.000955
-0.000748
-0.000467
-0.000454
-0.000138
-0.000703
-0.001458
-0.000940
-0.000692
-0.000471
-0.000030
0.000180
0.000597
0.001321
0.001728
0.001456
0.000997
0.000693
0.000065
-0.000051
-0.000207
-0.000214
-0.000084
-0.000225
-0.000538
-0.000389
-0.000035
-0.000060
-0.000391
0.000031
0.000521
0.000609
0.000947
0.000500
0.000368
0.000360
-0.000289
0.000152
0.000584
0.000223
0.000331
0.001392
0.001435
0.000475
0.000349
0.000130
0.000038
0.000211
0.000054
-0.000320
-0.000426
-0.000442
-0.000425
-0.000365
-0.000646
-0.000751
-0.000934
-0.000953
-0.000793
-0.000523
-0.000535
-0.000887
-0.000880
-0.001144
-0.000668
-0.000652
-0.001016
-0.000284
0.000264
0.000196
0.000020
0.000537
0.000439
-0.000031
0.000037
0.000442
0.001211
0.000950
0.000397
0.000457
0.000323
-0.000073
-0.000239
-0.000551
-0.000914
-0.000380
-0.000021
0.000134
0.000664
0.000930
0.000837
0.001229
0.001773
0.001535
0.001057
0.001111
0.000904
0.000391
-0.000048
-0.000664
-0.000966
-0.000881
-0.000791
-0.001034
-0.001245
-0.001105
-0.000748
-0.000823
-0.000870
-0.000806
-0.000487
0.000464
0.001173
0.001143
0.001028
0.001709
0.001355
-0.000422
-0.000954
-0.000137
-0.000160
-0.001239
-0.001854
-0.001541
-0.001448
-0.001760
-0.001753
-0.001327
-0.001009
-0.000472
0.000298
0.000028
-0.000121
-0.000022
-0.000080
0.000450
0.001045
0.000631
-0.000019
-0.000058
-0.000239
-0.000088
-0.000289
-0.000373
0.000574
0.001037
0.000416
0.000466
0.000688
0.000455
0.000877
0.000450
0.000234
0.000740
0.001172
0.001304
0.001131
0.001357
0.000693
-0.000208
0.000079
-0.000206
-0.000445
-0.000029
-0.000312
-0.000266
0.000107
-0.000154
-0.000070
0.000388
0.000408
0.000875
0.001268
0.001690
0.001846
0.001381
0.001248
0.000711
-0.000002
0.000062
0.000238
-0.000230
-0.000729
-0.000633
-0.000943
-0.001398
-0.001428
-0.001242
-0.000713
-0.000221
-0.000267
-0.000314
-0.000411
-0.000320
0.000225
0.000421
0.000565
0.000598
0.000791
0.000841
0.000664
0.000836
0.000692
0.000464
0.000129
-0.000287
-0.000347
0.000232
0.000674
0.000211
0.000248
0.000195
0.000173
0.000650
0.000163
-0.000131
0.000269
0.000319
-0.000100
0.000013
-0.000137
-0.000419
-0.000043
-0.000248
0.000188
0.000847
0.000582
0.000233
0.000254
0.000719
0.000739
0.000657
0.000773
0.000254
0.000359
0.000741
0.000465
0.000506
0.000151
-0.000322
-0.000377
-0.000111
0.000572
0.000816
0.000022
0.000105
0.000378
0.000412
0.000509
0.000193
0.000583
0.001067
0.001310
0.000596
0.000538
0.001194
0.001102
0.000176
-0.000670
-0.000641
-0.000067
-0.000006
-0.000011
-0.000261
-0.000599
-0.000185
0.000307
0.000511
0.000116
0.000183
0.000619
0.000608
0.000349
0.000698
0.001067
0.001054
0.000790
0.000275
0.000115
-0.000155
-0.000914
-0.001245
-0.000528
-0.000150
-0.000446
0.000024
0.000598
0.000211
0.000095
0.000167
0.000101
0.000589
0.000788
0.000236
-0.000149
-0.000384
-0.000228
-0.000373
-0.000585
-0.000179
0.000070
-0.000303
-0.000048
0.000222
0.000043
-0.000474
-0.000246
0.000254
0.000388
0.000754
0.000724
0.000820
0.000895
0.000586
-0.000464
-0.001132
-0.001151
-0.001016
-0.000849
-0.001040
-0.001080
-0.000608
-0.000138
0.000323
0.000928
0.001154
0.001238
0.001558
0.001651
0.000909
0.000656
0.000629
0.000619
0.000307
-0.000161
-0.000843
-0.001025
-0.000562
-0.001031
-0.001031
-0.000620
-0.000218
0.000184
-0.000143
-0.000323
0.000127
0.000064
0.000220
0.000407
0.000336
0.000471
0.000594
0.000921
0.000630
-0.000080
0.000034
-0.000058
-0.000309
0.000007
-0.000274
-0.000636
-0.000083
0.000094
0.000119
0.000040
0.000109
0.000397
0.000461
0.000360
0.000181
0.000470
0.000181
-0.000294
-0.000526
0.000146
0.000746
0.000667
0.001164
0.000861
0.000155
0.000298
-0.000045
-0.000406
-0.000197
-0.000227
-0.000652
-0.000230
0.000005
-0.000122
-0.000016
0.000457
0.000865
0.000872
0.000849
0.000525
0.000254
-0.000039
0.000092
0.000213
-0.000155
-0.000308
-0.000298
-0.000240
0.000063
0.000017
-0.000392
-0.000386
-0.000819
-0.000861
-0.000981
-0.001135
-0.000230
-0.000034
-0.000161
-0.000022
-0.000335
-0.000186
0.000404
0.000355
0.000594
0.000741
0.000566
0.000478
0.000175
0.000093
0.000231
-0.000029
-0.000491
-0.000459
-0.000125
-0.000596
-0.000870
-0.000967
-0.000779
-0.000547
-0.000610
-0.000584
-0.000535
-0.000285
0.000043
0.000290
0.000218
-0.000361
0.000242
-0.000010
-0.000670
-0.000339
-0.000013
0.000062
-0.000097
-0.000069
-0.000023
0.000234
0.000395
-0.000036
-0.000383
-0.000135
0.000758
0.000486
0.000389
0.001056
0.000905
0.000598
0.000818
0.000615
0.000308
0.000732
0.000991
0.000618
0.000284
0.000370
0.000023
-0.000632
-0.000398
-0.000387
-0.000192
0.000355
0.000485
0.000790
0.000511
0.000402
0.000492
0.000526
0.001013
0.000576
0.000005
0.000166
0.000501
0.000359
0.000177
0.000091
0.000291
0.000771
0.000432
0.000070
0.000180
-0.000758
-0.001430
-0.001051
-0.001184
-0.001611
-0.001178
-0.000649
-0.000879
-0.001017
-0.000516
-0.000691
-0.001182
-0.000257
0.000198
-0.000613
-0.001333
-0.001042
-0.000464
0.000008
-0.000333
-0.000520
-0.000294
0.000047
0.000662
0.000451
0.000693
0.000305
-0.000107
0.000502
0.000019
-0.000346
-0.000108
0.000212
0.000051
-0.000444
-0.001098
-0.000927
-0.000603
-0.000433
0.000271
0.000226
0.000475
0.000980
0.000890
0.001477
0.001650
0.000665
0.000669
0.000756
0.000322
-0.000045
-0.000001
0.000074
-0.000152
-0.000194
-0.000424
-0.000272
0.000338
0.000467
0.000377
0.000357
0.000376
0.000237
0.000289
0.000749
0.000974
0.000102
-0.000952
-0.001367
-0.000983
-0.000379
-0.000873
-0.000763
-0.000206
-0.000482
0.000205
0.000525
-0.000301
-0.000276
-0.000340
-0.000326
-0.000251
-0.000369
-0.000004
0.000077
-0.000133
0.000073
0.000215
0.000293
0.000307
0.000467
0.000601
0.000696
0.000679
0.000356
0.000284
0.000151
0.000046
-0.000010
0.000123
0.000284
0.000450
0.000129
-0.000744
-0.000662
0.000035
-0.000221
-0.000467
0.000075
-0.000169
-0.000510
-0.000134
-0.000210
-0.000622
-0.000445
-0.000400
-0.000529
-0.000363
0.000404
0.000738
0.000195
-0.000184
0.000305
0.000760
0.000136
-0.000566
-0.000661
-0.001155
-0.001079
-0.000722
-0.000430
0.000077
-0.000185
0.000021
0.000272
0.000356
0.000233
0.000108
0.000338
-0.000410
-0.000924
-0.000481
0.000322
0.000124
-0.000341
-0.000415
-0.000558
-0.000487
-0.000102
0.000149
-0.000199
-0.000274
0.000145
0.000512
0.000563
-0.000150
-0.000172
0.000213
-0.000177
-0.000277
-0.000315
-0.000583
0.000059
0.000559
-0.000329
-0.001066
-0.000972
-0.001085
-0.001681
-0.001729
-0.001142
-0.000322
-0.000075
-0.000317
0.000200
0.000672
0.000777
0.001123
0.000680
0.000493
0.000704
0.000668
0.000760
0.000302
-0.000102
-0.000425
-0.000804
-0.000633
-0.000516
-0.000614
-0.000513
-0.000292
-0.000152
-0.000221
-0.000087
0.000351
0.000751
0.000994
0.001168
0.001203
0.001239
0.000888
0.000642
0.000157
-0.000011
-0.000028
-0.000236
-0.000517
-0.000609
-0.000476
-0.000223
0.000113
-0.000058
-0.000051
-0.000174
-0.000566
-0.000397
-0.000309
-0.000427
-0.000844
-0.000682
-0.000649
-0.000615
-0.000486
-0.000609
-0.000707
-0.000324
-0.000162
0.000015
0.000205
0.000233
0.000177
0.000371
-0.000049
-0.000319
-0.000076
-0.000505
-0.000606
-0.000447
-0.000481
-0.000738
-0.000811
-0.000462
-0.000412
-0.000308
0.000404
0.000695
0.000165
-0.000115
-0.000524
-0.000639
-0.000034
0.000283
-0.000194
-0.000502
-0.000665
0.000131
0.000603
0.000573
0.000605
0.000179
0.000465
0.000933
0.000856
0.000708
0.000281
-0.000074
-0.000181
-0.000086
0.000391
0.000129
-0.000120
0.000180
-0.000127
-0.000228
-0.000064
-0.000695
-0.000680
-0.000265
-0.000491
-0.000815
-0.000310
0.000220
0.000079
-0.000059
0.000544
0.000723
-0.000049
0.000354
0.000698
0.000867
0.001120
0.000925
0.000458
0.000220
-0.000086
-0.000140
-0.000680
-0.001655
-0.001710
-0.001526
-0.001573
-0.001316
-0.001293
-0.000922
-0.000581
-0.000181
0.000629
0.000705
0.000390
0.000224
0.000523
0.000517
0.000059
-0.000447
-0.000248
-0.000510
-0.000533
-0.000356
-0.000718
-0.000779
0.000108
0.000391
-0.000250
-0.000101
-0.000066
0.000117
0.000563
-0.000155
-0.000538
-0.000391
0.000053
0.000119
0.000193
0.000180
0.000120
-0.000139
-0.000648
-0.000634
-0.000410
-0.000113
-0.000204
-0.000033
0.000073
0.000033
0.000109
-0.000413
-0.000363
0.000210
0.000300
0.000483
0.000308
0.000324
0.000029
0.000239
0.000464
0.000447
0.000281
-0.000405
-0.000466
0.000194
0.000583
0.000716
0.000293
0.000547
0.000864
0.000517
0.000280
0.000221
0.000442
0.000169
-0.001102
-0.001518
-0.001388
-0.001058
-0.000167
-0.000082
-0.000055
0.000025
-0.000203
-0.000070
0.000019
-0.000277
-0.000391
0.000144
0.000355
0.000167
-0.000475
-0.000519
-0.000459
-0.000983
-0.000457
-0.000264
-0.000641
-0.000077
0.000387
0.000079
0.000484
0.000999
0.000514
0.000267
0.000807
0.001130
0.001124
0.000881
0.000726
0.000472
-0.000242
0.000161
0.000084
-0.000505
-0.001023
-0.001369
-0.001454
-0.001402
-0.000972
-0.000880
-0.000704
-0.000203
0.000141
-0.000069
-0.000077
-0.000259
-0.000732
-0.001221
-0.001283
-0.000942
-0.001000
-0.001291
-0.000961
-0.000253
-0.000216
-0.000232
-0.000375
-0.000410
-0.000523
-0.000256
0.000342
-0.000151
-0.000425
-0.000434
-0.000659
-0.000580
-0.000496
-0.000330
-0.000217
0.000282
0.000300
-0.000067
0.000172
0.000882
0.001100
0.000988
0.000602
0.000416
0.000222
-0.000411
-0.000905
-0.000913
-0.000599
0.000135
0.000188
-0.000153
0.000273
0.001220
0.001546
0.001549
0.001818
0.001799
0.001265
0.000621
0.000149
-0.000295
-0.000413
-0.000283
-0.000640
-0.001353
-0.001599
-0.001363
-0.001122
-0.001023
-0.000808
0.000419
0.000900
0.000476
0.000831
0.000844
0.000395
0.000707
0.000726
0.000504
0.000565
-0.000403
-0.000866
-0.001614
-0.002390
-0.002332
-0.002718
-0.002709
-0.001975
-0.001623
-0.001848
-0.001310
-0.000353
0.000322
0.000611
0.000664
0.000970
0.000828
0.000676
0.000281
-0.000372
-0.000059
-0.000220
-0.000380
-0.000044
-0.000056
-0.000549
-0.000426
-0.000095
-0.000370
-0.000736
-0.000207
0.000002
-0.000421
-0.000009
0.000348
0.000995
0.001435
0.001051
0.000908
0.000558
0.000999
0.000895
0.000488
0.000367
-0.000287
-0.000325
-0.000267
-0.000462
-0.000434
-0.000853
-0.000529
0.000549
0.000308
0.000010
0.000599
0.000769
0.000868
0.000709
0.000223
0.000135
0.000072
-0.000501
-0.000566
-0.000196
-0.000702
-0.001041
-0.001029
-0.000512
-0.000418
-0.000164
0.000336
0.000156
0.000356
0.000548
0.000193
0.000456
0.000027
-0.000496
-0.000236
-0.000460
-0.000540
-0.000766
-0.001421
-0.001418
-0.001469
-0.001375
-0.001473
-0.001360
-0.000722
-0.000526
-0.000209
0.000469
0.000511
0.000910
0.001336
0.000789
0.000266
0.000670
0.000652
0.000468
0.000782
0.001080
0.000574
-0.000391
-0.000195
-0.000373
-0.000461
-0.000448
0.000164
0.000673
0.001008
0.001237
0.000937
0.001533
0.001960
0.000960
0.000650
0.000828
0.000690
-0.000075
-0.000795
-0.000647
-0.000738
-0.001158
-0.001033
-0.000215
0.000089
0.000011
-0.000597
-0.000208
0.000549
0.000164
-0.000246
0.000101
0.000813
0.000511
0.000587
0.000762
0.000743
0.000245
-0.000559
-0.001359
-0.002075
-0.001932
-0.001529
-0.000939
-0.000417
-0.000726
-0.000702
-0.000463
-0.000474
0.000070
0.000206
-0.000515
-0.000334
0.000238
0.000040
-0.000393
-0.000588
-0.000949
-0.001473
-0.001657
-0.001463
-0.000862
-0.000098
0.000090
0.000262
0.001293
0.001699
0.001115
0.000933
0.001411
0.001367
0.001597
0.001786
0.001110
0.001194
0.001572
0.000849
-0.000418
-0.000284
-0.000335
-0.000686
-0.000669
-0.001383
-0.001681
-0.000615
-0.000327
-0.000791
-0.000430
-0.000118
0.000041
0.000636
0.000825
0.000621
0.000753
0.000583
0.000333
0.000418
-0.000004
-0.000098
-0.000023
-0.000405
-0.000242
0.000158
0.000243
-0.000328
-0.000757
-0.000064
0.000211
-0.000183
0.000011
0.000253
-0.000052
-0.000058
0.000176
-0.000468
-0.001119
-0.001041
-0.000781
-0.000386
0.000044
0.000237
-0.000302
-0.000515
-0.000667
-0.000774
-0.000758
-0.000911
-0.001015
-0.000619
-0.000182
-0.000891
-0.001114
-0.000718
-0.000593
-0.000067
0.000210
0.000199
0.000931
0.001304
0.000717
0.000050
-0.000091
0.000131
0.000410
-0.000521
-0.000871
-0.000303
-0.000179
-0.000054
0.000132
0.000226
0.000370
0.000804
0.000842
0.000681
0.000766
0.000530
0.000453
0.000656
0.001103
0.000983
-0.000057
-0.000012
0.000697
0.000303
0.000681
0.000462
-0.000264
-0.000295
-0.000028
0.000804
0.000766
0.000326
0.000770
0.000937
0.000851
0.001089
0.000334
0.000365
0.000701
0.000252
-0.000447
-0.001036
-0.001103
-0.001116
-0.001202
-0.001230
-0.001206
-0.001184
-0.000923
-0.000943
-0.001396
-0.001107
-0.000704
-0.000899
-0.000749
-0.000616
-0.000324
-0.000198
-0.000671
-0.001295
-0.000853
-0.000296
-0.000600
-0.000829
0.000125
0.000243
0.000701
0.000683
-0.000154
-0.000050
0.001102
0.001810
0.001564
0.000966
0.000406
0.000608
0.000790
0.000631
0.000676
0.000638
0.000417
-0.000164
-0.000435
-0.000430
-0.000118
0.000330
0.000672
0.000514
0.000614
0.000400
0.000276
0.000219
-0.000003
0.000516
0.000513
-0.000209
0.000060
0.000199
-0.000240
-0.000514
-0.000545
-0.000044
-0.000419
-0.000176
0.000313
0.000359
0.000587
0.001085
0.001336
0.001491
0.001181
0.001014
0.000442
-0.000169
-0.000087
-0.000972
-0.001563
-0.001338
-0.001421
-0.001103
-0.000718
-0.000173
-0.000141
-0.000373
0.000076
0.000503
0.001059
0.001399
0.000772
0.000209
0.000111
0.000223
-0.000080
-0.000747
-0.000397
-0.000563
-0.000848
-0.000874
-0.000498
-0.000450
-0.000404
-0.000406
-0.000623
-0.000118
0.000565
0.000530
0.000224
0.000819
0.000898
0.000511
0.000198
-0.000511
-0.000316
0.000002
-0.000166
-0.000265
-0.000230
0.000198
0.000228
-0.000378
-0.000083
0.000514
0.000413
0.000161
0.000680
0.001290
0.001220
0.000503
-0.000079
0.000580
0.000103
-0.000710
-0.000232
0.001000
0.001130
0.000181
-0.000121
-0.000255
-0.000175
0.000076
0.000239
0.000291
0.000068
-0.000187
-0.000722
-0.000762
-0.001036
-0.001448
-0.000915
-0.000986
-0.001188
-0.001300
-0.001159
-0.001105
-0.000709
-0.000051
-0.000184
-0.000022
0.000322
-0.000066
-0.000008
0.000448
-0.000016
-0.000059
0.000324
0.000007
-0.000181
-0.000343
-0.000155
0.000077
-0.000173
0.000193
0.000676
0.000329
0.000270
0.000089
-0.000066
-0.000030
-0.000249
0.000397
0.000684
0.000092
-0.000235
-0.000053
0.000261
-0.000038
-0.000212
0.000264
0.000452
0.000166
-0.000139
0.000140
0.000643
0.000813
0.000833
0.000815
0.000707
0.000603
0.000487
0.000644
0.001266
0.001386
0.000559
-0.000141
-0.000023
-0.000291
-0.000677
-0.000021
0.000508
0.000255
-0.000123
-0.000381
-0.000303
-0.000362
-0.001105
-0.001149
-0.000595
-0.000550
-0.000790
-0.001600
-0.001664
-0.000901
-0.001098
-0.000899
0.000139
0.000678
0.000238
0.000149
0.000694
0.000418
-0.000061
-0.000333
0.000377
0.000736
-0.000186
-0.000387
0.000168
0.000350
0.000528
0.000481
0.000502
0.000253
-0.000690
-0.000623
-0.000030
-0.000101
-0.000012
0.000976
0.000748
0.000534
0.000883
0.000315
0.000120
0.000259
-0.000057
-0.000061
-0.000148
-0.000250
0.000010
0.000233
0.000838
0.000864
0.000913
0.000685
0.000660
0.001043
0.000401
0.000105
0.000342
0.000061
-0.000279
-0.000174
-0.000706
-0.001078
-0.000886
-0.000973
-0.000749
-0.000530
0.000229
0.000588
0.000462
0.000064
-0.000192
0.000017
-0.000156
-0.000279
0.000001
-0.000463
-0.000578
-0.000099
-0.000027
-0.000254
-0.000048
-0.000303
-0.001102
-0.000950
0.000011
-0.000028
-0.000036
-0.000281
0.000023
-0.000810
-0.001503
-0.000870
-0.000652
-0.000762
-0.000748
-0.000543
-0.000191
0.000232
0.000124
0.000297
0.000488
0.000334
0.000337
0.000490
-0.000292
-0.000041
0.000046
-0.000435
-0.000015
-0.000253
-0.000601
-0.000159
0.000241
0.000767
0.001154
0.001140
0.000771
0.000043
-0.000072
-0.000209
-0.000722
-0.001123
-0.000968
-0.000860
-0.000647
-0.000502
-0.000058
0.000222
0.000164
0.000483
0.000574
0.000933
0.000494
0.000134
0.000787
0.000717
0.000527
0.000447
-0.000040
0.000171
-0.000174
-0.000849
-0.000578
-0.000949
-0.000986
-0.001277
-0.001615
-0.001017
-0.001238
-0.001459
-0.000836
-0.000384
-0.000220
-0.000093
-0.000168
-0.000611
-0.000191
-0.000154
-0.000167
-0.000034
0.000364
0.000107
-0.000515
-0.000330
-0.000510
-0.001287
-0.001262
-0.000856
-0.000707
-0.000631
-0.000443
-0.000558
-0.000982
-0.000911
-0.000162
0.000099
-0.000102
0.000049
0.000491
0.000354
0.000360
0.000132
-0.000012
0.000090
-0.000311
-0.000483
-0.000409
-0.000401
-0.000177
0.000050
0.000228
0.000314
0.000482
0.000433
0.000263
0.000989
0.001175
0.000336
0.000226
-0.000051
-0.000283
-0.000048
-0.000087
-0.000400
-0.000219
-0.000066
-0.000624
-0.000944
-0.000635
-0.000391
-0.000102
-0.000180
-0.000391
-0.000208
-0.000264
-0.000137
0.000101
0.000061
-0.000115
-0.000474
-0.000838
-0.001367
-0.001676
-0.001642
-0.001911
-0.001781
-0.000908
-0.000539
-0.000289
0.000606
0.001027
0.000778
0.000634
0.000568
0.000817
0.000997
0.000943
0.000424
-0.000077
-0.000183
-0.000469
-0.000648
-0.000670
-0.000249
-0.000428
-0.000681
-0.000437
-0.000538
-0.000927
-0.001048
-0.000256
0.000193
-0.000404
-0.000467
-0.000334
-0.000778
-0.000918
-0.000779
0.000014
-0.000026
-0.000289
-0.000003
-0.000493
-0.000696
-0.000577
-0.000139
0.000639
0.000682
0.000246
-0.000071
0.000108
0.000321
0.000349
0.000105
-0.000159
0.000263
0.000090
0.000127
0.000329
0.000035
