# STATIONID: 200
# STARTTIME: 1123769050.390000
# SAMPLERATE: 100
# NUMSAMPLES: 8268
0.000027
0.000157
-0.000038
0.000231
0.000537
0.001050
0.001363
0.000644
0.000531
0.000486
0.000747
0.000704
0.000496
0.000233
0.000185
0.000378
0.000348
-0.000251
-0.000531
-0.000002
0.000202
-0.000102
-0.000007
0.000468
0.000891
0.001234
0.001532
0.001448
0.000750
0.001319
0.000805
-0.000014
0.000077
-0.000237
-0.000012
0.000218
-0.000050
0.000162
0.000379
0.000097
0.000181
-0.000025
-0.000475
-0.000198
0.000109
-0.000315
-0.000805
-0.000626
-0.000010
0.000642
0.000761
0.000870
0.000968
0.000741
0.000753
0.000549
0.000624
0.001171
0.001425
0.000764
0.000748
0.000870
0.000710
0.000484
0.000023
-0.000009
0.000107
0.000399
0.000204
-0.000134
-0.000191
-0.000164
-0.000481
-0.000834
-0.000052
0.000339
0.000244
0.000607
0.000914
0.000520
-0.000232
0.000141
0.000885
0.000802
0.000187
-0.000037
0.000029
0.000246
-0.000168
-0.000398
-0.000640
-0.001069
-0.000530
-0.000190
0.000114
0.000307
0.000338
0.000750
0.001232
0.001200
0.000995
0.000132
-0.000040
0.000592
0.000299
0.000531
0.000189
0.000048
0.000462
0.000231
0.000456
0.000809
0.000673
0.001146
0.001406
0.001113
0.001140
0.000622
0.000228
0.000126
-0.000045
-0.000055
-0.000176
-0.000304
-0.000233
0.000359
0.000102
-0.000317
0.000019
0.000599
0.001202
0.001016
0.000801
0.001092
0.001073
0.000677
0.000783
0.000972
0.000627
0.000149
0.000004
0.000171
0.000301
0.000146
-0.000168
-0.000027
0.000253
-0.000665
-0.000551
0.000393
0.000075
0.000064
0.000491
0.000646
0.000357
0.000174
0.000446
0.000489
0.000469
0.000464
0.000555
0.000376
0.000629
0.000566
0.000309
0.000260
0.000201
0.000272
-0.000083
0.000005
-0.000129
-0.000676
-0.000772
-0.000373
0.000162
0.000204
-0.000003
0.000164
0.000583
0.000181
-0.000286
-0.000405
-0.000350
-0.000175
-0.000052
-0.000048
-0.000414
-0.000059
0.000356
0.000240
0.000899
0.001452
0.001015
0.000546
0.000915
0.001042
0.000135
-0.000061
0.000458
-0.000086
-0.000791
-0.000554
-0.000253
0.000367
0.000858
0.000775
0.000563
0.001025
0.001126
0.000494
0.000301
0.000472
0.000461
0.000546
0.000455
0.000799
0.001159
0.001425
0.001059
0.000487
0.000104
-0.000512
-0.000554
-0.000168
-0.000550
-0.000001
0.000394
0.000007
0.000398
0.000655
0.000528
0.000374
0.000398
0.000842
0.000640
0.000649
0.001182
0.000855
0.000459
0.000619
0.000234
0.000055
-0.000036
0.000110
-0.000317
-0.000583
-0.000672
-0.000473
-0.000370
-0.000231
-0.000295
0.000237
0.000358
0.000147
0.000678
0.000738
0.000584
0.000692
0.000227
0.000054
0.000411
0.000828
0.000765
0.001080
0.001070
0.000692
0.000512
0.000443
0.000481
0.000416
0.000070
0.000203
0.000738
0.000991
0.000536
0.000062
0.000528
0.000870
0.000752
0.000674
0.000556
0.000970
0.000707
0.000749
0.000942
0.000404
0.000025
0.000502
0.000508
0.000237
0.000570
0.000622
-0.000095
0.000061
0.000682
0.000678
0.000758
0.000841
0.000912
0.000765
0.000387
0.000632
0.001082
0.001013
0.000660
0.000095
0.000139
0.000239
0.000509
0.001147
0.001232
0.001210
0.001454
0.001135
0.000543
0.000257
-0.000112
0.000283
0.000390
-0.000219
-0.000006
0.000648
0.000371
0.000896
0.000754
0.000386
0.000433
0.000832
0.001337
0.000782
0.000987
0.001136
0.000501
0.000336
0.000591
0.000795
0.000525
0.000482
0.000918
0.000591
0.000200
-0.000026
0.000020
0.000671
0.000870
0.000185
-0.000198
-0.000023
0.000262
0.000408
-0.000018
-0.000163
-0.000146
-0.000256
-0.000388
-0.000017
0.000321
0.000457
0.000880
0.001304
0.001418
0.000990
0.001021
0.001328
0.000990
0.000718
0.000671
-0.000349
-0.000471
-0.000163
-0.000580
-0.000662
-0.000291
-0.000200
0.000123
0.000019
-0.000194
0.000396
0.000205
-0.000510
-0.000394
0.000078
0.000108
0.000073
0.000190
0.000491
0.000578
0.000388
0.000885
0.001647
0.001596
0.000739
0.000075
0.000203
0.000084
-0.000134
-0.000212
-0.000377
-0.000767
-0.000434
-0.000403
-0.000081
0.000616
0.001350
0.001585
0.001283
0.001607
0.001239
0.000904
0.001114
0.000852
0.000299
0.000162
-0.000223
-0.000633
-0.000346
0.000016
0.000205
0.000284
0.000594
-0.000121
-0.000133
0.000455
0.000523
0.000657
0.000703
0.000716
0.000854
0.000874
0.000734
0.000115
0.000209
0.000348
0.000496
0.000647
0.000201
-0.000195
0.000193
0.000023
-0.000037
-0.000162
-0.000640
-0.000184
-0.000103
0.000093
-0.000057
0.000205
0.000638
0.000716
0.000935
0.000691
0.000957
0.000895
0.000476
0.000801
0.000438
0.000282
0.000607
0.000426
-0.000430
-0.000639
-0.000238
-0.000660
-0.000972
-0.000572
0.000118
0.000175
0.000061
-0.000069
-0.000092
0.000265
0.000921
0.001180
0.000723
0.000143
0.000367
0.000878
0.001097
0.000543
0.000195
-0.000112
-0.000029
-0.000136
-0.000242
0.000116
-0.000152
0.000496
0.000737
-0.000113
-0.000414
0.000042
0.000271
0.000074
0.000297
0.000296
0.000531
0.000704
0.000362
0.000301
0.000360
0.000420
0.000145
0.000422
0.000477
-0.000121
0.000320
0.000676
0.000264
0.000776
0.000615
0.000491
0.000512
-0.000126
0.000032
-0.000091
-0.000803
-0.001005
-0.000751
-0.000423
-0.000663
-0.000390
0.000034
0.000189
0.000621
0.000305
-0.000199
0.000563
0.000719
0.000249
0.000426
0.000827
0.000484
0.000697
0.001093
0.000772
0.000941
0.001083
0.000876
0.000448
0.000368
0.000287
0.000476
0.000626
0.000735
0.000443
-0.000235
-0.000006
-0.000317
-0.000215
-0.000252
-0.000848
-0.000626
0.000638
0.000394
-0.000128
0.000671
0.001264
0.001100
0.000993
0.000848
0.000280
-0.000040
0.000291
0.000632
0.000315
0.000365
0.000148
-0.000440
-0.000378
0.000014
-0.000139
0.000104
-0.000164
-0.000554
-0.000481
-0.000310
-0.000238
-0.000426
-0.000022
0.000181
-0.000238
-0.000314
0.000048
0.000411
0.000207
0.000417
0.000765
0.000436
0.000417
0.000425
0.000832
0.000839
0.000623
0.000394
0.000251
0.000088
-0.000469
-0.000572
-0.000223
0.000271
-0.000012
-0.000048
-0.000174
0.000055
0.000179
0.000057
0.000040
0.000207
0.000485
0.000493
0.000372
0.000324
0.000878
0.001080
0.000868
0.000675
0.000469
0.000477
0.000027
-0.000031
0.000063
-0.000489
-0.000804
-0.000574
-0.000013
0.000146
0.000453
0.000316
-0.000194
0.000317
0.000736
0.000702
0.000940
0.000686
0.000475
0.000583
0.000550
0.000721
0.000662
0.000553
0.000677
0.000669
0.001267
0.001019
0.000281
0.000331
0.000270
-0.000156
-0.000030
0.000439
0.000090
0.000091
0.000364
0.000235
0.000346
0.000104
-0.000276
0.000096
0.000276
0.000021
-0.000101
0.000309
0.000170
-0.000693
-0.000692
-0.000199
-0.000165
-0.000392
-0.000602
-0.000220
0.000290
0.000218
0.000424
0.000802
0.000885
0.000346
0.000256
0.000153
0.000243
0.000226
0.000110
-0.000009
-0.000075
0.000544
0.000191
-0.000010
0.000296
0.000359
0.000222
-0.000271
-0.000609
-0.000303
-0.000070
-0.000268
-0.000314
-0.000067
-0.000155
-0.000341
-0.000132
0.000483
0.000285
-0.000241
0.000058
0.000476
0.000822
0.000985
0.000776
0.000402
0.000175
-0.000116
0.000096
0.000303
0.000006
-0.000248
0.000121
0.000524
0.000120
0.000289
0.001038
0.001117
0.000508
0.000233
0.000574
0.000379
0.000146
0.000083
0.000199
0.000492
0.000685
0.001010
0.000554
0.000081
0.000060
0.000266
0.000585
0.000311
-0.000083
0.000194
0.000191
0.000161
0.000450
0.000672
-0.000167
-0.000527
-0.000355
-0.000262
0.000072
0.000162
0.000426
0.000641
-0.000072
0.000199
0.000504
-0.000227
-0.000257
0.000177
-0.000058
-0.000204
-0.000197
-0.000491
-0.000470
0.000246
0.000413
0.000314
0.000613
0.000845
0.001482
0.001571
0.000833
-0.000060
-0.000198
-0.000047
0.000276
-0.000132
-0.000070
0.000036
-0.000048
-0.000111
0.000257
0.000464
0.000319
0.000004
0.000356
0.000983
0.001161
0.000484
0.000506
0.000514
0.000661
0.000463
-0.000014
0.000222
0.000221
0.000139
0.000798
0.000096
-0.000176
0.000605
0.000171
-0.000136
-0.000179
-0.000159
-0.000051
0.000042
-0.000161
-0.000148
0.000252
0.000229
0.000443
0.000890
0.000400
0.000311
0.000552
0.000602
-0.000252
-0.000761
-0.000422
-0.000422
0.000093
0.000572
0.000292
0.000317
-0.000024
-0.000009
-0.000123
-0.000127
0.000191
0.000059
0.000107
0.000529
0.000534
0.000093
0.000232
0.000876
0.000895
0.000454
0.000267
0.000207
0.000083
-0.000344
-0.000044
0.000418
0.000341
0.000234
0.000239
0.000383
0.000612
0.000454
0.000023
0.000179
0.000209
0.000554
0.000935
0.000671
0.000681
0.000507
0.000903
0.000262
-0.000622
0.000246
0.000626
0.000745
0.000403
0.000353
0.000301
0.000230
0.000755
0.001159
0.001360
0.001866
0.001551
0.000883
0.001252
0.001294
0.000569
0.001065
0.000841
-0.000128
-0.000218
-0.000278
0.000075
0.001054
0.000899
0.000924
0.000990
0.000821
0.001333
0.000928
-0.000069
0.000100
0.000579
0.000880
0.001257
0.001103
0.001024
0.000442
0.000188
0.000567
0.000489
0.000007
-0.000693
-0.000496
-0.000406
-0.000649
-0.000904
-0.000847
-0.000660
-0.001017
-0.000853
-0.000296
-0.000367
-0.000226
-0.000355
-0.000165
0.000018
0.000324
0.000968
0.000567
-0.000087
-0.000128
0.000027
0.000108
0.000278
0.000187
0.000210
0.000740
0.000820
0.000967
0.001085
0.000688
0.000053
0.000049
0.000155
-0.000029
0.000046
-0.000243
0.000084
0.000287
0.000074
0.000245
-0.000037
0.000247
0.000852
0.000620
0.000437
0.000677
0.000751
0.000719
0.000666
0.000547
0.000704
0.000493
0.000340
0.000208
-0.000152
-0.000335
-0.000099
0.000605
0.000519
0.000095
-0.000332
-0.000254
-0.000204
-0.000267
-0.000190
-0.000173
-0.000279
-0.000520
-0.000049
-0.000094
-0.000163
0.000375
0.001028
0.000857
0.000239
0.000465
0.000611
0.000188
0.000146
0.000334
-0.000181
-0.000689
-0.000790
-0.000141
-0.000041
-0.000423
0.000105
0.000203
0.000456
0.000492
0.000221
0.000520
0.001327
0.001937
0.001759
0.000908
0.000536
0.000729
0.000631
0.000664
0.000461
-0.000250
-0.000318
-0.000563
-0.000769
-0.000714
-0.000641
-0.000635
-0.000045
0.000957
0.001615
0.001058
0.000733
0.001069
0.001479
0.001106
0.000812
0.001103
0.000845
0.000031
-0.000109
-0.000093
-0.000375
-0.000513
-0.000303
0.000255
0.000457
0.000161
-0.000086
-0.000440
0.000036
0.000492
0.000483
0.000195
-0.000377
-0.000287
-0.000359
-0.000557
-0.000622
-0.000995
-0.000550
0.000204
0.000431
0.000150
0.000151
-0.000276
-0.000582
-0.000026
-0.000183
-0.000214
0.000005
0.000434
0.000960
0.000732
0.000618
0.000864
0.000320
0.000627
0.000937
0.000901
0.000294
0.000158
0.000193
0.000259
0.000532
0.000185
0.000103
0.000169
0.000259
0.000001
0.000003
-0.000386
0.000036
0.000601
0.000411
0.000288
0.000205
0.000041
0.000268
-0.000004
-0.000301
-0.000438
-0.000265
0.000319
0.000338
0.000215
0.000380
0.000678
0.000532
0.000500
0.000376
0.000359
0.000131
0.000237
0.000726
0.000381
0.000355
0.000463
0.000391
0.000322
0.000130
-0.000093
0.000493
0.000851
0.000393
-0.000102
-0.000085
-0.000386
-0.000762
-0.000652
-0.000761
-0.000582
-0.000119
-0.000449
-0.000300
0.000297
0.000993
0.000877
0.000779
0.000125
-0.000062
0.000156
-0.000702
-0.000467
0.000327
-0.000034
0.000303
0.000270
-0.000188
0.000206
0.000386
-0.000082
-0.000199
-0.000021
0.000538
0.000598
-0.000087
0.000063
0.000477
0.000355
0.000151
0.000322
0.000012
0.000240
0.000547
0.000032
-0.000113
-0.000265
-0.000097
-0.000266
-0.000567
-0.000048
0.000593
0.000501
-0.000206
-0.000400
-0.000262
0.000048
0.000582
0.000393
0.000217
0.000254
0.000376
0.000238
0.000640
0.001348
0.001001
0.000362
0.000234
0.000641
0.000774
0.000136
-0.000044
0.000056
0.000502
0.000807
0.000129
0.000207
0.000258
0.000097
0.000274
-0.000469
-0.000886
-0.000876
-0.001447
-0.001221
-0.000905
-0.001037
-0.000584
-0.000137
0.000004
0.000279
0.000033
-0.000048
0.000542
0.000745
0.000290
0.000158
0.000508
0.000539
0.000355
0.000512
0.000382
0.000100
0.000312
-0.000067
0.000306
0.000859
0.000376
0.000184
0.000229
-0.000196
-0.000360
-0.000269
-0.000375
-0.000211
0.000177
0.000477
0.000852
0.001317
0.001312
0.000617
0.000481
0.000432
0.000067
0.000086
-0.000323
-0.000458
-0.000236
-0.000157
-0.000057
-0.000445
-0.000986
-0.000051
0.000557
0.000045
-0.000151
-0.000138
-0.000095
-0.000186
0.000148
0.000750
0.000637
0.000459
0.000503
0.000403
0.000344
-0.000036
-0.000583
-0.000809
-0.000441
-0.000377
-0.000554
-0.000661
-0.000705
-0.000561
-0.000567
-0.000110
-0.000105
-0.000029
0.000017
0.000181
0.000718
0.000652
0.000672
0.000707
0.000436
0.000459
-0.000008
-0.000159
0.000355
0.000371
0.000093
0.001085
0.001278
0.001018
0.001708
0.001815
0.001723
0.000855
0.000273
0.000542
-0.000004
-0.000768
-0.000723
-0.000340
-0.000211
-0.000350
-0.000178
0.000066
0.000395
0.000353
0.000377
0.000541
0.000702
0.001411
0.001230
0.000406
0.000372
-0.000049
-0.000502
-0.000474
0.000032
-0.000251
-0.000605
-0.000199
-0.000245
-0.000572
-0.000515
-0.000467
-0.000738
0.000040
0.000499
0.000309
0.000015
0.000371
0.000377
0.000334
0.000133
0.000281
-0.000190
-0.000379
0.000129
0.000081
-0.000730
-0.000624
-0.000172
-0.000791
-0.001521
-0.001197
-0.000362
-0.000222
-0.000218
-0.000032
0.000861
0.001681
0.001438
0.001274
0.000736
0.000264
0.000190
0.000885
0.000848
0.000427
0.000297
0.000429
0.000050
-0.000437
-0.000760
-0.000545
-0.000304
-0.000278
-0.000124
0.000222
0.000008
0.000444
0.001073
0.000684
0.000616
0.000646
0.001044
0.000967
0.000207
0.000267
0.000141
0.000259
0.000317
-0.000202
-0.000257
-0.000058
-0.000180
0.000110
0.000759
0.000371
0.000059
0.000519
0.000874
0.000588
0.000050
0.000038
0.000234
0.000796
0.001124
0.000691
-0.000026
-0.000769
-0.000474
-0.000035
-0.000027
-0.000577
-0.001022
-0.000904
-0.000559
-0.000528
-0.000115
0.000350
0.000436
0.001146
0.000616
0.000242
0.000537
0.000490
0.000085
0.000230
0.000201
0.000374
0.000449
0.000046
0.000092
0.000343
-0.000083
-0.000097
0.000234
0.000308
0.000206
0.000637
0.000110
-0.000213
0.000188
0.000363
0.000575
0.000974
0.000865
0.001074
0.001069
0.000515
0.000664
0.000369
-0.000485
-0.000632
-0.000266
-0.000169
-0.000264
0.000266
-0.000142
-0.000608
-0.000476
-0.000264
-0.000490
-0.000770
-0.000186
0.000233
-0.000059
0.000076
0.000239
0.000072
0.000089
0.000635
0.001323
0.001026
0.000457
0.000604
0.000356
-0.000206
0.000470
0.000679
0.000210
0.000421
0.000064
-0.000133
0.000143
-0.000179
-0.000339
-0.000417
-0.000046
0.000040
-0.000463
-0.000417
0.000071
0.000249
0.000212
0.000820
0.001165
0.001131
0.001043
0.000817
0.000919
0.000876
0.000395
0.000626
0.001328
0.000790
-0.000075
-0.000206
0.000392
0.000887
0.000668
0.000372
0.000131
0.000173
0.000303
0.000787
0.000757
0.000002
0.000012
-0.000131
-0.000418
-0.000023
0.000366
0.000275
0.000140
0.000262
0.000405
0.000267
-0.000377
-0.000373
0.000218
-0.000052
-0.000780
-0.000984
-0.000745
-0.000376
-0.000073
0.000329
0.000321
0.000873
0.001264
0.000433
-0.000201
-0.000088
0.000365
0.000218
-0.000187
-0.000113
0.000425
0.000535
0.000093
0.000091
0.000061
-0.000003
0.000441
0.001009
0.001434
0.001217
0.001479
0.001575
0.001163
0.000989
0.001009
0.000852
-0.000116
-0.000402
-0.000141
0.000041
-0.000198
-0.000392
0.000031
0.000472
0.000753
0.000849
0.000353
-0.000123
0.000247
0.000721
0.000597
0.000625
0.001112
0.001002
0.000760
0.000285
0.000481
0.000525
0.000101
-0.000487
-0.000716
-0.000491
-0.000172
-0.000164
0.000009
-0.000523
-0.000511
0.000159
0.000663
0.000790
0.001066
0.001432
0.001215
0.001204
0.000982
0.000618
0.000520
0.000408
0.000126
0.000191
0.000007
-0.000785
-0.000340
-0.000055
-0.000333
-0.000218
-0.000086
0.000462
0.000641
0.000755
0.001671
0.001741
0.001371
0.001481
0.001153
0.000885
0.000379
-0.000155
-0.000221
-0.000391
-0.000723
-0.000554
-0.000046
-0.000217
-0.000088
-0.000407
-0.000999
-0.001181
-0.000765
-0.000233
0.000322
0.000297
0.000520
0.000562
0.000943
0.001603
0.001727
0.001431
0.000925
0.001172
0.001622
0.001602
0.001306
0.001013
0.001102
0.000711
-0.000167
0.000279
0.000382
-0.000341
-0.000964
-0.000268
0.000048
0.000158
0.000067
-0.000093
0.000045
-0.000003
0.000108
0.000156
-0.000215
-0.000362
-0.000274
-0.000405
-0.000462
0.000112
0.000440
0.000126
0.000688
0.001234
0.000889
0.000939
0.000800
0.000316
0.000834
0.001006
0.000986
0.001518
0.001158
0.000635
0.001071
0.000586
-0.000614
-0.000850
-0.000609
-0.000280
0.000074
-0.000028
-0.000587
0.000036
0.000843
0.001084
0.001384
0.001659
0.001858
0.001763
0.002127
0.001214
0.000298
0.000213
-0.000311
-0.000864
-0.000768
-0.000732
-0.000641
-0.000630
-0.000414
-0.000686
-0.000446
0.000197
0.000525
0.000577
0.000794
0.000923
0.001149
0.001352
0.001086
0.000793
0.000599
0.000406
0.000496
0.000466
0.000259
0.000057
-0.000563
-0.000595
0.000238
0.000440
0.000549
0.000734
0.000769
0.000005
-0.000344
0.000441
0.000163
-0.000054
0.000306
0.000674
0.000755
0.000166
-0.000075
-0.000061
-0.000509
-0.000258
0.000052
0.000242
0.000714
0.000788
0.000606
0.000468
0.001188
0.001329
0.000461
0.000165
0.000534
0.000899
0.000429
-0.000276
-0.000401
0.000377
0.000323
-0.000380
-0.000386
-0.000160
0.000745
0.001599
0.001242
0.001326
0.001484
0.001428
0.001469
0.000641
0.000194
-0.000328
-0.000540
-0.000401
-0.000847
-0.001025
-0.000853
-0.000396
0.000355
0.000672
0.000749
0.000469
0.000374
0.000882
0.001482
0.001191
0.001313
0.001209
0.000605
0.001001
0.000909
0.000447
0.000363
0.000424
0.000878
0.000880
0.000516
0.000506
0.000361
-0.000020
-0.000618
-0.000636
-0.000335
-0.000156
0.000115
0.000082
-0.000058
0.000094
0.000743
0.000387
0.000626
0.001266
0.000811
0.000632
0.000611
0.000624
0.000688
0.000726
0.000722
0.001104
0.000979
0.000320
0.000091
-0.000237
-0.000118
0.000154
-0.000374
-0.000200
-0.000359
-0.000460
-0.000228
-0.000272
-0.000397
-0.000516
-0.000243
0.000093
-0.000355
-0.000617
0.000231
0.000158
-0.000207
0.000755
0.001566
0.001089
0.001105
0.000972
0.000833
0.000712
0.000383
0.000719
0.000815
0.000670
0.000529
0.000809
0.000435
0.000330
0.000442
0.000031
-0.000336
-0.000526
-0.000370
-0.000361
-0.000284
-0.000054
-0.000558
-0.000959
-0.000817
-0.000529
-0.000198
-0.000579
-0.000677
0.000050
0.000125
0.000125
0.000338
0.000488
0.000449
0.000715
0.000520
0.000219
0.000235
-0.000061
-0.000044
0.000145
0.000224
0.000198
0.000070
0.000218
0.000260
0.000051
0.000669
0.000612
0.000650
0.000954
0.000650
0.000541
0.000375
-0.000193
-0.000033
0.000118
0.000292
-0.000269
-0.000483
-0.000255
-0.000193
-0.000151
-0.000248
-0.000368
-0.000404
-0.000319
0.000364
0.000847
0.000683
0.000888
0.001024
0.000542
0.000101
0.000228
0.000154
0.000634
0.001030
0.000628
0.000292
0.000416
0.000545
0.000567
0.000115
-0.000654
-0.000160
-0.000033
-0.000105
0.000376
0.000411
0.000545
0.000219
0.000237
0.000383
0.000173
0.000191
0.000181
-0.000534
-0.000136
0.000310
-0.000104
-0.000527
-0.000690
-0.000577
-0.000285
-0.000219
-0.000046
-0.000504
-0.000726
-0.000523
-0.000828
-0.000964
-0.000702
-0.000436
0.000082
0.000248
0.000039
-0.000320
0.000029
-0.000324
-0.000578
-0.000176
0.000318
0.000358
0.000454
0.000444
0.000370
0.000311
0.000513
0.000404
0.000499
0.000303
0.000615
0.000676
0.001019
0.001604
0.001300
0.000682
0.000433
0.000574
0.000187
0.000394
0.000100
-0.000615
-0.000162
0.000696
0.000903
0.000525
0.000146
0.000495
0.000579
-0.000089
0.000039
0.000238
-0.000133
-0.000086
0.000365
0.000763
0.000478
0.000105
0.000124
-0.000389
-0.000416
0.000141
0.000397
0.000349
0.000631
0.000911
0.000882
0.001017
0.000741
0.000464
0.000160
-0.000318
0.000060
0.000457
0.000091
0.000297
0.000238
-0.000314
-0.000505
-0.000275
0.000569
0.000889
0.000691
0.000843
0.000858
0.000340
0.000164
-0.000335
-0.000163
-0.000003
-0.000042
0.000521
0.000450
-0.000338
0.000383
0.001512
0.001140
0.000997
0.001335
0.000746
-0.000072
0.000231
0.000376
0.000008
-0.000397
-0.000845
-0.000564
-0.000302
-0.000386
-0.000279
-0.000381
-0.000213
-0.000114
-0.000343
-0.000046
-0.000246
-0.000125
0.000121
0.000228
0.000635
0.000650
0.001021
0.001197
0.001187
0.000808
0.000887
0.000796
0.000507
-0.000086
-0.000641
-0.000414
-0.000198
-0.000419
-0.000468
-0.000517
-0.000733
0.000081
0.000288
0.000330
0.000733
0.001059
0.001178
0.001057
0.000837
0.000526
0.000560
0.000692
0.000258
-0.000359
-0.000450
-0.000358
-0.000370
-0.000443
-0.000571
-0.000301
-0.000349
-0.000539
0.000346
0.000686
0.001074
0.001388
0.000827
0.000448
0.000242
0.000479
0.000986
0.001026
0.001085
0.000717
0.000820
0.000978
0.000391
0.000328
0.000109
-0.000069
-0.000042
-0.000156
-0.000043
-0.000204
0.000225
0.000436
0.000218
0.000236
0.000216
0.000388
0.000424
0.000177
0.000188
0.000588
0.000606
-0.000151
-0.000276
0.000058
-0.000487
-0.000894
-0.000613
-0.000434
-0.000613
-0.000260
0.000531
0.000457
0.000126
-0.000002
-0.000265
-0.000740
-0.000807
-0.000401
-0.000226
0.000031
0.000412
-0.000115
-0.000386
0.000071
0.000316
0.000051
0.000007
0.000286
0.000196
0.000021
0.000411
0.000878
0.000206
-0.000349
-0.000388
-0.000302
-0.000227
0.000222
0.000433
0.000022
-0.000435
-0.000447
-0.000406
-0.000284
-0.000224
-0.000663
-0.000391
-0.000029
-0.000465
-0.000248
0.000011
-0.000175
-0.000216
-0.000097
0.000251
0.000259
-0.000087
-0.000040
0.000469
0.000878
0.000844
0.000598
0.000567
0.000685
0.001060
0.000994
0.000784
0.001183
0.001003
0.000688
0.000443
0.000357
0.000870
0.000846
0.000459
0.000296
0.000001
-0.000427
-0.000324
-0.000352
-0.000047
0.000007
0.000255
0.000667
0.001122
0.000830
0.000584
0.000416
0.000876
0.000796
0.000987
0.001196
0.000659
0.000327
0.000176
0.000343
0.000277
0.000147
0.000354
0.000230
0.000493
0.000310
-0.000096
-0.000061
-0.000320
-0.000533
-0.000032
0.000794
0.000835
0.000778
0.000319
0.000713
0.000537
0.000095
0.000012
0.000307
0.000417
0.000082
0.000190
0.000618
0.000486
0.000157
0.000535
-0.000023
-0.000669
-0.000125
0.000092
-0.000653
-0.001115
-0.001059
-0.000658
-0.000171
-0.000386
-0.000510
0.000036
0.000365
-0.000225
-0.000425
-0.000252
-0.000639
-0.001233
-0.000675
0.000081
0.000407
0.000456
0.000169
0.000185
0.000305
0.000482
0.000297
-0.000089
0.000165
0.000660
0.000908
0.000307
-0.000050
-0.000049
-0.000576
-0.000269
0.000360
0.000107
0.000298
0.000099
0.000234
0.000164
0.000105
0.000614
0.001108
0.001293
0.001486
0.001355
0.001061
0.001159
0.001283
0.000721
-0.000139
0.000106
0.000276
0.000075
0.000353
0.000489
-0.000195
-0.001064
-0.000663
0.000194
0.000524
0.000701
0.000524
0.000567
0.000794
0.000782
0.001112
0.001621
0.001603
0.001086
0.000951
0.000514
0.000320
0.000453
0.000074
-0.000073
0.000395
-0.000162
-0.000909
-0.000775
-0.000511
-0.000323
-0.000656
-0.000534
-0.000266
-0.000446
0.000078
0.000159
-0.000081
-0.000093
0.000130
0.000644
0.000436
0.000406
0.000272
0.000133
-0.000092
-0.000357
-0.000294
-0.000402
-0.000053
0.000123
-0.000323
-0.000156
-0.000253
0.000245
0.000179
-0.000585
-0.000301
0.000114
0.000198
-0.000009
0.000123
0.000222
0.000231
0.000419
-0.000036
-0.000270
0.000038
-0.000453
-0.000760
-0.000328
0.000250
-0.000033
-0.000144
0.000312
0.000217
0.000168
0.000326
0.000208
-0.000050
0.000252
0.000776
0.000849
0.000553
0.000294
0.000816
0.000645
0.000220
0.000315
0.000326
0.000492
0.000712
0.000182
-0.000083
-0.000377
-0.000198
0.000542
-0.000228
-0.000788
-0.000320
0.000292
0.000338
0.000282
0.000414
0.000476
0.000378
0.000597
0.001202
0.001089
0.000876
0.001100
0.000567
-0.000186
-0.000534
-0.000865
-0.000940
-0.000656
0.000002
0.000058
-0.000242
-0.000597
-0.000529
-0.000243
-0.000253
-0.000073
0.000410
0.000427
0.000204
0.000477
0.000812
0.000631
0.000170
0.000394
0.000805
0.000330
0.000078
0.000257
-0.000077
-0.000524
-0.000620
-0.000165
-0.000173
0.000485
0.000977
0.000521
0.000575
0.000596
-0.000018
-0.000124
-0.000095
-0.000188
0.000262
0.000278
-0.000048
0.000277
0.000152
-0.000058
0.000359
0.000371
-0.000309
-0.000777
-0.000397
-0.000182
-0.000374
-0.000319
-0.000071
0.000246
0.001184
0.000537
0.000187
0.000960
0.001158
0.000910
0.001145
0.000444
-0.000415
-0.000196
-0.000016
-0.000245
-0.000093
-0.000475
-0.001115
-0.000789
-0.000508
-0.001011
-0.001219
-0.000663
-0.000435
-0.001092
-0.001681
-0.000788
0.000264
0.000920
0.000873
0.000449
0.000116
-0.000312
-0.000694
-0.000412
0.000467
0.000256
0.000224
0.000481
-0.000207
-0.000183
0.000545
0.001023
-0.000022
-0.000432
0.000279
0.000109
-0.000143
-0.000012
-0.000325
0.000119
0.000842
0.001582
0.001581
0.001106
0.000491
0.000294
0.000933
0.000267
-0.000487
-0.000634
0.000164
0.000511
-0.000286
0.000634
0.001194
0.001088
0.001370
0.000419
-0.000768
-0.002138
-0.002625
-0.001179
0.003398
0.006561
0.006983
0.004606
-0.001468
-0.006015
-0.007411
-0.006528
-0.003448
0.000234
0.004008
0.005707
0.004987
0.003344
0.000891
-0.002128
-0.003930
-0.005053
-0.005553
-0.003594
0.000226
0.003199
0.004042
0.003925
0.002533
-0.001516
-0.004597
-0.005168
-0.003320
-0.000794
0.002470
0.006694
0.007538
0.004569
-0.000489
-0.004445
-0.007174
-0.006762
-0.003294
0.002094
0.006319
0.007354
0.006408
0.002832
-0.002308
-0.006280
-0.007511
-0.008114
-0.007005
-0.003401
0.001301
0.004250
0.004756
0.005383
0.005495
0.003945
0.001153
-0.001377
-0.001899
-0.000950
0.000888
0.002316
0.002101
0.000175
-0.001851
-0.003908
-0.007091
-0.009199
-0.007922
-0.004711
-0.001931
0.002257
0.007271
0.011294
0.014560
0.014737
0.010743
0.004392
-0.001866
-0.006890
-0.008931
-0.009983
-0.010960
-0.009847
-0.006339
-0.002028
0.001164
0.002189
0.002028
0.003313
0.006564
0.008972
0.011059
0.011766
0.009786
0.004690
-0.001403
-0.007901
-0.012535
-0.012704
-0.010293
-0.009200
-0.007435
-0.003851
0.001339
0.007431
0.011114
0.012382
0.012359
0.010479
0.006620
0.002041
-0.002053
-0.004596
-0.008040
-0.010209
-0.010107
-0.009895
-0.007560
-0.004107
-0.003205
-0.001990
0.002884
0.009336
0.013718
0.014383
0.013516
0.012055
0.009318
0.003995
-0.003423
-0.009930
-0.014279
-0.015971
-0.016165
-0.014925
-0.010689
-0.005128
-0.000360
0.002828
0.004329
0.008644
0.017905
0.027048
0.029434
0.023266
0.008562
-0.009738
-0.025465
-0.034745
-0.035791
-0.027298
-0.011602
0.004748
0.016769
0.020374
0.018657
0.013599
0.007971
0.004010
0.001953
0.001890
0.002937
0.003623
0.003862
0.004089
0.003092
-0.001140
-0.008350
-0.017377
-0.025914
-0.028671
-0.025758
-0.016699
-0.001539
0.015494
0.027522
0.030789
0.027134
0.021144
0.015503
0.012338
0.010649
0.005783
-0.002200
-0.010559
-0.015967
-0.018934
-0.022423
-0.025504
-0.025481
-0.021002
-0.011806
-0.000351
0.010906
0.019410
0.023480
0.024259
0.022937
0.018732
0.011820
0.004334
-0.000820
-0.003116
-0.005835
-0.009838
-0.013126
-0.014111
-0.013047
-0.010257
-0.004494
0.003789
0.010027
0.010655
0.004250
-0.005075
-0.011837
-0.013808
-0.011369
-0.004829
0.003386
0.010294
0.013276
0.013095
0.010447
0.005549
0.000718
-0.001730
-0.001508
0.003110
0.008573
0.009884
0.005436
-0.002909
-0.012345
-0.017806
-0.017933
-0.014235
-0.006062
0.002917
0.011263
0.015575
0.015425
0.011870
0.006420
0.002250
0.000115
-0.000779
-0.002377
-0.005208
-0.008187
-0.009395
-0.006542
-0.000096
0.007251
0.011466
0.010662
0.005156
-0.005183
-0.014874
-0.018234
-0.014180
-0.006407
0.000558
0.006333
0.009795
0.009989
0.007938
0.003951
0.000170
-0.001382
-0.000681
0.002056
0.005531
0.009208
0.012566
0.013408
0.012008
0.008846
0.001246
-0.010298
-0.022939
-0.030854
-0.029557
-0.020464
-0.005564
0.010238
0.023243
0.028820
0.026503
0.017612
0.006114
-0.005079
-0.012571
-0.015400
-0.015035
-0.011152
-0.005330
-0.000706
0.000401
-0.000986
-0.002883
-0.002283
0.000349
0.004567
0.008398
0.010006
0.010068
0.010096
0.010640
0.012422
0.013279
0.012055
0.008545
0.002194
-0.008298
-0.020894
-0.029102
-0.029663
-0.023776
-0.014818
-0.007036
-0.001912
0.001523
0.005292
0.008893
0.012472
0.015604
0.016709
0.015478
0.012337
0.010214
0.007972
0.004412
0.000417
-0.002762
-0.005975
-0.008737
-0.009006
-0.007171
-0.003359
0.000305
0.001655
0.001087
-0.002132
-0.007506
-0.011630
-0.012691
-0.010953
-0.006314
0.001629
0.008106
0.014081
0.005847
-0.000829
0.000307
0.000732
-0.000295
-0.004345
-0.003525
-0.001871
0.000360
0.002623
0.002878
0.001263
-0.001355
-0.003130
-0.002637
0.000857
0.005665
0.007567
0.006607
0.003176
-0.002848
-0.010033
-0.014380
-0.014150
-0.008673
-0.000009
0.006651
0.008280
0.006813
0.002378
-0.001740
-0.002636
-0.001377
0.000460
0.001177
-0.000100
-0.003399
-0.006410
-0.007430
-0.005052
-0.000198
0.005514
0.011114
0.014953
0.015637
0.013022
0.007952
0.001834
-0.004550
-0.007951
-0.007805
-0.006197
-0.004688
-0.004841
-0.006691
-0.009972
-0.012196
-0.011296
-0.007126
-0.000523
0.007621
0.015127
0.019199
0.019335
0.015430
0.009913
0.005528
0.002122
-0.000878
-0.003836
-0.007503
-0.011526
-0.014753
-0.016076
-0.015759
-0.013095
-0.009115
-0.005307
-0.001819
0.001679
0.005190
0.009254
0.013526
0.017732
0.022789
0.025869
0.025524
0.022109
0.014252
0.000991
-0.014310
-0.026243
-0.031405
-0.030374
-0.022593
-0.013083
-0.006227
-0.002663
-0.000526
0.000692
0.001269
0.003331
0.007838
0.012774
0.018090
0.021527
0.021683
0.018715
0.012242
0.002618
-0.007440
-0.015064
-0.020757
-0.024065
-0.024520
-0.020893
-0.014946
-0.007059
0.002384
0.011779
0.018166
0.021403
0.023291
0.023467
0.021411
0.016395
0.007764
-0.001765
-0.008339
-0.012757
-0.015725
-0.016725
-0.016399
-0.014816
-0.011790
-0.008185
-0.004164
-0.000859
0.001711
0.005105
0.008405
0.010409
0.010737
0.010202
0.009002
0.008128
0.007130
0.006622
0.007019
0.006329
0.003900
0.000141
-0.004394
-0.009618
-0.012739
-0.012842
-0.010077
-0.005656
-0.001957
0.000313
0.001447
0.000948
0.000243
0.000011
0.000072
0.001385
0.003709
0.006437
0.008790
0.009943
0.008604
0.004504
-0.001051
-0.005714
-0.009817
-0.012482
-0.012868
-0.010425
-0.004106
0.003758
0.010398
0.013801
0.012243
0.007435
0.000145
-0.006117
-0.008487
-0.006840
-0.002443
0.001622
0.003538
0.002797
0.000260
-0.002791
-0.004068
-0.003037
-0.000340
0.002665
0.004639
0.004904
0.004476
0.004385
0.005369
0.006431
0.006371
0.003644
-0.001394
-0.005938
-0.007986
-0.007543
-0.005777
-0.004199
-0.003458
-0.003763
-0.004712
-0.005031
-0.004697
-0.003336
-0.000605
0.003336
0.007546
0.011449
0.013853
0.013155
0.009338
0.003058
-0.002898
-0.007216
-0.009984
-0.010170
-0.006917
-0.001733
0.002301
0.004612
0.005200
0.003927
0.002083
0.000685
-0.000593
-0.001867
-0.002723
-0.002934
-0.002262
-0.000532
0.001510
0.003717
0.005665
0.006801
0.007553
0.007871
0.006929
0.002962
-0.003012
-0.009505
-0.013812
-0.014367
-0.011538
-0.005969
-0.000247
0.005866
0.010216
0.011442
0.010517
0.007334
0.002524
-0.001957
-0.005678
-0.007298
-0.007245
-0.005859
-0.003351
-0.000332
0.003106
0.004875
0.005783
0.005230
0.003401
0.001458
-0.000342
-0.002171
-0.002850
-0.003332
-0.003586
-0.002760
-0.001621
-0.000252
0.000216
-0.000565
-0.001531
-0.001275
-0.000720
0.000970
0.003358
0.004923
0.005151
0.003225
0.000681
-0.001822
-0.002958
-0.002124
0.000394
0.002517
0.002499
0.001378
-0.000953
-0.002605
-0.002848
-0.002426
-0.000837
0.001500
0.003219
0.002509
0.000472
-0.001752
-0.003901
-0.005168
-0.005385
-0.004297
-0.001470
0.001999
0.004998
0.007817
0.008937
0.008296
0.006465
0.004961
0.003346
0.000737
-0.002035
-0.004309
-0.006443
-0.007694
-0.007776
-0.007136
-0.004590
-0.000813
0.002752
0.006090
0.008415
0.008919
0.008111
0.006075
0.003179
-0.000417
-0.004105
-0.006948
-0.007818
-0.006893
-0.004784
-0.002091
0.000922
0.003505
0.004640
0.004100
0.002241
-0.000481
-0.003108
-0.004491
-0.004369
-0.003257
-0.001844
0.000327
0.002764
0.004602
0.005692
0.005390
0.004368
0.003166
0.002094
0.000306
-0.001707
-0.001906
-0.001932
-0.001326
-0.000450
-0.000408
-0.000198
0.000066
0.000678
0.000961
0.001006
0.001885
0.003434
0.003914
0.002940
0.001245
-0.001981
-0.005481
-0.007700
-0.007868
-0.005524
-0.002047
0.002089
0.005790
0.007471
0.007367
0.005805
0.003439
0.001184
-0.000124
-0.000360
0.000564
0.001523
0.002270
0.002492
0.001378
-0.000513
-0.003306
-0.006384
-0.009691
-0.011277
-0.011183
-0.010035
-0.007281
-0.004316
-0.000583
0.003913
0.007976
0.010924
0.012838
0.013575
0.012455
0.009597
0.006112
0.002891
-0.000063
-0.002403
-0.003999
-0.006580
-0.009469
-0.011141
-0.011339
-0.010417
-0.008588
-0.005494
-0.001317
0.002702
0.005761
0.008332
0.009177
0.008901
0.008812
0.008631
0.007217
0.005299
0.002252
-0.001074
-0.003484
-0.005825
-0.007332
-0.007718
-0.007735
-0.006446
-0.003805
-0.001358
0.000532
0.002567
0.004838
0.006787
0.007836
0.008314
0.007576
0.004968
0.001645
-0.002074
-0.006016
-0.008419
-0.009294
-0.008209
-0.006203
-0.003260
0.000123
0.003025
0.004869
0.006060
0.006653
0.006418
0.006139
0.004566
0.002782
0.000248
-0.003510
-0.006397
-0.008909
-0.009844
-0.008050
-0.003902
0.001015
0.005521
0.008612
0.010152
0.009569
0.006848
0.003737
0.001146
-0.000652
-0.001706
-0.003085
-0.004026
-0.005279
-0.005889
-0.006665
-0.007090
-0.005817
-0.003490
-0.000423
0.003567
0.006699
0.008769
0.008978
0.007383
0.004456
0.000764
-0.002968
-0.004848
-0.004609
-0.003326
-0.001394
0.000228
0.001447
0.002620
0.003524
0.003341
0.002216
0.001256
0.000528
0.000050
-0.000408
-0.000442
-0.000467
-0.000535
-0.001322
-0.003618
-0.005867
-0.006634
-0.006264
-0.004828
-0.001606
0.002862
0.007287
0.010252
0.010352
0.008460
0.005203
0.001430
-0.001738
-0.003227
-0.003182
-0.002823
-0.001866
-0.000482
0.000045
-0.000575
-0.001760
-0.002095
-0.002373
-0.002221
-0.002094
-0.001543
0.000152
0.001969
0.003118
0.004054
0.004268
0.004491
0.004412
0.003480
0.003288
0.003475
0.003257
0.002510
0.000704
-0.001685
-0.003587
-0.005559
-0.006393
-0.006563
-0.005441
-0.003097
-0.000408
0.001653
0.002661
0.003021
0.002908
0.002943
0.002389
0.001107
-0.000136
-0.000876
-0.001110
-0.000505
0.000107
0.000182
0.001115
0.002779
0.003134
0.002903
0.002401
0.000775
-0.000439
-0.001458
-0.002758
-0.003725
-0.004345
-0.003960
-0.002652
-0.001417
-0.000467
0.000844
0.002422
0.003640
0.003776
0.002919
0.002126
0.001025
-0.000196
-0.001067
-0.000603
0.000696
0.001074
0.001238
0.001234
0.000910
0.000784
0.000846
0.001033
0.001710
0.002059
0.002153
0.001506
-0.000180
-0.001757
-0.003295
-0.004411
-0.004834
-0.005122
-0.004804
-0.002654
-0.000627
0.001833
0.004536
0.006399
0.007632
0.007663
0.006180
0.004082
0.001110
-0.002109
-0.004948
-0.006139
-0.005351
-0.003844
-0.002003
-0.000351
0.000624
0.000815
0.001016
0.001253
0.000994
0.000402
0.000249
0.000083
-0.000176
-0.000505
-0.000166
0.000622
0.000607
0.000225
-0.000030
0.000594
0.001590
0.002558
0.003469
0.003891
0.003666
0.002423
0.000668
-0.001762
-0.004605
-0.006709
-0.007686
-0.007587
-0.005937
-0.002897
0.000900
0.004231
0.006487
0.007555
0.007096
0.005416
0.002676
0.000291
-0.001145
-0.001677
-0.001828
-0.001682
-0.002270
-0.002449
-0.001667
-0.001056
0.000251
0.001110
0.002304
0.003250
0.002900
0.002449
0.001950
0.000909
-0.000406
-0.000654
-0.000635
-0.000597
-0.000415
-0.001515
-0.001480
-0.001176
-0.001549
-0.002013
-0.002229
-0.000918
-0.000079
0.001910
0.003182
0.004052
0.004413
0.004000
0.003429
0.002691
0.001307
0.000244
-0.001258
-0.002246
-0.002900
-0.003481
-0.003449
-0.003000
-0.002421
-0.001731
-0.000673
0.000064
0.000613
0.001656
0.002688
0.004000
0.004145
0.004549
0.004351
0.003947
0.002791
0.000475
-0.001698
-0.003410
-0.004784
-0.005925
-0.005900
-0.004993
-0.003059
-0.000707
0.001142
0.003132
0.004411
0.004627
0.005956
0.006506
0.005807
0.004334
0.002337
0.000003
-0.001508
-0.003175
-0.004882
-0.005429
-0.005336
-0.004670
-0.003117
-0.001442
0.000621
0.001876
0.002081
0.001911
0.001672
0.000944
0.000222
0.000258
0.001412
0.002392
0.002660
0.002615
0.001968
0.001593
0.001025
0.000122
-0.000823
-0.001746
-0.002425
-0.002695
-0.002691
-0.002476
-0.001209
0.000432
0.001648
0.002597
0.002762
0.002318
0.002232
0.002011
0.001181
-0.000115
-0.001410
-0.002677
-0.002826
-0.002173
-0.001398
-0.000626
-0.000017
0.000528
0.001191
0.002220
0.003268
0.004351
0.004171
0.003109
0.002907
0.002462
0.001244
0.000773
0.000203
-0.001127
-0.002021
-0.002578
-0.002764
-0.002694
-0.002499
-0.001366
0.000540
0.001767
0.003390
0.004838
0.004658
0.003643
0.002320
0.000575
-0.000285
-0.000609
-0.001500
-0.001768
-0.002291
-0.001748
-0.001352
-0.001342
-0.000631
-0.000095
0.000850
0.002126
0.003072
0.003293
0.003402
0.002629
0.001310
0.000436
-0.001047
-0.003457
-0.005144
-0.005489
-0.005109
-0.004024
-0.002744
-0.001300
0.000298
0.001769
0.002126
0.002524
0.002598
0.002319
0.002038
0.001634
0.001274
0.001281
0.001502
0.001066
0.000896
0.000774
-0.000205
-0.001105
-0.001458
-0.001046
-0.000071
0.000025
0.000019
-0.000085
-0.000594
-0.000055
0.000487
0.000300
0.000910
0.002760
0.003529
0.003175
0.002839
0.002679
0.002240
0.001191
0.000257
-0.000864
-0.001805
-0.002146
-0.002346
-0.002349
-0.001785
-0.001059
-0.000225
0.000829
0.001574
0.002125
0.002889
0.002915
0.002217
0.001946
0.001434
0.000690
0.000033
-0.000111
-0.000552
-0.001182
-0.000968
-0.000938
-0.001043
-0.000600
0.000296
0.000822
0.000688
0.000627
0.001200
0.001669
0.002087
0.002190
0.001548
0.001042
0.001064
-0.000162
-0.000808
-0.000483
-0.000513
-0.001518
-0.002780
-0.003014
-0.002509
-0.001646
-0.001137
-0.000105
0.001874
0.003208
0.004399
0.004269
0.003559
0.002776
0.001580
0.000543
-0.000607
-0.002360
-0.003321
-0.003623
-0.003461
-0.002816
-0.002178
-0.000931
0.000745
0.002190
0.002593
0.002869
0.003863
0.003741
0.002917
0.001633
-0.000048
-0.000807
-0.001428
-0.001474
-0.001365
-0.001370
-0.000736
0.000072
0.000451
0.000490
0.000218
0.000161
0.000336
0.000686
0.000502
0.000624
0.000529
0.000492
0.000563
0.000583
0.001142
0.000669
0.000447
-0.000090
-0.000574
-0.001095
-0.000406
0.000478
0.001465
0.002321
0.002013
0.001586
0.001702
0.001258
0.000029
-0.000895
-0.000720
-0.000718
-0.000720
0.000272
0.001220
0.002410
0.003059
0.002849
0.002249
0.001536
0.000057
-0.001886
-0.003349
-0.004772
-0.005435
-0.004869
-0.003690
-0.002612
-0.000788
0.001852
0.004191
0.005083
0.006434
0.006789
0.005809
0.004156
0.002828
0.001254
-0.001334
-0.003079
-0.003580
-0.004339
-0.004526
-0.004389
-0.003331
-0.002542
-0.001523
0.000092
0.000911
0.001385
0.002288
0.002564
0.002337
0.002708
0.002189
0.001737
0.001485
0.000900
0.000029
-0.000826
-0.001061
-0.000851
-0.000997
-0.001535
-0.000811
0.000121
0.000385
0.000796
0.001167
0.001252
0.001154
0.001309
0.001604
0.001211
0.000367
-0.000385
-0.000573
-0.001006
-0.001644
-0.001816
-0.001409
-0.000770
-0.000156
-0.000003
0.000920
0.002023
0.002332
0.002320
0.001927
0.002070
0.002198
0.001383
0.000741
-0.000217
-0.001108
-0.000711
-0.001091
-0.001458
-0.001016
-0.000455
-0.000584
-0.000673
0.000247
0.001071
0.000982
0.001080
0.001071
0.001189
0.001108
0.000706
0.000966
0.000717
0.000390
0.000299
0.000430
0.000867
0.001093
0.001190
0.001065
0.000207
-0.000017
-0.000052
-0.000428
-0.001227
-0.002024
-0.002376
-0.002196
-0.001635
-0.000631
-0.000029
0.000881
0.002093
0.002570
0.003679
0.004111
0.003202
0.002819
0.002596
0.000907
-0.000835
-0.002493
-0.003958
-0.004062
-0.004069
-0.003606
-0.002659
-0.001286
0.000822
0.002780
0.004221
0.004881
0.004770
0.004697
0.004698
0.003184
0.001590
0.000644
-0.000938
-0.002392
-0.003870
-0.004689
-0.004206
-0.002969
-0.002053
-0.000698
0.001614
0.002131
0.002842
0.003429
0.003101
0.003022
0.002112
0.001262
0.000282
-0.000362
-0.001326
-0.001754
-0.001669
-0.002061
-0.002005
-0.001861
-0.001101
-0.000504
-0.000412
-0.000044
0.000160
0.000264
0.000319
0.000276
0.000070
0.000089
0.000658
0.001062
0.001455
0.001212
0.000900
0.000461
0.000088
0.000043
-0.000115
-0.000211
-0.000894
-0.000647
0.000310
0.000684
0.000948
0.001242
0.001211
0.001058
0.001097
0.001352
0.001485
0.001272
0.001061
0.000556
0.000184
-0.000363
-0.000737
-0.000702
-0.000514
-0.000341
-0.000521
-0.000593
-0.000361
-0.000334
-0.000065
0.000727
0.001164
0.001538
0.002781
0.003318
0.002673
0.002230
0.002101
0.001682
0.001256
0.000391
0.000087
-0.000441
-0.000774
-0.000911
-0.001190
-0.000622
0.000084
-0.000064
-0.000736
-0.000430
-0.000112
-0.001091
-0.001234
-0.000563
-0.000335
-0.000483
-0.000799
-0.000226
0.000427
0.000269
0.000074
0.000413
0.000800
0.000893
0.000999
0.001082
0.001421
0.002025
0.001073
0.000550
0.000954
0.001078
0.000257
-0.000778
-0.001228
-0.001032
-0.000770
-0.001079
-0.000883
-0.001027
-0.001154
-0.000720
-0.000122
0.000374
0.000651
0.000882
0.001401
0.001580
0.001656
0.001918
0.001634
0.000886
0.000422
0.000066
-0.000327
-0.000024
-0.000610
-0.001173
-0.001144
-0.001463
-0.000935
0.000015
0.000241
0.000537
0.000942
0.001360
0.001858
0.001996
0.001177
0.000311
-0.000019
-0.000382
-0.000861
-0.001260
-0.001179
-0.000569
-0.000003
-0.000130
0.000366
0.001700
0.002371
0.001748
0.001317
0.000998
0.000444
0.000384
-0.000015
-0.000106
0.000039
-0.000179
0.000114
-0.000054
-0.000482
-0.000273
-0.000103
-0.000111
0.000309
0.000222
0.000078
0.000264
0.000110
-0.000177
0.000099
-0.000144
-0.000006
0.000529
0.000305
0.000074
0.000362
0.000158
-0.000205
-0.000161
-0.000626
-0.000972
-0.000756
-0.000291
0.000472
0.000556
0.000133
0.000079
0.000413
0.000641
0.000233
-0.000225
-0.000453
-0.001046
-0.000875
-0.001023
-0.000844
0.000058
0.000407
0.000707
0.001181
0.001065
0.001183
0.001326
0.000826
0.000173
0.000766
0.000692
-0.000008
-0.000463
-0.000288
-0.000449
-0.000921
-0.000483
-0.000264
0.000054
0.000731
0.001134
0.000820
0.000161
0.000151
-0.000480
-0.001304
-0.001449
-0.001213
-0.001131
-0.000947
-0.000375
0.000210
0.001127
0.001759
0.002134
0.002250
0.002612
0.002625
0.001877
0.001097
0.000316
-0.000572
-0.001112
-0.000873
-0.001050
-0.001190
-0.000982
-0.000763
-0.000110
0.000336
0.000664
0.001207
0.001582
0.002021
0.002669
0.002733
0.002090
0.001556
0.000686
-0.000480
-0.001116
-0.001293
-0.001330
-0.001481
-0.001213
-0.001263
-0.000934
-0.000652
-0.000334
0.000513
0.000149
0.000129
0.001123
0.000681
0.000622
0.001345
0.001258
0.000712
0.000459
0.000703
0.000817
0.000998
0.000825
0.000142
-0.001048
-0.001198
-0.001232
-0.001379
-0.001077
-0.001152
-0.000959
-0.000124
0.001230
0.002415
0.002493
0.002585
0.002367
0.001291
0.000590
-0.000057
-0.000501
-0.001051
-0.001603
-0.001727
-0.001107
-0.000497
0.000385
0.000918
0.000474
0.000700
0.001151
0.001107
0.000709
0.000804
0.001514
0.001381
0.000728
-0.000130
-0.000565
-0.000005
0.000378
-0.000065
-0.000482
-0.000302
-0.000554
-0.000804
-0.000886
-0.000973
-0.000627
-0.000036
0.000452
0.000063
0.000626
0.001055
0.001533
0.001432
0.000728
0.000809
0.000848
0.000374
0.000101
-0.000133
-0.000239
0.000136
0.000308
0.000278
-0.000120
-0.000116
-0.000085
-0.000105
0.000028
-0.000431
-0.000522
-0.000190
0.000264
0.000336
0.000097
0.000310
0.000798
0.001537
0.001391
0.000758
0.000623
0.001087
0.001042
0.000318
0.000505
0.000896
0.000918
0.000282
0.000297
-0.000058
-0.000614
-0.000886
-0.000126
0.000259
-0.000077
0.000087
0.000674
0.001043
0.000964
0.001271
0.001664
0.001430
0.001002
0.001017
0.000856
0.000317
0.000144
0.000313
-0.000078
-0.000410
0.000042
0.000085
-0.000378
-0.000268
0.000157
0.000368
0.000634
0.000799
0.000909
0.000348
0.000290
0.000639
0.000262
-0.000513
-0.000431
-0.000462
-0.000440
-0.000115
-0.000072
-0.000325
0.000066
0.000429
0.000085
0.000378
0.000385
-0.000042
0.000488
0.000480
0.000043
0.000678
0.001136
0.000545
0.000115
0.000071
0.000327
0.000331
0.000371
-0.000185
-0.000529
-0.000165
0.000229
0.000419
0.000750
0.000642
0.000368
0.000737
0.000976
0.000644
0.000322
0.000426
0.000926
0.000738
0.000669
0.000803
0.000320
0.000149
0.000571
0.000697
0.000137
-0.000256
0.000010
0.000468
-0.000077
-0.000796
-0.000506
-0.000204
-0.000030
0.000310
0.000602
0.001059
0.001166
0.000712
0.000676
0.000807
0.001013
0.000640
0.000222
0.000012
-0.000376
-0.000614
-0.000684
-0.000945
-0.000718
-0.000951
-0.001260
-0.000921
-0.000991
-0.000906
-0.000230
-0.000213
-0.000656
-0.000949
-0.000860
-0.000749
0.000385
0.000612
-0.000016
0.000245
0.001272
0.001572
0.001384
0.001449
0.001118
0.000123
-0.000487
0.000108
-0.000163
-0.000910
-0.000748
-0.000789
-0.000785
-0.000680
-0.000491
0.000627
0.001676
0.001599
0.001645
0.001839
0.001610
0.001402
0.001704
0.002044
0.001454
0.000312
-0.000003
0.000528
0.000346
-0.000316
0.000061
0.000547
0.000399
0.000901
0.001718
0.001406
0.001195
0.001049
0.000202
-0.000521
-0.000487
-0.000369
-0.000409
-0.000724
-0.000201
0.000066
-0.000697
-0.000546
-0.000190
-0.000341
-0.000489
-0.000331
-0.000707
-0.001069
-0.000643
-0.000360
0.000201
0.000699
0.001640
0.001914
0.001972
0.001829
0.001732
0.002017
0.001450
0.000354
-0.000141
-0.000701
-0.000768
-0.000711
-0.000691
-0.000560
-0.000431
-0.000375
-0.000496
-0.000525
-0.000132
0.000156
0.000182
0.000510
0.001053
0.000997
-0.000160
-0.000371
-0.000405
-0.000799
-0.001028
-0.000452
0.001064
0.002431
0.002551
0.001919
0.001910
0.001778
0.000952
0.000231
-0.000323
-0.000607
-0.001161
-0.001515
-0.001186
-0.000767
-0.000460
-0.000028
0.000622
0.000756
0.000574
0.000760
0.001182
0.000948
0.000337
0.000608
0.001187
0.000617
-0.000091
-0.000202
0.000051
-0.000061
-0.000322
0.000151
0.000327
-0.000024
-0.000553
-0.000198
0.000048
-0.000096
-0.000012
0.000344
0.000151
-0.000257
0.000254
0.000439
0.000284
0.000194
0.000148
0.000229
0.000268
0.000661
0.001019
0.001415
0.001085
0.000948
0.000795
0.001225
0.001627
0.001435
0.000902
0.000507
0.000319
0.000253
-0.000066
-0.000499
-0.000498
-0.000667
-0.001002
-0.000974
-0.000788
-0.000768
-0.001077
-0.001092
-0.000775
-0.000444
-0.000069
0.000345
0.000651
0.001258
0.001479
0.001216
0.001413
0.001990
0.001823
0.002014
0.001651
0.001357
0.000923
-0.000137
-0.000453
-0.000440
-0.000841
-0.001508
-0.001047
-0.000105
0.000070
0.000125
0.000004
0.000106
-0.000141
-0.000566
-0.000599
-0.000495
-0.000582
-0.000630
-0.000212
0.000493
0.000944
0.000844
0.000733
0.000635
0.000528
0.000211
-0.000061
-0.000278
-0.000352
0.000019
0.000011
-0.000249
0.000056
-0.000033
-0.000140
-0.000350
-0.000607
-0.000529
-0.000511
-0.000363
0.000436
0.000756
0.000305
0.000749
0.000776
0.000723
0.000527
0.000449
0.000534
0.000899
0.000316
0.000004
0.000637
0.000257
-0.000249
0.000036
0.000051
-0.000235
-0.000051
0.000047
-0.000727
-0.000883
-0.000980
-0.001267
-0.001282
-0.000550
0.000057
-0.000211
0.000107
0.001104
0.001423
0.001567
0.002642
0.001927
0.000609
-0.000114
-0.000686
-0.000663
-0.001077
-0.000980
-0.000525
-0.000583
-0.000181
0.000081
-0.000064
0.000170
0.000301
-0.000080
-0.000125
-0.000198
-0.000089
-0.000023
-0.000302
-0.000311
-0.000416
-0.000181
0.000209
0.000178
0.000254
-0.000138
-0.000481
-0.000092
0.000077
-0.000051
0.000107
0.000096
0.000360
0.001039
0.000962
0.000949
0.001083
0.001108
0.001475
0.001632
0.001505
0.000890
0.000446
0.000113
-0.000332
-0.000949
-0.000984
-0.001430
-0.001570
-0.001294
-0.001386
-0.000680
-0.000384
-0.000099
0.000293
-0.000146
-0.000107
0.000228
0.000730
0.000954
0.000768
0.000616
0.000459
0.000165
-0.000443
0.000038
0.000659
0.000429
0.000283
0.000546
0.000991
0.000911
0.001008
0.001036
0.000771
0.000341
-0.000499
-0.000898
-0.000751
-0.000420
-0.000870
-0.001312
-0.001009
-0.000558
0.000315
0.000113
-0.000063
0.000141
0.000358
0.001264
0.001762
0.001644
0.000892
0.001518
0.001521
0.001094
0.001432
0.001563
0.001087
0.000853
0.000774
0.000243
-0.000219
-0.000262
-0.000114
-0.000250
-0.000439
-0.000390
-0.000000
0.000533
0.000673
0.000429
0.000760
0.000678
0.000694
0.000415
0.000037
0.000301
-0.000210
-0.000528
0.000029
-0.000015
-0.000015
0.000271
0.000078
0.000341
0.000722
0.000428
0.001003
0.001548
0.001045
0.000135
-0.000055
-0.000075
-0.000216
0.000137
0.000333
0.000176
-0.000185
-0.000344
-0.000749
-0.000468
0.000227
0.000348
0.000492
0.001201
0.001262
0.001432
0.001479
0.000798
0.000695
0.000680
0.000487
-0.000431
-0.001591
-0.001282
-0.000515
-0.000824
-0.000594
-0.000167
-0.000515
-0.000631
-0.000879
-0.000952
-0.000319
-0.000016
0.000543
0.001108
0.001203
0.001011
0.001226
0.001645
0.001794
0.001985
0.001571
0.000708
0.000549
0.000651
0.000272
0.000021
-0.000072
-0.000077
0.000105
0.000251
0.000339
0.000324
0.000507
0.000285
0.000105
0.000237
0.000382
0.000330
-0.000276
-0.000240
0.000235
-0.000208
-0.000397
-0.000731
-0.000008
0.000140
0.000112
0.000114
0.000223
0.000937
0.001001
0.001125
0.001198
0.000806
0.000244
0.000516
0.000592
0.000082
-0.000340
-0.000507
-0.000377
-0.000864
-0.000985
-0.000632
-0.000549
-0.000519
0.000185
0.000522
0.000003
-0.000040
0.000130
-0.000022
-0.000085
0.000369
0.000540
0.000381
-0.000019
-0.000072
0.000334
0.000742
0.000147
0.000236
0.000451
0.000371
0.000049
0.000084
0.000351
0.000234
0.000440
0.001024
0.000467
-0.000007
0.000622
-0.000028
-0.000522
-0.000587
-0.000701
-0.000493
-0.000722
-0.000984
-0.000689
-0.000937
-0.001306
-0.000812
0.000075
0.000820
0.000981
0.001149
0.001222
0.001482
0.001836
0.001297
0.000903
0.001011
0.000994
0.000886
0.001183
0.000608
0.000078
0.000257
0.000156
0.000048
0.000138
-0.000542
-0.000633
0.000135
0.000377
-0.000075
-0.000648
-0.000470
-0.000118
-0.000198
-0.000229
0.000172
-0.000381
0.000021
0.000772
0.000910
0.000997
0.001361
0.001365
0.000776
0.000617
0.000141
-0.000188
-0.000578
-0.001099
-0.000863
-0.000859
-0.001380
-0.001304
-0.000446
0.000011
-0.000256
0.000085
0.000087
-0.000023
-0.000016
0.000016
0.000770
0.001138
0.000841
0.000725
0.001096
0.001160
0.001130
0.001017
0.000293
0.000071
0.000424
0.000146
-0.000168
0.000126
-0.000117
-0.000528
-0.000941
-0.000797
-0.000385
-0.000091
-0.000003
-0.000211
0.000012
-0.000005
0.000051
0.000451
0.000493
0.000240
-0.000207
0.000049
-0.000009
-0.000151
0.000343
0.000194
0.000074
0.000189
-0.000104
0.000551
0.000678
0.000776
0.000830
0.000473
0.000698
0.000784
0.000237
-0.000116
0.000201
0.000495
0.000374
0.000257
0.000094
0.000184
0.000231
-0.000581
-0.000739
-0.000250
-0.000510
-0.000956
-0.000779
0.000004
0.000641
0.000347
0.000080
0.000965
0.001066
0.000744
0.001169
0.001092
0.000607
0.000430
0.000154
-0.000352
-0.000429
-0.000012
0.000036
0.000162
-0.000156
-0.000740
-0.000461
-0.000490
-0.000364
0.000271
0.000385
0.000548
0.001075
0.001086
0.000513
0.000007
0.000225
0.000114
0.000066
0.000452
0.000680
0.001204
0.000876
0.000146
-0.000220
-0.000235
-0.000032
0.000367
0.000510
0.000344
0.000580
0.001018
0.000982
0.000315
0.000210
0.000578
0.000371
0.000309
0.000267
0.000474
0.000379
0.000375
0.000930
0.000349
0.000125
0.000128
-0.000002
0.000386
0.000688
0.000553
0.000765
0.001059
0.000639
0.000005
-0.000426
-0.000836
-0.000588
-0.000407
-0.000170
0.000189
0.000661
0.000726
0.000495
0.000793
0.001037
0.000595
0.000481
0.000594
0.000398
0.000318
0.000118
0.000139
0.000337
-0.000119
-0.000123
0.000942
0.000935
0.000605
0.001121
0.001126
0.000868
0.001084
0.000851
0.000463
0.000763
0.000840
0.000513
0.000106
0.000388
0.000400
-0.000039
0.000060
0.000712
0.000286
-0.000298
0.000572
0.000799
0.000856
0.000573
0.000407
0.000385
0.000304
0.000869
0.001035
0.000490
0.000341
0.000736
0.000943
0.000800
0.000355
0.000443
0.000553
0.000787
0.000937
0.000952
0.001583
0.001574
0.001424
0.000741
0.000497
0.000441
0.000188
0.000401
0.000224
-0.000308
-0.001036
-0.000292
-0.000107
-0.000209
-0.000156
-0.000284
-0.000350
0.000342
0.000838
0.000864
0.001257
0.001494
0.001770
0.001631
0.001753
0.001313
0.000625
0.000386
0.000177
-0.000059
0.000052
-0.000025
-0.000273
-0.000917
-0.000991
-0.000256
-0.000365
-0.000160
0.000646
0.000985
0.001068
0.000926
0.001133
0.000691
0.000338
0.000431
0.000601
0.000882
0.000412
-0.000018
-0.000407
-0.000617
-0.000395
-0.000548
-0.000649
-0.000327
-0.000295
-0.000490
-0.000553
-0.000356
-0.000408
-0.000389
0.000484
0.001162
0.001349
0.001012
0.000747
0.000968
0.001630
0.001360
0.001352
0.001325
0.000764
0.000550
0.000573
0.000418
0.000300
0.000478
0.001156
0.001841
0.001473
0.001087
0.001201
0.001012
0.001027
0.000963
0.000089
-0.000513
-0.000611
-0.000723
-0.000867
-0.000889
-0.000901
-0.001118
-0.000634
0.000157
0.000166
0.000484
0.001124
0.001431
0.000898
0.000950
0.001155
0.000404
0.000113
-0.000031
-0.000292
-0.000224
-0.000156
-0.000458
-0.000664
-0.000455
-0.000353
-0.000262
-0.000335
-0.000083
0.000284
0.000852
0.001131
0.000874
0.000782
0.000858
0.000835
0.000609
0.001289
0.001326
0.000783
0.000089
-0.000431
-0.000285
-0.000566
0.000283
0.000427
-0.000464
0.000088
0.001014
0.001026
0.000951
0.001159
0.001229
0.000881
0.000432
0.000312
0.000829
0.000218
-0.000117
0.000190
-0.000273
-0.000045
0.000020
-0.000144
-0.000245
-0.000559
-0.000394
0.000082
0.000426
0.000165
0.000180
0.000989
0.000672
0.000353
0.000732
0.000495
0.000691
0.000899
0.000484
0.000368
-0.000061
-0.000582
-0.000635
0.000144
0.000004
-0.000348
-0.000191
-0.000363
-0.000580
-0.000231
-0.000173
0.000111
0.000554
0.000664
0.001225
0.001046
0.000796
0.000471
0.000191
0.000827
0.001330
0.000797
0.000738
0.000580
0.000905
0.000920
0.000031
0.000217
0.000361
0.000129
-0.000270
-0.000144
-0.000103
-0.000011
0.000313
0.000512
0.000725
0.000747
0.001286
0.001518
0.001072
0.000882
0.001148
0.000831
0.000163
0.000085
0.000217
0.000329
0.000191
0.000146
0.000111
0.000010
-0.000088
-0.000146
-0.000060
0.000280
0.000423
0.000097
-0.000298
-0.000142
0.000016
-0.000037
-0.000115
-0.000175
0.000086
-0.000052
-0.000014
0.000389
0.000710
0.000833
0.000885
0.001241
0.001003
0.000104
-0.000302
-0.000081
-0.000279
-0.000574
-0.000614
-0.000514
-0.000861
-0.000415
0.000254
0.000304
0.000128
0.000547
0.000842
0.000923
0.000675
0.000681
0.000097
-0.000334
-0.000362
-0.000648
-0.000237
0.000339
-0.000020
0.000250
0.000834
0.000470
0.000661
0.000853
0.000793
0.000713
0.000901
0.001162
0.001195
0.000759
-0.000068
-0.000338
-0.000374
-0.000739
-0.001076
-0.000960
-0.000274
-0.000262
-0.000661
-0.000812
-0.000638
0.000052
0.000758
0.000737
0.000972
0.001127
0.000994
0.000788
0.001152
0.000926
0.000604
0.001233
0.001319
0.001550
0.001824
0.001035
0.000544
0.000369
0.000222
-0.000199
-0.000470
-0.000356
-0.000670
-0.000787
-0.000537
0.000041
0.000236
0.000883
0.001797
0.001627
0.001111
0.001433
0.001281
0.000361
0.000157
-0.000071
-0.000401
-0.000434
-0.000535
-0.000772
-0.000795
-0.000524
-0.000587
-0.000810
-0.000677
-0.000507
0.000500
0.001416
0.001190
0.001408
0.001623
0.001716
0.001352
0.001039
0.000664
0.000966
-0.000031
-0.000969
-0.000893
-0.000913
-0.001139
-0.001202
-0.001423
-0.001164
0.000055
0.000392
0.000062
0.000339
0.000695
0.001262
0.001674
0.002224
0.002992
0.002572
0.002131
0.001782
0.000842
-0.000067
-0.000667
-0.000665
-0.000670
-0.000423
-0.001143
-0.001403
-0.000739
-0.000081
-0.000429
-0.000508
-0.000447
0.000405
0.000993
0.001369
0.001331
0.000907
0.000462
0.000368
0.000154
0.000255
0.000626
0.000307
-0.000136
-0.000317
-0.000872
-0.001020
-0.000526
-0.000270
-0.000590
-0.000298
0.000641
0.001244
0.001863
0.002273
0.001867
0.001575
0.001235
0.000992
0.001052
0.000860
0.000373
0.000361
0.000576
0.000111
-0.000440
0.000069
0.000269
-0.000462
-0.000625
-0.000317
0.000039
0.000704
0.001059
0.001467
0.001659
0.001562
0.001354
0.001047
0.000788
0.000764
0.000974
0.000782
0.000246
-0.000116
-0.000087
-0.000153
0.000266
0.000091
-0.000175
0.000201
-0.000229
-0.000211
0.000766
0.000882
0.000279
-0.000348
-0.000224
0.000313
-0.000259
-0.000658
-0.000488
0.000233
0.000383
0.000013
0.000068
-0.000072
-0.000006
0.000140
-0.000204
-0.000380
0.000010
-0.000002
-0.000446
-0.000110
-0.000091
-0.000639
-0.000362
0.000228
0.000540
0.000521
0.000330
0.000923
0.001312
0.000267
-0.000213
0.000384
0.000731
0.000682
0.000707
0.000414
0.000658
0.001093
0.001049
0.001098
0.000654
-0.000009
-0.000084
0.000312
0.000477
0.000203
-0.000049
-0.000002
-0.000066
0.000012
-0.000017
0.000045
0.000394
0.000822
0.000677
0.000269
0.000237
0.000170
0.000385
0.000470
0.001374
0.001128
0.000909
0.000897
0.000108
-0.000058
-0.000528
-0.000684
-0.000671
-0.000512
-0.000392
-0.000688
-0.000564
0.000010
0.000477
0.000352
0.000486
0.000988
0.000918
0.001151
0.001156
0.000611
0.000314
0.000108
-0.000116
-0.000083
-0.000340
-0.000115
-0.000074
-0.000321
-0.000222
0.000009
-0.000195
0.000169
0.000575
0.000886
0.002041
0.002308
0.001250
0.001192
0.001276
0.001130
0.001133
0.000939
0.000594
0.000212
-0.000403
-0.000848
-0.000451
0.000118
-0.000093
-0.000285
-0.000072
-0.000281
-0.000279
-0.000333
0.000033
0.000196
0.000399
0.000719
-0.000233
-0.000399
0.000735
0.000960
0.000465
0.000763
0.000693
0.000321
0.000355
0.000934
0.001199
0.000655
0.000362
0.000495
0.000212
0.000228
0.000841
-0.000039
-0.000348
0.000024
0.000184
0.000311
0.000446
0.000412
-0.000087
-0.000598
-0.000756
-0.001090
-0.000586
-0.000152
-0.000296
-0.000208
0.000285
0.000550
0.000215
0.000411
0.000656
0.000337
0.000082
0.000560
0.000599
0.000772
0.000743
0.000185
-0.000148
0.000007
0.000099
0.000399
0.000212
-0.000050
0.000386
0.000741
0.000359
0.000682
0.000957
0.000961
0.001107
0.000908
0.000922
0.000706
0.000621
0.000463
0.001026
0.001650
0.001245
0.001202
0.000638
0.000131
0.000482
0.000516
0.000169
0.000543
0.001018
0.000966
0.000851
0.000512
0.000120
0.000423
0.000626
0.000364
0.000124
0.000521
0.000286
-0.000321
0.000045
0.000133
-0.000410
-0.000267
0.000134
0.000253
0.000279
0.000434
0.000011
-0.000065
-0.000022
-0.000060
0.000418
0.000309
-0.000285
-0.000136
-0.000209
0.000305
0.000993
0.001014
0.000883
0.000725
0.000573
0.000714
0.000403
-0.000199
-0.000084
-0.000320
-0.000483
-0.000389
0.000030
-0.000101
-0.000659
-0.000313
-0.000274
-0.000640
0.000012
0.000415
0.000202
0.000462
-0.000060
-0.000052
0.000512
0.000170
0.000528
0.000535
0.000273
0.000458
0.000456
0.000585
0.000545
0.000852
0.001754
0.001636
0.000951
0.000784
0.000612
0.000453
0.000257
0.000355
0.000111
0.000256
0.000446
0.000459
0.000060
0.000068
0.000361
0.000551
0.000784
0.000634
0.000486
0.000352
0.000131
0.000019
0.000038
0.000259
0.000747
0.000348
0.000441
0.001131
0.000594
0.000251
0.000729
0.000539
0.000703
0.001101
0.000866
0.000340
-0.000189
-0.000116
-0.000288
-0.000292
0.000101
0.000507
0.001066
0.000835
0.000704
0.001079
0.001122
0.000880
0.001166
0.001349
0.000769
0.000271
0.000309
0.000171
0.000386
0.000990
0.000734
0.000042
0.000032
0.000111
0.000008
0.000132
0.000263
0.000574
0.000610
0.000565
0.000426
0.000259
-0.000359
-0.000715
-0.000861
-0.001015
-0.000599
-0.000548
-0.000217
0.000498
0.000578
0.000445
0.000623
0.000869
0.000814
0.000809
0.001120
0.001185
0.000770
-0.000096
-0.000326
-0.000405
-0.000478
0.000108
0.000081
0.000009
0.000068
-0.000441
-0.000798
-0.000280
0.000149
-0.000001
-0.000303
-0.000205
0.000614
0.000932
0.000963
0.001690
0.001719
0.001435
0.001614
0.001414
0.000861
0.000536
0.000263
-0.000058
-0.000253
-0.000675
-0.000793
-0.000294
-0.000521
-0.000715
-0.000486
-0.000232
-0.000303
-0.000317
0.000098
0.000659
0.001118
0.001340
0.001579
0.001635
0.001038
0.000756
0.000895
0.000364
-0.000115
0.000018
0.000023
-0.000387
-0.000377
0.000145
0.000751
0.000861
0.000209
-0.000015
0.000490
0.000704
0.000437
0.000316
0.000396
0.000437
0.000687
0.000746
0.000199
0.000135
0.000168
0.000555
0.000582
0.000172
0.000621
0.000576
-0.000098
-0.000312
-0.000406
0.000163
0.000045
-0.000076
0.000142
0.000178
0.000435
0.000542
0.000198
0.000250
0.000322
0.000049
-0.000267
0.000682
0.001167
0.001060
0.001031
0.000628
0.000540
0.000852
0.001242
0.001599
0.000995
0.000359
0.000200
0.000208
0.000246
0.000139
0.000216
-0.000409
-0.001202
-0.000901
-0.000247
-0.000459
-0.000197
-0.000505
-0.000439
0.000146
0.000221
0.000639
0.000929
0.000611
0.000817
0.000874
0.000284
0.000351
0.000688
0.000178
0.000066
0.000192
-0.000160
0.000050
0.000309
0.000138
0.000580
0.001041
0.000654
0.000191
0.000049
0.000220
0.000385
0.000736
0.000505
0.000309
0.000696
0.000765
0.000768
0.001071
0.001074
0.000869
0.001123
0.000929
0.000473
0.000311
-0.000224
-0.000368
-0.000110
-0.000135
0.000143
0.000049
0.000220
0.000671
0.000660
0.000496
0.000455
0.000685
0.000914
0.000622
0.000472
0.000445
0.000173
0.000165
-0.000003
-0.000137
-0.000073
-0.000089
-0.000061
-0.000096
0.000142
-0.000264
-0.000353
0.000283
0.000610
0.000513
0.000274
0.000144
0.000099
-0.000199
-0.000259
0.000169
0.000120
0.000071
-0.000024
-0.000100
0.000291
0.000510
0.000405
0.001132
0.001026
0.001046
0.001294
0.000803
0.000203
0.000059
-0.000285
-0.000017
0.000543
0.000449
0.000105
0.000184
-0.000044
0.000419
0.000595
0.000832
0.000886
0.000917
0.001311
0.000808
0.000371
0.000380
0.000535
0.000393
0.000374
0.000287
0.000656
0.000266
0.000091
0.000066
-0.000476
-0.000500
-0.000200
0.000603
0.000256
0.000090
0.000704
0.001391
0.001717
0.001434
0.001380
0.001591
0.001658
0.001425
0.001614
0.001362
0.000966
0.000576
0.000540
0.000974
0.000396
0.000202
0.000201
-0.000315
-0.000449
-0.000210
-0.000438
-0.000701
0.000118
0.000648
0.000857
0.000891
0.000260
0.000611
0.000829
0.000201
0.000004
0.000291
0.000451
0.000065
-0.000188
-0.000448
-0.000739
-0.000602
-0.000191
-0.000053
0.000009
0.000270
0.000871
0.000778
0.000509
0.000649
0.000802
0.001115
0.001078
0.000268
0.000310
0.000383
-0.000195
-0.000549
-0.000301
0.000152
-0.000197
-0.000470
0.000263
0.000569
-0.000072
0.000111
0.000590
0.000451
0.000535
0.000881
0.000524
0.000040
-0.000099
-0.000104
0.000088
0.000554
0.000737
0.001060
0.000779
0.000044
-0.000541
-0.000474
0.000129
0.000195
-0.000102
-0.000034
0.000657
0.001304
0.001051
0.000873
0.001011
0.000696
0.000868
0.000995
0.000009
-0.000466
0.000073
0.000641
0.000751
-0.000263
-0.000327
-0.000271
0.000065
0.000410
0.001250
0.001296
0.000823
0.000736
0.000826
0.000481
0.000152
-0.000166
-0.000366
-0.000484
-0.000977
-0.000726
-0.000364
-0.000329
0.000069
0.000246
0.000022
-0.000100
0.000308
0.000907
0.000820
0.000519
0.000439
0.000600
0.000948
0.000514
0.000156
0.000096
0.000048
-0.000326
-0.000158
0.000047
-0.000415
-0.000333
0.000080
-0.000284
0.000001
0.000412
0.000535
0.000784
0.000945
0.001459
0.001172
0.000932
0.000639
0.000175
0.000429
0.000523
0.000322
-0.000072
-0.000170
-0.000463
-0.000324
-0.000024
-0.000092
-0.000412
-0.000041
0.000127
0.000693
0.001152
0.001202
0.001175
0.000953
0.000887
0.000076
-0.000669
-0.000223
-0.000193
-0.000478
-0.000686
-0.000298
0.000059
0.000041
0.000177
0.000543
0.000777
0.000669
0.000985
0.001022
0.000497
0.000170
0.000181
0.000060
-0.000520
-0.000725
-0.000158
-0.000177
-0.000388
-0.000009
0.000127
0.000257
0.000485
0.000671
0.000611
0.000938
0.001199
0.001396
0.001138
0.000870
0.001284
0.001381
0.001048
0.001240
0.000612
-0.000217
-0.000484
-0.000460
-0.000679
-0.000439
-0.000459
0.000382
0.000691
0.000917
0.001821
0.001520
0.000863
0.000986
0.000710
0.000487
0.000711
0.000665
0.000722
0.000360
0.000206
0.000266
-0.000190
-0.000680
-0.000666
-0.000533
-0.000229
0.000126
0.000337
0.000805
0.000957
0.000496
0.000314
0.000499
0.001000
0.001440
0.001175
0.000684
0.000536
0.000628
0.000715
0.000445
-0.000309
-0.000992
-0.001094
-0.000570
0.000151
-0.000391
-0.001025
-0.000296
-0.000380
-0.000485
0.000345
0.000432
0.000255
0.000314
0.000200
0.000669
0.000927
0.000388
0.000193
0.000352
0.000879
0.000920
0.000303
0.000109
0.000067
0.000441
0.000308
-0.000114
-0.000384
-0.000485
0.000034
-0.000259
-0.000324
-0.000114
-0.000452
-0.000361
-0.000308
-0.000132
-0.000111
-0.000089
0.000226
0.000587
0.000649
0.000569
0.000714
0.000759
0.001046
0.001104
0.000898
0.000895
0.000957
0.001254
0.001144
0.000546
-0.000125
-0.000209
0.000849
0.000796
-0.000240
-0.000279
-0.000129
-0.000086
0.000162
0.000044
-0.000117
0.000026
-0.000479
-0.000620
-0.000232
-0.000423
-0.000325
-0.000028
-0.000335
-0.000427
-0.000353
0.000224
0.000781
0.000393
0.000685
0.001273
0.000867
0.000082
-0.000202
0.000348
0.000674
0.000289
-0.000367
-0.000210
0.000330
0.000150
0.000212
0.000260
0.000468
0.000719
0.000863
0.000907
0.000783
0.000842
0.000769
0.000616
0.000642
0.000374
0.000402
0.000382
-0.000117
-0.000345
0.000106
0.000010
-0.000448
-0.000060
0.000317
-0.000325
-0.000405
0.000238
0.000112
0.000478
0.000863
0.000627
0.000649
0.000483
0.000368
0.000742
0.001048
0.000275
0.000155
0.000399
-0.000001
-0.000245
-0.000852
-0.000521
0.000296
0.000168
-0.000094
0.000429
0.000954
0.000895
0.000526
0.000632
0.000104
-0.000375
-0.000505
-0.000547
-0.000690
-0.000393
-0.000385
-0.000736
-0.000027
0.000374
0.000605
0.000792
0.000991
0.001100
0.000747
0.000806
0.000814
0.001009
0.001153
0.001130
0.000296
0.000652
0.000999
0.000807
0.000378
0.000239
-0.000225
-0.000412
0.000215
0.000775
0.000979
0.000551
0.000164
-0.000306
-0.000157
-0.000235
-0.000058
0.000086
-0.000206
-0.000040
0.000453
0.000184
0.000285
0.000547
0.000309
-0.000092
-0.000287
-0.000013
0.000233
0.000448
0.000705
0.000421
0.000236
0.000575
0.000476
0.000300
0.000957
0.000911
0.000629
0.000653
0.000294
0.000118
-0.000243
-0.000090
0.000201
-0.000287
-0.000456
-0.000370
-0.000779
-0.001077
-0.000325
0.000178
-0.000487
-0.000168
0.000546
0.000954
0.000217
-0.000586
-0.000444
-0.000436
-0.000531
-0.000499
-0.000282
-0.000378
-0.000154
0.000501
0.000209
0.000941
0.001486
0.001352
0.001964
0.001381
0.000471
0.000585
0.000242
0.000071
0.000477
0.000803
0.001322
0.000996
0.000455
-0.000010
0.000072
0.000744
0.000168
-0.000628
-0.000360
-0.000380
-0.000686
-0.000758
-0.000416
-0.000435
-0.000173
0.000026
-0.000364
-0.000021
0.000557
0.000568
0.000107
0.000030
-0.000312
-0.000325
0.000046
-0.000124
0.000154
0.000528
0.000237
0.000129
0.001033
0.001222
0.000639
0.000830
0.000689
-0.000189
-0.000516
-0.000497
-0.000610
-0.000575
-0.000120
-0.000259
-0.000055
0.000465
0.000422
0.000306
0.000109
0.000163
0.000499
0.000268
0.000764
0.001156
0.000899
0.000610
0.000410
0.000573
0.000405
-0.000099
0.000171
0.000797
0.000527
-0.000039
-0.000311
-0.000212
0.000091
0.000348
0.000486
0.000706
0.000694
0.000569
0.000359
0.000355
0.000366
0.000525
0.000832
0.000487
0.000386
0.000085
0.000245
0.000654
0.000330
-0.000320
-0.000116
-0.000106
-0.000725
-0.000999
-0.000316
0.000075
-0.000243
-0.000359
-0.000206
0.000672
0.000859
0.000393
0.000003
0.000368
0.000339
-0.000014
0.000151
-0.000134
-0.000635
-0.000642
-0.000336
-0.000170
-0.000474
-0.000194
0.000197
0.000067
-0.000408
-0.000026
0.000572
0.000362
0.000677
0.001147
0.001352
0.000739
0.000647
0.001464
0.001269
0.000990
0.000608
0.000160
0.000017
-0.000184
-0.000511
-0.000808
-0.000535
-0.000728
-0.000985
-0.000107
0.000080
0.000205
0.000341
0.000316
0.000918
0.001111
0.000564
0.000419
0.000838
0.000853
0.000757
0.000831
0.000933
0.000987
0.000760
0.000077
-0.000700
-0.000910
-0.000229
0.000138
-0.000268
0.000100
0.000449
0.000487
0.001190
0.001393
0.001955
0.001941
0.000581
0.000566
0.000911
0.000410
0.000030
-0.000033
-0.000204
-0.000073
0.000000
-0.000136
0.000215
0.000276
0.000117
0.000302
0.000254
-0.000297
-0.000178
-0.000047
-0.000115
0.000325
0.000654
0.001104
0.000659
0.000919
0.001429
0.000923
0.000952
0.000680
0.000468
0.000062
-0.000340
-0.000411
-0.000464
-0.000876
-0.001317
-0.000784
-0.000223
-0.000670
-0.000364
0.000101
0.000462
0.000584
0.000519
0.000247
0.000003
0.000181
0.000499
0.000455
0.000183
-0.000056
0.000303
0.000919
0.000708
0.000501
0.000905
0.000856
0.000569
0.000504
0.000445
0.000678
0.000773
0.000695
0.000431
-0.000234
-0.000530
-0.000587
-0.000272
0.000307
-0.000124
-0.000397
0.000144
0.000651
0.000856
0.001063
0.001354
0.001491
0.001488
0.001667
0.001867
0.001229
0.000787
0.001113
0.001136
0.000500
0.000484
0.000325
-0.000052
0.000001
0.000256
0.000301
0.000213
-0.000077
-0.000813
-0.000835
-0.000315
0.000087
-0.000148
-0.000644
-0.000827
-0.000202
0.000377
0.000430
0.000034
-0.000465
0.000084
0.000071
-0.000268
0.000192
0.000317
0.000136
-0.000306
-0.000041
0.000910
0.000825
0.000518
0.000903
0.000733
0.000163
0.000065
0.000215
0.000152
0.000214
0.000137
-0.000112
-0.000128
-0.000272
-0.000106
0.000103
0.000440
0.000762
0.000655
0.000750
0.000194
0.000101
0.000706
0.000305
0.000262
0.000770
0.001067
0.000976
0.000819
0.000231
0.000054
0.000720
0.000825
-0.000068
-0.000665
-0.000631
-0.000078
0.000550
0.000345
-0.000023
-0.000189
0.000009
0.000386
0.000604
0.000850
0.000796
0.000378
0.000755
0.001052
0.000579
0.000423
0.000164
-0.000307
0.000123
0.000337
0.000600
0.001091
0.000850
0.000396
-0.000052
0.000017
-0.000214
-0.000571
-0.000538
-0.000297
-0.000529
-0.000544
0.000037
0.000499
0.000142
-0.000386
-0.000316
0.000255
0.000161
-0.000557
-0.000236
-0.000351
-0.001008
-0.000784
0.000104
0.000303
0.000442
0.000972
0.001041
0.001146
0.001029
0.001093
0.001386
0.000931
0.000755
0.000469
-0.000287
-0.000050
-0.000412
-0.000896
-0.000341
0.000489
0.000837
0.000636
0.000321
0.000311
0.000490
0.000835
0.001062
0.000684
-0.000058
-0.000098
0.000027
0.000316
0.001174
0.001236
0.000698
0.000693
0.000726
0.000460
0.000757
0.000666
0.000541
0.000512
0.000754
0.001454
0.000899
0.000920
0.001012
0.000106
-0.000188
-0.000509
-0.000888
-0.000948
-0.000805
-0.000571
-0.000595
-0.000790
-0.000664
-0.000562
-0.000618
-0.000035
0.000222
-0.000200
0.000158
0.000865
0.001238
0.001319
0.001076
0.000708
0.000486
0.000673
0.000611
0.000815
0.001058
0.000051
-0.000475
-0.000435
-0.000214
-0.000165
-0.000365
-0.000194
0.000067
0.000101
0.000064
0.000326
0.000650
0.000901
0.000024
0.000284
0.000998
0.000800
0.000041
-0.000368
-0.000320
-0.000419
-0.000198
0.000111
0.000281
0.000596
0.000491
0.000130
0.000556
0.000518
0.000262
0.000060
-0.000541
0.000438
0.000618
0.000094
0.000450
0.000526
0.000095
-0.000767
-0.000784
-0.000480
-0.000470
-0.000659
-0.000693
-0.000234
0.000026
0.000018
0.000785
0.001237
0.001571
0.001641
0.001549
0.000927
0.000575
0.000580
0.000481
-0.000047
-0.000382
0.000328
0.000453
-0.000088
-0.000292
-0.000359
-0.000512
-0.000127
-0.000061
0.000092
0.000226
0.000025
0.000038
0.000921
0.001201
0.000689
0.000746
0.001042
0.000782
0.000043
-0.000292
-0.000502
-0.000187
0.000252
-0.000689
-0.001110
-0.000498
-0.000173
-0.000409
-0.000482
-0.000244
0.000007
0.000303
0.000215
0.000421
0.000858
0.001743
0.001616
0.001263
0.001103
0.001367
0.001598
0.001043
-0.000076
-0.000546
-0.000257
-0.000012
-0.000378
-0.001015
-0.000455
-0.000093
-0.000759
-0.001033
-0.000611
-0.000118
-0.000015
0.000183
0.000226
-0.000237
-0.000711
-0.000764
-0.000329
-0.000002
-0.000331
-0.000407
-0.000238
0.000430
0.000752
0.000597
0.001298
0.001518
0.001699
0.001724
0.001406
0.001161
0.001324
0.000992
0.000551
0.000515
0.000362
0.000607
0.000757
0.000445
0.000254
0.000352
0.000282
0.000627
0.001030
0.000750
0.000454
0.000716
0.000794
0.000285
0.000856
0.000927
0.000409
0.000110
-0.000321
-0.000208
0.000071
-0.000246
-0.000176
0.000120
0.000675
0.000180
-0.000157
0.000396
0.000319
0.000421
0.000452
0.000392
0.000600
0.001320
0.001689
0.000896
0.000894
0.000780
0.000303
0.000066
0.000063
0.000075
-0.000206
-0.000306
-0.000627
-0.001141
-0.000696
-0.000014
-0.000303
0.000110
0.000714
0.001078
0.001455
0.001364
0.001267
0.001163
0.000729
-0.000124
-0.000157
0.000119
-0.000212
-0.000350
-0.000211
-0.000463
-0.000285
-0.000132
-0.000577
0.000055
0.000922
0.000749
0.000544
0.000962
0.001147
0.000907
0.001293
0.001045
0.000606
0.000394
0.000359
0.000536
0.000545
0.000670
0.000459
-0.000460
-0.000666
-0.000548
-0.000532
0.000034
0.000533
-0.000057
-0.000172
0.000784
0.001023
0.000396
-0.000068
-0.000023
-0.000149
-0.000162
-0.000367
-0.000422
0.000280
0.000666
0.000261
-0.000125
-0.000230
0.000275
0.000451
0.000259
0.000276
0.000649
0.000908
0.000347
0.000396
0.000626
0.000211
-0.000460
-0.000648
0.000077
0.000655
0.000149
-0.000229
-0.000219
-0.000542
-0.000952
-0.001031
-0.000830
-0.000306
-0.000496
-0.000312
0.000498
0.001209
0.001717
0.001879
0.001966
0.002038
0.001789
0.001019
0.000449
-0.000208
-0.000751
-0.000994
-0.000505
-0.000356
-0.000366
0.000597
0.000939
0.000861
0.000956
0.000770
-0.000262
-0.000447
0.000065
0.000399
0.000370
0.000275
-0.000009
-0.000071
0.000695
0.000696
0.000718
0.000963
0.000449
-0.000142
0.000049
0.000273
0.000101
-0.000187
-0.000509
-0.000412
0.000398
0.000425
0.000483
0.000812
0.000595
-0.000067
-0.000364
-0.000078
0.000270
0.000171
-0.000095
0.000129
-0.000055
0.000056
0.000289
-0.000485
-0.000999
-0.000189
0.000828
0.000766
0.001263
0.002328
0.001887
0.000973
0.000551
0.000963
0.000828
0.000569
0.000664
0.000023
-0.000459
-0.000461
-0.000763
-0.000583
-0.000344
-0.000044
0.000667
0.000791
0.000430
0.000483
0.000820
0.000367
-0.000452
-0.000239
-0.000253
-0.000284
0.000633
0.000996
0.000734
0.000777
0.000520
0.000666
0.000690
0.000054
-0.000124
0.000030
-0.000234
-0.000539
-0.000823
-0.000819
-0.000756
-0.000899
-0.000776
-0.000651
-0.000412
-0.000233
0.000210
0.000420
0.000891
0.000786
0.000387
0.000457
0.000702
0.000282
0.000057
0.000245
-0.000040
0.000107
0.000663
0.000772
0.000508
0.000736
0.000561
0.000222
0.000675
0.001032
0.001293
0.000772
0.000454
0.000631
0.000478
0.000296
-0.000760
-0.001265
-0.000292
0.000188
-0.000094
0.000214
0.000796
0.000945
0.000815
0.001057
0.000935
0.000933
0.000222
-0.000353
-0.000198
0.000007
-0.000224
0.000108
0.001153
0.000688
-0.000320
-0.000143
0.000356
0.000324
-0.000363
-0.000085
0.000171
0.000226
0.000384
0.000957
0.001004
0.000774
0.000752
0.000598
0.000386
-0.000315
-0.000151
-0.000347
-0.000649
0.000005
0.000229
0.000351
0.000263
-0.000163
-0.000413
-0.001002
-0.000905
-0.000275
0.000388
0.000960
0.001058
0.001195
0.001186
0.000674
0.000868
0.000639
-0.000024
-0.000332
-0.000519
-0.000534
-0.000270
0.000386
0.000370
-0.000161
-0.000588
-0.000678
-0.000582
-0.000190
0.000399
0.000916
0.001231
0.000968
0.001002
0.001278
0.001123
0.000771
0.000858
0.000835
0.000532
0.000582
0.000534
0.000138
-0.000066
0.000320
0.000130
0.000221
0.000596
0.000291
0.000388
0.000741
0.000625
-0.000140
0.000117
0.000765
0.000722
0.000478
0.000174
-0.000118
0.000393
0.000617
-0.000166
-0.000379
-0.000070
-0.000052
-0.000007
-0.000135
-0.000270
-0.000355
-0.000367
0.000159
0.000392
-0.000018
0.000053
0.000011
0.000253
0.000237
0.000004
-0.001186
-0.002104
-0.002139
-0.001862
-0.000776
0.000123
0.001151
0.001706
0.001440
0.001591
0.001962
0.001149
0.000346
0.000479
0.000761
0.000293
-0.000041
0.000539
0.000434
0.000285
0.000831
0.000554
0.000030
0.000162
0.000378
0.000006
-0.000555
-0.000341
-0.000393
-0.000548
-0.000658
-0.000548
-0.000166
0.000548
0.000617
0.000075
0.000421
0.000155
-0.000048
-0.000083
-0.000693
-0.000657
-0.000325
0.000131
0.000335
0.000295
0.000602
0.000352
0.000234
0.000167
0.000095
0.000039
-0.000211
-0.000011
0.000568
0.000657
0.000153
0.000260
0.000589
0.000598
0.000488
0.000386
0.000273
0.000475
-0.000094
-0.000178
-0.000500
-0.000459
0.000058
-0.000584
-0.000865
-0.000607
-0.000375
-0.000355
-0.000405
0.000317
0.000797
0.000255
-0.000069
0.000072
0.000344
-0.000437
-0.000460
-0.000540
-0.000865
-0.000963
-0.000979
-0.000210
0.000188
0.000229
0.000272
0.000596
0.000684
0.000821
0.000322
-0.000196
0.000091
0.000591
0.000433
0.000038
0.000233
0.000321
0.000178
0.000509
0.000781
0.000587
0.000231
0.000806
0.001465
0.001398
0.000590
-0.000255
-0.000640
-0.000479
0.000048
-0.000032
-0.000002
0.000297
0.000011
0.000363
0.001015
0.001404
0.000975
0.000455
0.000818
0.000587
-0.000100
-0.000366
-0.000490
0.000083
0.000169
-0.000028
0.000317
0.000423
0.000803
0.001669
0.001989
0.001268
0.000502
0.000544
0.000741
0.000825
0.000078
-0.000514
-0.000456
-0.000672
-0.001178
-0.001335
-0.000843
-0.000240
0.000281
0.000649
0.000792
0.000645
0.001026
0.001583
0.001084
0.000444
0.000053
-0.000462
-0.000908
-0.001194
-0.001180
-0.000797
-0.000689
-0.000381
-0.000002
-0.000373
0.000376
0.001080
0.001047
0.000814
0.000765
0.000915
0.001014
0.000438
0.000103
-0.000047
-0.000001
-0.000420
-0.000171
0.000011
0.000293
0.000642
0.000150
-0.000520
-0.000498
-0.000467
-0.000381
-0.000421
-0.000329
0.000048
-0.000087
0.000376
0.001061
0.000966
0.000807
0.001091
0.001350
0.001529
0.001580
0.000999
0.000777
0.000569
0.000051
-0.000077
-0.000094
-0.000010
0.000074
0.000518
0.000392
0.000302
0.000277
-0.000389
-0.000191
0.000114
0.000197
0.000064
0.000194
0.000738
0.000862
0.000396
0.000089
0.000093
0.000219
-0.000433
-0.000070
0.000471
0.000830
0.001389
0.001119
0.001391
0.001330
0.000651
0.000736
0.000450
0.000277
-0.000274
0.000243
-0.000543
-0.001323
-0.000745
-0.000487
-0.000550
-0.000608
-0.000277
0.000101
0.000055
-0.000255
-0.000292
0.000193
0.001009
0.000859
0.000699
0.000980
0.000720
0.000203
-0.000195
-0.000764
-0.000995
-0.001041
-0.001005
-0.001185
-0.000656
0.000173
0.000585
0.000757
0.000685
0.000837
0.001382
0.001273
0.000900
0.001019
0.001098
0.000779
0.000206
0.000078
-0.000499
-0.001120
-0.001410
-0.001056
-0.000012
0.000014
-0.000219
-0.000261
-0.000437
0.000168
0.000828
0.000747
0.001343
0.001441
0.001410
0.001124
0.000525
0.000581
0.000564
0.000665
0.000108
-0.000438
-0.000486
-0.000175
0.000028
-0.000148
-0.000506
-0.000471
-0.000156
-0.000148
0.000504
0.000911
0.000440
-0.000047
0.000157
0.000579
0.001264
0.001261
0.000491
0.000469
0.000456
0.000209
-0.000025
-0.000232
-0.000897
-0.000660
-0.000549
-0.000990
-0.000737
-0.000246
0.000246
0.000579
0.000970
0.001347
0.001710
0.001902
0.001913
0.001667
0.000944
0.000553
0.000132
-0.000324
0.000061
-0.000221
-0.000321
-0.000219
-0.000232
-0.000046
-0.000219
-0.000187
-0.000092
0.000597
0.000541
0.000411
0.000813
0.001031
0.001029
-0.000046
-0.000770
-0.000318
-0.000426
-0.000561
0.000100
0.000013
-0.000141
-0.000094
-0.000002
0.000348
0.000043
0.000186
0.000355
0.000114
0.000708
0.000531
0.000469
0.000662
0.000602
0.000480
0.000135
-0.000403
-0.000666
-0.000572
-0.000477
-0.000405
-0.000636
-0.000789
-0.000399
-0.000203
0.000188
0.000729
0.000780
0.000306
0.000359
0.000352
0.000810
0.000913
0.000738
0.000957
0.001065
0.001501
0.001302
0.000586
0.000317
-0.000299
-0.000440
-0.000151
-0.000007
0.000429
0.000156
0.000328
0.000517
0.000762
0.001473
0.001298
0.000889
0.001229
0.001167
0.000849
0.000909
0.000729
0.000449
-0.000013
-0.000539
-0.000061
0.000133
-0.000509
-0.000630
-0.000560
-0.000742
-0.000122
0.000500
0.000307
0.000249
-0.000029
-0.000073
-0.000180
-0.000159
0.000024
-0.000454
-0.000929
-0.000687
-0.000519
-0.000204
-0.000459
-0.000885
-0.000754
-0.000765
-0.000933
-0.000703
-0.000666
0.000135
0.000604
0.000843
0.001133
0.000626
0.001152
0.001459
0.000465
0.000089
0.000189
0.000416
0.000051
-0.000341
-0.000391
-0.000246
-0.000190
0.000343
0.000071
-0.000131
0.000638
0.000463
0.000638
0.000773
0.000792
0.001270
0.001561
0.001384
0.001084
0.000732
0.000826
0.000633
0.000056
-0.000049
-0.000690
-0.000685
-0.001172
-0.001074
-0.000470
-0.000227
-0.000171
0.000261
0.001051
0.000975
0.001028
0.001063
0.000911
0.000990
0.000925
-0.000284
-0.000380
-0.000054
-0.000121
0.000164
0.000095
-0.000237
0.000142
0.000468
-0.000189
-0.000130
0.000140
-0.000353
-0.000422
-0.000304
-0.000440
-0.000335
0.000074
0.000050
0.000361
0.000795
0.000720
0.001235
0.001340
0.000813
0.000797
0.000945
0.000330
-0.000307
-0.000271
-0.000005
-0.000050
-0.000640
-0.000194
0.000456
0.000600
0.000776
0.000583
0.000778
0.000730
-0.000025
-0.000783
-0.000640
-0.000033
-0.000286
-0.000358
-0.000183
-0.000366
-0.000391
-0.000647
0.000021
0.000276
0.000363
0.001017
0.001137
0.000983
0.000550
0.000240
-0.000263
0.000167
0.000536
