# STATIONID: 250
# STARTTIME: 1123726688.000000
# SAMPLERATE: 100
# NUMSAMPLES: 8267
0.003766
0.007122
0.005593
0.003924
0.003634
0.003506
0.003975
0.005238
0.004621
0.003349
0.002116
0.003673
0.005399
0.006245
0.007110
0.005760
0.002648
0.002179
0.005985
0.009724
0.009804
0.009724
0.009777
0.008135
0.007077
0.006306
0.004337
0.002818
0.003243
0.005080
0.005450
0.006345
0.008173
0.007123
0.004079
0.001770
0.000340
-0.001651
-0.003806
-0.004616
-0.005144
-0.006499
-0.002613
0.000127
0.000473
-0.002206
-0.006966
-0.006323
-0.004994
-0.003985
-0.004969
-0.007642
-0.008752
-0.007097
-0.004541
-0.003366
-0.003436
-0.003393
-0.004325
-0.005667
-0.007299
-0.007545
-0.007076
-0.007399
-0.006850
-0.007322
-0.007876
-0.008422
-0.008744
-0.008374
-0.009089
-0.009815
-0.009543
-0.008647
-0.007345
-0.006784
-0.008086
-0.009728
-0.009127
-0.008520
-0.009234
-0.010088
-0.009283
-0.007091
-0.005867
-0.005339
-0.003377
-0.002435
-0.001546
-0.000195
0.000870
-0.000559
-0.002041
-0.001596
-0.000229
0.002312
0.005500
0.009319
0.011813
0.012886
0.014652
0.015675
0.016546
0.018031
0.018480
0.017910
0.017613
0.018069
0.019473
0.021143
0.021689
0.021389
0.020643
0.020199
0.017879
0.016121
0.016217
0.017239
0.017513
0.017260
0.017972
0.017373
0.014877
0.009813
0.005299
0.003613
0.003149
0.003598
0.003333
0.003059
0.001770
0.000906
-0.000113
-0.002184
-0.005751
-0.007886
-0.008782
-0.009212
-0.009837
-0.009285
-0.008848
-0.009562
-0.009995
-0.009411
-0.009702
-0.011101
-0.011609
-0.011797
-0.012107
-0.012910
-0.013415
-0.012400
-0.013222
-0.014133
-0.014911
-0.015320
-0.015851
-0.016279
-0.016775
-0.016572
-0.016130
-0.015540
-0.014592
-0.012550
-0.011293
-0.010469
-0.010838
-0.012013
-0.011477
-0.008753
-0.006136
-0.004349
-0.002452
-0.000112
0.002007
0.002291
0.002126
0.002866
0.003928
0.004627
0.006919
0.008139
0.008326
0.007848
0.006941
0.007917
0.008778
0.009962
0.010734
0.010042
0.010128
0.010198
0.009883
0.008914
0.007889
0.007440
0.007250
0.007991
0.007527
0.007628
0.008354
0.008287
0.008542
0.008590
0.009122
0.008927
0.006804
0.006664
0.008247
0.009209
0.008095
0.006918
0.006699
0.006545
0.007384
0.007357
0.006964
0.006502
0.006231
0.005870
0.008096
0.010854
0.011013
0.009542
0.008128
0.006740
0.004951
0.004183
0.004095
0.004744
0.005145
0.004742
0.003897
0.003115
0.001958
0.000910
0.000456
0.000547
0.000388
-0.001361
-0.002887
-0.004776
-0.006245
-0.006891
-0.007389
-0.007285
-0.007069
-0.007125
-0.006844
-0.006157
-0.005340
-0.005255
-0.007480
-0.008601
-0.008974
-0.008366
-0.007339
-0.007183
-0.006885
-0.007658
-0.009216
-0.011081
-0.012688
-0.013691
-0.014567
-0.015426
-0.016019
-0.014863
-0.013450
-0.012883
-0.012592
-0.012266
-0.012705
-0.012675
-0.013187
-0.013249
-0.011484
-0.009544
-0.008694
-0.008041
-0.007977
-0.006761
-0.005425
-0.005581
-0.004297
-0.002184
-0.002282
-0.002081
-0.000040
0.003772
0.007478
0.009680
0.010132
0.011309
0.012809
0.012483
0.011383
0.010743
0.010696
0.011860
0.013608
0.014704
0.015783
0.016161
0.015982
0.015333
0.015324
0.015608
0.015922
0.016663
0.017287
0.017729
0.017546
0.017817
0.017950
0.017433
0.016862
0.016353
0.016809
0.016829
0.014118
0.011231
0.010027
0.009773
0.009846
0.010388
0.010100
0.008290
0.007428
0.006929
0.005473
0.004089
0.002525
0.002189
0.002577
0.001662
-0.000267
-0.002523
-0.004537
-0.006073
-0.007562
-0.010226
-0.012519
-0.014252
-0.014951
-0.015464
-0.015195
-0.014923
-0.015767
-0.016920
-0.017826
-0.017432
-0.016454
-0.015857
-0.015658
-0.015491
-0.014213
-0.013536
-0.014573
-0.015031
-0.013907
-0.012229
-0.012468
-0.012348
-0.011464
-0.010390
-0.008821
-0.006008
-0.003838
-0.003058
-0.002059
-0.000417
0.000538
0.001598
0.003717
0.003783
0.004009
0.005979
0.006895
0.006723
0.006073
0.005705
0.005163
0.003807
0.002102
0.000525
-0.000528
-0.002080
-0.003568
-0.003477
-0.003777
-0.002684
0.000561
0.003743
0.005710
0.007148
0.007571
0.007238
0.007493
0.006982
0.005997
0.006581
0.007818
0.008251
0.008055
0.007108
0.004904
0.002667
0.001518
-0.000122
-0.001111
-0.000574
0.000102
-0.000200
0.000395
0.001868
0.002622
0.003077
0.004817
0.006166
0.007046
0.007746
0.008525
0.009645
0.010435
0.010849
0.011631
0.010229
0.007554
0.005317
0.004121
0.003350
0.002497
0.001607
0.001473
0.001913
0.002640
0.003137
0.003977
0.004877
0.005484
0.005542
0.005990
0.006367
0.006993
0.007677
0.008073
0.007071
0.005757
0.006054
0.005801
0.005635
0.005975
0.005089
0.003188
0.002884
0.001723
-0.000403
-0.001333
-0.000847
-0.001109
-0.002516
-0.004640
-0.006180
-0.008149
-0.009420
-0.009986
-0.010788
-0.012204
-0.011368
-0.010872
-0.011714
-0.012602
-0.013105
-0.012636
-0.013013
-0.012379
-0.010740
-0.009584
-0.008480
-0.008051
-0.006712
-0.004851
-0.004044
-0.002304
-0.000742
-0.000856
-0.001052
-0.000899
-0.000253
-0.000847
-0.001505
-0.001817
-0.002848
-0.004097
-0.004662
-0.004365
-0.004901
-0.006190
-0.006411
-0.007089
-0.008417
-0.009633
-0.010211
-0.010695
-0.009681
-0.007414
-0.005305
-0.003157
-0.000213
0.000415
0.000448
0.000776
0.001369
0.002783
0.004232
0.005455
0.006608
0.007317
0.008491
0.009817
0.011650
0.013183
0.013517
0.014474
0.015439
0.016246
0.017067
0.018056
0.018502
0.018736
0.017776
0.016970
0.017185
0.017005
0.016630
0.015802
0.014525
0.012690
0.011023
0.009870
0.008440
0.007126
0.005144
0.003455
0.003249
0.003593
0.004008
0.004451
0.004369
0.004536
0.004327
0.003268
0.002481
0.000973
-0.000810
-0.001261
-0.002120
-0.003824
-0.004100
-0.005465
-0.006505
-0.007256
-0.008367
-0.008906
-0.009047
-0.008032
-0.008739
-0.009899
-0.010763
-0.012678
-0.013047
-0.013198
-0.013162
-0.013689
-0.015055
-0.015784
-0.015307
-0.014221
-0.013733
-0.013756
-0.013604
-0.013147
-0.011804
-0.010689
-0.009935
-0.009012
-0.007945
-0.007153
-0.006731
-0.006483
-0.006614
-0.006379
-0.005780
-0.004126
-0.001273
-0.000430
0.000017
0.001051
0.001221
0.000720
0.000817
0.000812
0.000351
0.000881
0.003071
0.004816
0.005985
0.006942
0.008152
0.009488
0.009824
0.010544
0.011306
0.010249
0.009048
0.008901
0.009435
0.010907
0.010740
0.009755
0.008897
0.007536
0.007012
0.008046
0.008443
0.008048
0.008497
0.009386
0.010155
0.009996
0.008938
0.008202
0.007982
0.007835
0.007415
0.007038
0.005977
0.006253
0.006996
0.006844
0.005668
0.004558
0.004027
0.003707
0.004153
0.004398
0.004283
0.004456
0.004839
0.004489
0.004395
0.003634
0.002699
0.002050
0.000602
-0.000863
-0.001692
-0.002176
-0.003668
-0.004323
-0.003914
-0.004366
-0.005669
-0.006114
-0.006529
-0.007639
-0.009630
-0.010446
-0.011005
-0.011719
-0.010476
-0.009202
-0.008641
-0.009082
-0.009076
-0.008306
-0.008870
-0.008877
-0.008040
-0.005822
-0.004199
-0.003796
-0.003796
-0.004272
-0.004327
-0.004568
-0.004368
-0.003167
-0.001804
0.000129
0.001623
0.002405
0.003696
0.003805
0.002100
0.000904
0.001055
0.000873
-0.000267
-0.001312
-0.001304
-0.000707
-0.000721
-0.001204
-0.000671
-0.000646
-0.001152
-0.001297
-0.000649
-0.001360
-0.001160
-0.000631
-0.001194
-0.001378
-0.000497
-0.000440
-0.000027
0.000898
0.001111
0.001819
0.001753
0.002574
0.003533
0.003636
0.002974
0.003216
0.003481
0.003750
0.004712
0.005384
0.006120
0.007085
0.007580
0.008661
0.008544
0.008452
0.008381
0.008337
0.007564
0.006599
0.005487
0.004876
0.005066
0.004451
0.003947
0.002884
0.002779
0.002724
0.002712
0.001775
0.001108
0.000912
0.000301
-0.000246
0.000367
0.000902
0.001684
0.002860
0.004876
0.006538
0.006648
0.006952
0.008622
0.009322
0.008911
0.007486
0.005447
0.004126
0.001764
0.000228
-0.000206
-0.001595
-0.003031
-0.004054
-0.004638
-0.005787
-0.007219
-0.007047
-0.005934
-0.005696
-0.005571
-0.004191
-0.003481
-0.003926
-0.003136
-0.002276
-0.001500
-0.000345
0.000427
0.000074
-0.000179
0.000485
0.000302
0.000208
0.000014
0.000179
-0.000029
-0.000063
-0.001089
-0.002167
-0.002810
-0.004998
-0.005962
-0.007250
-0.008155
-0.007972
-0.007585
-0.008176
-0.009107
-0.009701
-0.009733
-0.010093
-0.010804
-0.011224
-0.010498
-0.009256
-0.008043
-0.007082
-0.007108
-0.007307
-0.006593
-0.006601
-0.006714
-0.006791
-0.006296
-0.005433
-0.004234
-0.002620
-0.001115
-0.001138
-0.001265
-0.001087
-0.000096
0.002026
0.004194
0.006701
0.009416
0.011561
0.013578
0.016394
0.018836
0.019645
0.019452
0.017961
0.017288
0.015762
0.014855
0.014435
0.013689
0.012702
0.011458
0.009424
0.009166
0.008911
0.007244
0.005571
0.005997
0.005676
0.006092
0.007276
0.007169
0.006465
0.006285
0.005493
0.004204
0.003417
0.002770
0.002554
0.003356
0.003962
0.004851
0.005228
0.004089
0.003454
0.002556
0.002033
0.001770
0.001566
0.001204
0.001025
0.001348
0.000914
-0.000808
-0.001819
-0.002918
-0.004046
-0.004279
-0.005397
-0.006307
-0.008048
-0.009619
-0.011396
-0.013052
-0.012505
-0.010951
-0.010190
-0.009914
-0.009754
-0.009633
-0.009630
-0.010412
-0.012044
-0.012246
-0.011288
-0.010712
-0.009489
-0.008580
-0.008486
-0.007580
-0.006733
-0.006874
-0.006363
-0.006465
-0.006130
-0.005590
-0.005171
-0.004199
-0.003974
-0.003712
-0.003502
-0.003759
-0.004648
-0.006222
-0.007005
-0.005813
-0.004317
-0.002988
-0.001156
0.000884
0.002478
0.003747
0.003877
0.003496
0.004363
0.005763
0.008735
0.010269
0.010668
0.011102
0.012211
0.014058
0.014524
0.014664
0.016217
0.016460
0.016722
0.016034
0.014686
0.013027
0.010634
0.009507
0.008700
0.006896
0.006449
0.006230
0.004882
0.004395
0.003971
0.003136
0.002354
0.002962
0.003174
0.003083
0.003395
0.003898
0.003761
0.004150
0.003278
0.002024
0.001480
0.000217
-0.000801
-0.001496
-0.002823
-0.004040
-0.005093
-0.004984
-0.005503
-0.007271
-0.008477
-0.008768
-0.008510
-0.007798
-0.006844
-0.004698
-0.003519
-0.003505
-0.003542
-0.002958
-0.002205
-0.001741
-0.001451
-0.001164
-0.000503
-0.000301
-0.000091
-0.000642
-0.000570
-0.000755
-0.000687
-0.000456
-0.000270
0.001116
0.002310
0.003054
0.002392
0.001942
0.001379
0.002376
0.003241
0.004656
0.004375
0.003256
0.002327
0.001779
0.000650
-0.000395
-0.001058
-0.001092
-0.000726
-0.000006
0.000670
0.000731
-0.000135
-0.000694
-0.000679
-0.001558
-0.001152
-0.000830
-0.001259
-0.001515
-0.002060
-0.003554
-0.004680
-0.006340
-0.007902
-0.008695
-0.009595
-0.008388
-0.007231
-0.006292
-0.006702
-0.006073
-0.005106
-0.004911
-0.004149
-0.003265
-0.001495
0.000786
0.002906
0.004278
0.005716
0.006413
0.007538
0.007268
0.006883
0.006563
0.007849
0.007289
0.007654
0.005970
0.006716
0.006750
0.007174
0.007193
0.007876
0.008286
0.009145
0.010100
0.011922
0.011027
0.010883
0.010449
0.009974
0.007698
0.005804
0.003614
0.002286
0.000561
-0.000460
-0.001918
-0.003389
-0.005093
-0.005177
-0.006368
-0.007201
-0.008517
-0.008764
-0.009338
-0.010386
-0.010155
-0.009557
-0.008700
-0.008086
-0.008327
-0.006444
-0.004419
-0.002434
-0.001289
0.000381
0.000636
0.000090
0.000443
0.000999
0.001244
0.001023
0.000439
0.000120
-0.000070
0.000034
0.000043
0.000376
0.000530
0.000006
-0.000211
0.000416
0.001115
0.002183
0.003182
0.003501
0.002613
0.002026
0.002269
0.002300
0.002261
0.002269
0.001702
0.001493
0.002123
0.003194
0.003047
0.001869
0.001932
0.002617
0.003374
0.003044
0.001886
0.001644
0.000834
-0.000619
0.000382
0.002461
0.003539
0.003837
0.003317
0.003608
0.002802
0.001155
-0.000143
-0.000373
0.000951
0.001730
0.001446
0.001663
0.002350
0.003172
0.003068
0.002281
0.002339
0.002331
0.001915
0.001470
0.000906
-0.000432
-0.002340
-0.003358
-0.003366
-0.003052
-0.003502
-0.003965
-0.002976
-0.002863
-0.002845
-0.001935
-0.002083
-0.002566
-0.002333
-0.002318
-0.002147
-0.001886
-0.001153
-0.000938
-0.000597
-0.000738
-0.002558
-0.002647
-0.002037
-0.000405
0.000298
0.000128
0.000353
0.001223
0.001044
0.000249
0.001190
0.002745
0.004070
0.004669
0.004998
0.006415
0.007608
0.007760
0.008383
0.008318
0.007277
0.006901
0.006450
0.005669
0.005020
0.004290
0.004937
0.005671
0.004753
0.004207
0.003764
0.002813
0.001588
0.000079
-0.001891
-0.002908
-0.003726
-0.005331
-0.006992
-0.007634
-0.008387
-0.009006
-0.009687
-0.010599
-0.010243
-0.009182
-0.008686
-0.007903
-0.007570
-0.006818
-0.005711
-0.005564
-0.005084
-0.003964
-0.004188
-0.004809
-0.004612
-0.004282
-0.004850
-0.005131
-0.004824
-0.005422
-0.006234
-0.006383
-0.006060
-0.005373
-0.004554
-0.003146
-0.001736
-0.000109
0.000993
0.002172
0.005242
0.006586
0.007979
0.010158
0.011177
0.012289
0.014154
0.015449
0.015364
0.014731
0.014670
0.014298
0.013967
0.014408
0.014332
0.014032
0.013837
0.013862
0.013049
0.012766
0.012787
0.013202
0.012895
0.011082
0.009768
0.008751
0.008048
0.007820
0.007182
0.006734
0.005935
0.004223
0.002839
0.002442
0.000496
-0.000730
-0.001754
-0.003481
-0.005574
-0.006345
-0.006963
-0.007103
-0.007111
-0.007895
-0.008386
-0.009514
-0.010581
-0.010571
-0.010804
-0.012804
-0.013433
-0.014071
-0.014930
-0.015513
-0.014962
-0.015037
-0.014159
-0.014681
-0.014759
-0.014969
-0.015654
-0.015884
-0.015990
-0.016321
-0.015404
-0.014362
-0.012548
-0.011519
-0.009824
-0.007896
-0.005208
-0.003130
-0.000738
-0.000403
-0.000261
0.000530
0.002068
0.004833
0.007587
0.009351
0.009710
0.010731
0.011205
0.011501
0.011083
0.011669
0.012309
0.011712
0.011167
0.012079
0.011850
0.012978
0.014583
0.014593
0.013021
0.012571
0.012090
0.011090
0.009780
0.008607
0.006751
0.004490
0.002538
0.001248
0.000072
-0.001743
-0.003637
-0.004883
-0.005999
-0.005434
-0.004597
-0.004257
-0.004086
-0.002923
-0.001213
-0.000344
-0.000310
0.000001
0.001076
0.002275
0.003191
0.005026
0.006244
0.006519
0.005989
0.005683
0.004647
0.003694
0.004088
0.003132
0.001374
0.000894
0.001949
0.003945
0.005043
0.005346
0.005551
0.005988
0.006331
0.005783
0.005050
0.004983
0.004976
0.004816
0.003952
0.003176
0.001397
-0.000232
-0.000612
-0.001116
-0.002288
-0.003166
-0.003569
-0.003915
-0.003532
-0.002405
-0.001205
-0.000306
-0.000993
-0.001802
-0.001783
-0.001356
0.000267
0.000006
-0.000759
-0.000921
-0.001134
-0.002158
-0.004006
-0.004862
-0.005920
-0.007846
-0.008720
-0.009124
-0.009125
-0.008036
-0.008028
-0.008357
-0.007839
-0.008143
-0.009869
-0.010011
-0.009049
-0.008616
-0.008821
-0.008555
-0.008016
-0.007756
-0.006806
-0.005514
-0.004524
-0.003087
-0.002776
-0.003858
-0.005035
-0.004777
-0.002984
-0.000943
-0.000272
0.000475
0.003200
0.003692
0.002815
0.000746
-0.001477
-0.001248
0.000797
0.002891
0.005542
0.007989
0.008765
0.008943
0.008256
0.006617
0.005841
0.007019
0.010411
0.012464
0.012183
0.011201
0.011557
0.011887
0.010867
0.008579
0.005975
0.003730
0.003008
0.004221
0.006119
0.006143
0.006097
0.006612
0.007266
0.007419
0.006156
0.006653
0.008473
0.010560
0.011581
0.011505
0.010572
0.008191
0.007443
0.008123
0.008513
0.008013
0.007109
0.006845
0.007481
0.009153
0.007214
0.002987
-0.001065
-0.002754
-0.001154
0.001511
0.001341
-0.001766
-0.004745
-0.005704
-0.005385
-0.004122
-0.004295
-0.007017
-0.008896
-0.008907
-0.008215
-0.009043
-0.009590
-0.008250
-0.008202
-0.010185
-0.011809
-0.011213
-0.008315
-0.007634
-0.010421
-0.014434
-0.015899
-0.015155
-0.013406
-0.013093
-0.014959
-0.015762
-0.014051
-0.010641
-0.009691
-0.011078
-0.012078
-0.011872
-0.010793
-0.008408
-0.004734
-0.002235
-0.001769
-0.002579
-0.002863
-0.002793
-0.000591
0.003070
0.006005
0.008261
0.009818
0.009308
0.007156
0.005647
0.005183
0.005731
0.007822
0.009914
0.010836
0.010499
0.010909
0.010550
0.009763
0.010127
0.007425
0.004422
0.002439
0.001586
0.002786
0.005789
0.006181
0.006566
0.007119
0.006420
0.004212
0.003359
0.004485
0.005433
0.005626
0.006184
0.004536
0.002232
0.001230
0.002329
0.003064
0.001912
0.000831
-0.000131
-0.000759
-0.000956
-0.000644
-0.000051
0.000557
0.002162
0.003361
0.003488
0.003631
0.003453
0.003576
0.004464
0.005331
0.007169
0.007111
0.004908
0.002738
0.002133
0.002341
0.002257
0.001699
0.001328
0.000619
0.001275
0.002414
0.003945
0.004786
0.003685
0.002363
0.001517
0.000978
0.002337
0.004895
0.006560
0.006442
0.004834
0.003467
0.003665
0.003604
0.004590
0.004887
0.003697
0.000519
-0.001402
-0.000936
0.000724
0.000586
-0.000632
-0.001375
-0.002338
-0.002938
-0.003238
-0.004369
-0.007572
-0.010538
-0.010166
-0.008493
-0.008116
-0.007846
-0.008389
-0.009936
-0.011849
-0.013079
-0.011859
-0.010170
-0.010270
-0.010581
-0.009938
-0.009798
-0.010727
-0.011851
-0.011613
-0.010690
-0.008712
-0.007543
-0.008520
-0.008857
-0.007311
-0.005171
-0.002710
-0.003080
-0.005763
-0.008612
-0.008547
-0.006591
-0.004633
-0.002436
-0.001398
-0.000344
0.000669
0.001028
0.000967
0.000802
0.001535
0.003174
0.004118
0.005387
0.007103
0.007784
0.008095
0.008352
0.008451
0.009139
0.009850
0.010039
0.010904
0.011854
0.011785
0.011053
0.010760
0.010550
0.011236
0.012182
0.013031
0.012774
0.010615
0.009245
0.010237
0.013120
0.013671
0.011929
0.009791
0.008786
0.009638
0.011747
0.012991
0.012160
0.010097
0.008184
0.006541
0.007206
0.008239
0.007564
0.006314
0.005254
0.005135
0.005403
0.004296
0.001920
0.000392
0.000309
-0.000012
-0.001283
-0.002742
-0.003213
-0.004428
-0.005039
-0.002666
-0.000377
-0.000305
-0.001739
-0.003390
-0.005200
-0.005687
-0.005997
-0.007069
-0.007943
-0.008926
-0.009167
-0.008426
-0.007805
-0.007767
-0.008005
-0.008570
-0.009296
-0.009395
-0.008711
-0.007987
-0.007023
-0.006633
-0.006927
-0.006799
-0.006156
-0.005277
-0.003899
-0.002131
-0.001694
-0.000930
0.001456
0.002975
0.003245
0.002979
0.002568
0.001266
0.000619
0.000589
-0.000386
-0.002632
-0.004844
-0.005701
-0.005381
-0.004658
-0.003616
-0.003537
-0.002982
-0.002471
-0.002098
-0.001641
-0.003158
-0.004204
-0.005266
-0.006117
-0.006196
-0.005849
-0.005145
-0.004542
-0.005925
-0.007269
-0.006163
-0.003616
-0.001296
-0.000414
0.000792
0.001091
0.000137
-0.001485
-0.001996
-0.001011
0.000737
0.003434
0.007281
0.009254
0.009500
0.009365
0.009286
0.009784
0.009639
0.008696
0.008231
0.008693
0.009980
0.011578
0.013784
0.014878
0.016536
0.017237
0.016748
0.015676
0.013674
0.012376
0.012408
0.012778
0.013246
0.013863
0.013792
0.013572
0.013925
0.012811
0.010227
0.007947
0.007626
0.007529
0.006180
0.004059
0.000663
-0.001959
-0.002413
-0.002610
-0.002672
-0.002909
-0.002631
-0.003546
-0.003933
-0.004289
-0.005942
-0.007087
-0.007798
-0.008396
-0.009790
-0.011298
-0.011052
-0.008924
-0.007367
-0.007048
-0.007152
-0.007134
-0.007049
-0.007803
-0.009017
-0.010553
-0.011935
-0.013356
-0.015594
-0.018123
-0.020785
-0.022003
-0.022248
-0.021492
-0.019749
-0.016204
-0.012316
-0.010097
-0.009111
-0.007787
-0.006909
-0.004378
-0.001390
0.000216
0.000938
0.002184
0.002994
0.002785
0.001935
0.001691
0.000359
-0.001036
-0.001019
0.000567
0.003398
0.006169
0.008708
0.010328
0.010857
0.009359
0.008568
0.008533
0.008476
0.010047
0.012351
0.015314
0.017260
0.018293
0.018738
0.017593
0.015529
0.012464
0.008564
0.004435
0.001556
0.001250
0.002441
0.005124
0.008892
0.011812
0.013865
0.014967
0.014792
0.013081
0.010907
0.010600
0.011032
0.012986
0.016366
0.018877
0.019390
0.017115
0.011290
0.006618
0.002086
-0.002370
-0.005753
-0.007011
-0.006093
-0.005741
-0.006854
-0.009465
-0.012252
-0.014664
-0.015455
-0.015276
-0.012917
-0.009186
-0.005594
-0.002115
0.001001
0.001976
0.001253
-0.000499
-0.002571
-0.003987
-0.004736
-0.005246
-0.006107
-0.008073
-0.009079
-0.009049
-0.008638
-0.008365
-0.007296
-0.007178
-0.008753
-0.010597
-0.011354
-0.011374
-0.008390
-0.004317
-0.001629
0.000355
0.001852
0.000902
-0.001459
-0.003869
-0.005497
-0.005891
-0.004060
0.000749
0.006224
0.010540
0.012784
0.012583
0.009874
0.005880
0.001440
-0.000559
-0.000407
-0.000709
-0.000626
-0.001197
-0.003015
-0.003856
-0.004377
-0.005146
-0.007622
-0.010002
-0.011525
-0.013553
-0.013114
-0.010976
-0.010237
-0.010840
-0.010760
-0.009191
-0.007503
-0.006611
-0.006420
-0.005273
-0.003062
0.000080
0.003698
0.005896
0.006342
0.005868
0.007241
0.010318
0.011300
0.012265
0.012720
0.011215
0.010000
0.010380
0.012114
0.014320
0.016184
0.016764
0.016536
0.016078
0.014699
0.014400
0.014756
0.015001
0.016885
0.019083
0.019574
0.018289
0.017144
0.015049
0.012013
0.010342
0.008534
0.007061
0.006642
0.007515
0.009129
0.010492
0.010988
0.010243
0.008234
0.004529
0.001155
-0.001998
-0.005354
-0.007344
-0.007106
-0.004779
-0.002759
-0.002649
-0.005773
-0.009837
-0.014312
-0.018239
-0.020228
-0.020718
-0.020728
-0.020986
-0.021983
-0.023123
-0.023637
-0.023288
-0.023156
-0.022638
-0.020319
-0.016621
-0.012522
-0.007849
-0.004159
-0.001548
0.000522
0.000485
0.000347
0.001040
0.000883
0.000749
0.000313
-0.001130
-0.001913
-0.001951
-0.001983
-0.002488
-0.002927
-0.004066
-0.005360
-0.006278
-0.006649
-0.006698
-0.006049
-0.003955
-0.002065
-0.000228
0.001542
0.004370
0.008356
0.011484
0.014207
0.015258
0.014818
0.014198
0.013030
0.012843
0.014041
0.015695
0.018437
0.020051
0.020073
0.018173
0.015706
0.012985
0.010007
0.006727
0.003658
0.001530
0.000101
-0.000279
-0.000587
-0.000027
0.000416
0.000172
0.000363
-0.000139
-0.000655
-0.002695
-0.004187
-0.004302
-0.004635
-0.004409
-0.003921
-0.004346
-0.005145
-0.005291
-0.005264
-0.004230
-0.002781
-0.000709
0.001676
0.002959
0.002869
0.002685
0.002492
0.001083
-0.000017
0.000800
0.002493
0.004650
0.007409
0.009359
0.011189
0.013601
0.014308
0.013217
0.011562
0.009523
0.006252
0.003653
0.001358
-0.001237
-0.003769
-0.005983
-0.007124
-0.008190
-0.008773
-0.009247
-0.009943
-0.009023
-0.007145
-0.005046
-0.002827
0.000586
0.004670
0.006753
0.008069
0.007522
0.006420
0.006290
0.005353
0.003361
0.000501
-0.002372
-0.004558
-0.005826
-0.007843
-0.011426
-0.016584
-0.021332
-0.025178
-0.028210
-0.029663
-0.029624
-0.027580
-0.026065
-0.023217
-0.018889
-0.015101
-0.012778
-0.009995
-0.007180
-0.005583
-0.002752
0.000852
0.003879
0.006601
0.008908
0.011138
0.012898
0.014727
0.016744
0.018122
0.019639
0.020866
0.021359
0.020467
0.019732
0.019544
0.019940
0.019348
0.018432
0.017849
0.017309
0.016220
0.013910
0.011773
0.008567
0.004954
0.001137
-0.003308
-0.006601
-0.008491
-0.008553
-0.007782
-0.006428
-0.005252
-0.004591
-0.003211
-0.002192
-0.001093
0.001320
0.003707
0.005285
0.007727
0.010494
0.012752
0.014150
0.015863
0.017415
0.016775
0.016136
0.015640
0.013891
0.011777
0.010558
0.009495
0.007928
0.006457
0.004896
0.003153
0.001230
-0.000033
0.000268
0.000787
0.000699
0.000176
-0.000112
-0.000242
-0.001213
-0.003047
-0.005431
-0.008395
-0.011045
-0.013349
-0.015159
-0.017039
-0.019261
-0.020487
-0.020148
-0.020188
-0.020860
-0.022097
-0.023769
-0.025477
-0.026548
-0.026624
-0.027216
-0.026207
-0.023793
-0.023469
-0.022809
-0.021891
-0.021742
-0.021729
-0.020135
-0.017260
-0.014606
-0.010445
-0.005717
-0.002139
0.000105
0.002317
0.003955
0.005070
0.007079
0.010121
0.012498
0.014850
0.017001
0.018168
0.018701
0.019447
0.021602
0.022301
0.022741
0.023456
0.022311
0.020045
0.018215
0.015366
0.013530
0.011778
0.010080
0.008171
0.008606
0.003665
0.002745
0.007940
0.006875
0.008040
0.008439
0.009662
0.010303
0.011466
0.013283
0.014981
0.015369
0.015616
0.015375
0.013959
0.012030
0.011821
0.012510
0.012571
0.012391
0.011971
0.012066
0.011273
0.010112
0.009123
0.007320
0.005103
0.003079
-0.000282
-0.004289
-0.007078
-0.007930
-0.007686
-0.007198
-0.007347
-0.008181
-0.009079
-0.010439
-0.012351
-0.013310
-0.013821
-0.014521
-0.015421
-0.016849
-0.017552
-0.017043
-0.016527
-0.016872
-0.016747
-0.016664
-0.017341
-0.017442
-0.017324
-0.015684
-0.013989
-0.012301
-0.009224
-0.006387
-0.004760
-0.003794
-0.003052
-0.002734
-0.001539
-0.000354
0.000438
0.001526
0.001085
0.000284
-0.000040
-0.001031
-0.001747
-0.001643
-0.000771
0.000295
0.002394
0.005427
0.007219
0.007378
0.007638
0.008288
0.008286
0.007217
0.005786
0.004727
0.004427
0.003335
0.002573
0.001596
0.000162
0.000453
0.001848
0.003237
0.004277
0.004881
0.005040
0.005106
0.006296
0.007712
0.007898
0.008345
0.008341
0.007565
0.006437
0.005419
0.005350
0.005317
0.005356
0.005204
0.004403
0.002879
0.000898
-0.001164
-0.003618
-0.005887
-0.007416
-0.009569
-0.010899
-0.011123
-0.009823
-0.007196
-0.004419
-0.003571
-0.003503
-0.003381
-0.003288
-0.002439
-0.000706
0.001881
0.004524
0.007679
0.010495
0.012452
0.013542
0.013266
0.013350
0.012960
0.012256
0.012493
0.011937
0.011514
0.011182
0.009924
0.008162
0.006318
0.004270
0.003122
0.002669
0.001795
0.001651
0.002435
0.003106
0.003863
0.003673
0.003195
0.002494
0.001835
0.002649
0.003827
0.005130
0.004379
0.003102
0.002232
0.001501
0.000817
0.000180
0.000281
-0.000279
-0.000727
-0.000372
-0.000128
-0.001498
-0.003266
-0.005011
-0.006348
-0.007552
-0.009426
-0.011461
-0.012781
-0.014595
-0.016485
-0.017799
-0.019555
-0.022136
-0.023014
-0.023271
-0.023470
-0.022367
-0.020093
-0.017895
-0.016352
-0.015321
-0.013364
-0.011997
-0.010408
-0.008370
-0.006696
-0.004536
-0.001446
0.002251
0.005005
0.007100
0.008781
0.009616
0.010251
0.011285
0.011915
0.012745
0.014390
0.015482
0.015267
0.016057
0.017540
0.017989
0.018489
0.018212
0.016863
0.015555
0.014901
0.013860
0.012676
0.011480
0.009998
0.009314
0.008673
0.007393
0.005237
0.004025
0.003310
0.002687
0.003624
0.004118
0.004413
0.005618
0.005440
0.005963
0.007081
0.006080
0.004841
0.004433
0.004535
0.005138
0.005623
0.006055
0.005455
0.004660
0.002669
0.000592
-0.000764
-0.003425
-0.005933
-0.007973
-0.010447
-0.013470
-0.015691
-0.016804
-0.016501
-0.016631
-0.016334
-0.015656
-0.015906
-0.015210
-0.013842
-0.013013
-0.012619
-0.010410
-0.007121
-0.003639
0.000638
0.003553
0.005143
0.005907
0.007156
0.006807
0.005262
0.004075
0.002054
0.000769
-0.000061
-0.000200
-0.000497
-0.001761
-0.001738
-0.001180
-0.001565
-0.002208
-0.001864
-0.001564
-0.001723
-0.001437
-0.001474
-0.001354
-0.001248
-0.000112
0.002219
0.004034
0.004618
0.004715
0.005190
0.005787
0.006721
0.007462
0.007573
0.007844
0.008255
0.008361
0.008457
0.006998
0.005577
0.004780
0.003691
0.002392
0.001765
0.001755
0.002143
0.002348
0.002345
0.001932
0.000332
-0.001796
-0.002893
-0.002974
-0.004064
-0.004414
-0.004312
-0.004259
-0.004783
-0.004836
-0.004486
-0.003003
-0.002251
-0.002150
-0.001630
-0.000765
-0.000123
0.000624
0.001194
0.001449
0.002188
0.002279
0.002362
0.002268
0.001947
0.001796
0.001362
0.001558
0.002937
0.004100
0.004751
0.005024
0.005077
0.005894
0.005949
0.005635
0.006211
0.007299
0.008878
0.010747
0.013363
0.015135
0.015945
0.016985
0.016869
0.015809
0.013702
0.010279
0.007316
0.004854
0.003374
0.001399
-0.000863
-0.001763
-0.002484
-0.003348
-0.004302
-0.005394
-0.006100
-0.006732
-0.007664
-0.006476
-0.005540
-0.005097
-0.003482
-0.003150
-0.003287
-0.003286
-0.003755
-0.005569
-0.008233
-0.010631
-0.012416
-0.014618
-0.015978
-0.016130
-0.016815
-0.017924
-0.019438
-0.020332
-0.020891
-0.021698
-0.022009
-0.021067
-0.019587
-0.017627
-0.015502
-0.013765
-0.010918
-0.008226
-0.006217
-0.004370
-0.002006
-0.000246
0.001217
0.002703
0.004722
0.007325
0.010276
0.012115
0.013890
0.015270
0.016790
0.017696
0.017577
0.017328
0.017673
0.017324
0.017244
0.018373
0.019255
0.018501
0.018150
0.017048
0.016906
0.017278
0.017482
0.017709
0.019093
0.020471
0.020674
0.020049
0.019478
0.017781
0.015849
0.013955
0.011762
0.009339
0.006746
0.004483
0.003180
0.000757
-0.001833
-0.002504
-0.001978
-0.002032
-0.003265
-0.005154
-0.006512
-0.007942
-0.009866
-0.011911
-0.012190
-0.012021
-0.012410
-0.012977
-0.012794
-0.012362
-0.012528
-0.012580
-0.012624
-0.012910
-0.012944
-0.011851
-0.010568
-0.009422
-0.008414
-0.007821
-0.006427
-0.003923
-0.001322
0.000263
0.000648
0.001573
0.002380
0.002182
0.001773
0.002238
0.002515
0.002756
0.002892
0.003031
0.003266
0.003096
0.001496
-0.001217
-0.003718
-0.005554
-0.006991
-0.008171
-0.008599
-0.009398
-0.010569
-0.010458
-0.009966
-0.009379
-0.009226
-0.008637
-0.008246
-0.007377
-0.006881
-0.007086
-0.007150
-0.006547
-0.005883
-0.005645
-0.004816
-0.001772
0.000013
0.002123
0.004866
0.006240
0.007700
0.008904
0.009481
0.010364
0.011224
0.012359
0.013264
0.014166
0.015619
0.017904
0.019640
0.019744
0.019412
0.019503
0.018196
0.015601
0.013561
0.011698
0.010052
0.008355
0.007733
0.008088
0.008271
0.007570
0.007561
0.008777
0.010118
0.010862
0.011087
0.010912
0.011043
0.010769
0.009133
0.006860
0.004782
0.003984
0.002344
0.000317
-0.000769
-0.001819
-0.002776
-0.004773
-0.007681
-0.010821
-0.012715
-0.014840
-0.015867
-0.015215
-0.015229
-0.014911
-0.014215
-0.013720
-0.012779
-0.012193
-0.011933
-0.011698
-0.011284
-0.012107
-0.012628
-0.012459
-0.012749
-0.012553
-0.011646
-0.010121
-0.007777
-0.005505
-0.003444
-0.000515
0.001658
0.003428
0.004036
0.003459
0.002773
0.003068
0.003903
0.003637
0.003489
0.004139
0.003767
0.002791
0.002455
0.002344
0.002123
0.001196
0.000537
0.000159
-0.000476
-0.000650
-0.000944
-0.001382
-0.001498
-0.001645
-0.001132
0.000087
0.000771
0.001424
0.002486
0.002823
0.002859
0.002742
0.002300
0.001718
0.000960
-0.000098
-0.000108
0.000268
0.000982
0.002735
0.003875
0.004323
0.005047
0.005498
0.007312
0.008360
0.008552
0.008253
0.007826
0.007302
0.006473
0.006051
0.005971
0.005858
0.005266
0.004958
0.003910
0.002520
0.001144
-0.000211
-0.000736
-0.000504
-0.000223
0.000716
0.002156
0.003969
0.005588
0.006732
0.007808
0.008037
0.007993
0.007378
0.005630
0.005545
0.005512
0.004760
0.004699
0.005063
0.005033
0.004114
0.003656
0.003140
0.002031
0.000573
-0.001446
-0.002231
-0.003293
-0.003969
-0.003739
-0.003703
-0.004445
-0.004286
-0.003793
-0.004563
-0.006505
-0.008677
-0.010245
-0.011733
-0.013129
-0.013323
-0.013900
-0.014012
-0.013266
-0.011485
-0.010585
-0.009773
-0.008818
-0.007439
-0.006345
-0.006131
-0.005330
-0.004030
-0.003939
-0.003192
-0.001886
-0.000603
0.000725
0.001451
0.001413
0.001581
0.002188
0.003361
0.003993
0.003878
0.004424
0.004891
0.004304
0.005125
0.005930
0.006121
0.005501
0.004623
0.004714
0.004893
0.006058
0.006933
0.006285
0.005390
0.004099
0.003086
0.002083
0.000429
-0.000216
-0.000739
-0.001762
-0.002353
-0.001798
-0.000903
-0.000354
0.001645
0.003820
0.004417
0.005494
0.005786
0.004803
0.003719
0.005073
0.006686
0.006952
0.007933
0.009170
0.009760
0.008916
0.007290
0.007188
0.006833
0.006371
0.006626
0.006149
0.006276
0.006476
0.006483
0.006230
0.005033
0.003598
0.003442
0.003036
0.001825
0.000852
0.000248
-0.000257
-0.000671
-0.000937
-0.001308
-0.001596
-0.001874
-0.002204
-0.002284
-0.003149
-0.003376
-0.003226
-0.003482
-0.004094
-0.005572
-0.007188
-0.008789
-0.009427
-0.009578
-0.009446
-0.009572
-0.010073
-0.010378
-0.011495
-0.012039
-0.013426
-0.014747
-0.014316
-0.013677
-0.012769
-0.011359
-0.009863
-0.008859
-0.007759
-0.005992
-0.003947
-0.002263
0.000381
0.003727
0.005735
0.006531
0.007308
0.007536
0.007492
0.008380
0.008306
0.008197
0.008856
0.008554
0.007682
0.007976
0.008302
0.008214
0.007922
0.007361
0.007255
0.005867
0.004256
0.004506
0.005363
0.007026
0.008099
0.007318
0.006602
0.006715
0.006375
0.005285
0.004445
0.004271
0.002659
0.001180
-0.000078
-0.002175
-0.002658
-0.002526
-0.002483
-0.002808
-0.003159
-0.003430
-0.002885
-0.002602
-0.002714
-0.002047
-0.001844
-0.001279
-0.000888
-0.001072
-0.000709
0.000213
0.001520
0.002612
0.003382
0.003821
0.004392
0.004005
0.004420
0.006063
0.006772
0.006987
0.006662
0.006493
0.006759
0.005801
0.003620
0.002533
0.001848
0.001761
0.001075
0.000615
0.000578
-0.000888
-0.002645
-0.004463
-0.006525
-0.009279
-0.011141
-0.011976
-0.013002
-0.014296
-0.014506
-0.013419
-0.011861
-0.010006
-0.007877
-0.006612
-0.004941
-0.003202
-0.001395
0.000165
0.001204
0.001385
0.001521
0.001729
0.002217
0.003517
0.004952
0.006673
0.008278
0.008917
0.008189
0.007111
0.005457
0.004201
0.002954
0.001247
-0.000341
-0.000991
-0.001205
-0.000555
0.000076
0.000477
0.000422
0.000282
0.000232
0.000396
0.001057
0.001980
0.001653
0.000338
0.000489
-0.000402
-0.001029
-0.001227
-0.001371
-0.000034
0.001431
0.002629
0.003738
0.004562
0.004910
0.003691
0.002733
0.003359
0.004399
0.004992
0.005217
0.005962
0.005915
0.006363
0.006013
0.005559
0.005905
0.005572
0.005351
0.004912
0.003662
0.001884
0.000129
-0.001514
-0.001493
-0.001785
-0.002818
-0.003374
-0.003797
-0.005216
-0.006337
-0.007173
-0.007482
-0.009065
-0.011471
-0.011381
-0.010674
-0.010558
-0.009072
-0.007249
-0.004658
-0.002243
-0.000630
0.000185
0.001071
0.001701
0.001364
0.001226
0.001273
0.001151
0.001043
0.001007
0.001386
0.001405
0.002260
0.002735
0.003676
0.005226
0.005433
0.005321
0.005660
0.006002
0.005890
0.005156
0.004923
0.005223
0.004113
0.004231
0.004699
0.005270
0.005372
0.005983
0.007401
0.007321
0.006824
0.006028
0.004800
0.004010
0.004025
0.003087
0.002127
0.002571
0.003213
0.002890
0.001934
-0.000620
-0.001750
-0.001917
-0.002170
-0.001970
-0.001974
-0.002070
-0.001707
-0.001332
-0.000818
-0.000586
-0.000981
-0.001677
-0.001644
-0.000451
0.000782
0.001489
0.001327
0.000877
0.001275
0.000882
0.000531
0.000237
0.000638
0.000511
0.000088
-0.000395
-0.001008
-0.000588
-0.000658
-0.001934
-0.003855
-0.005382
-0.005793
-0.006038
-0.006361
-0.006673
-0.007682
-0.007616
-0.007489
-0.008586
-0.008711
-0.007592
-0.006513
-0.005139
-0.003180
-0.002047
-0.000949
-0.000210
0.000346
0.000247
-0.000191
-0.000697
-0.000747
0.000135
0.000240
0.000617
0.001262
0.001846
0.001696
0.000872
0.000675
-0.000936
-0.002474
-0.002363
-0.002653
-0.001778
-0.000131
-0.000037
0.000312
0.000720
0.000713
0.000515
0.000988
0.002742
0.003674
0.003432
0.003568
0.004345
0.005183
0.006474
0.007556
0.008840
0.009909
0.009991
0.010153
0.011289
0.011932
0.011780
0.011942
0.012148
0.011622
0.010816
0.009939
0.009316
0.008307
0.006903
0.005549
0.003385
0.001535
-0.000029
-0.001777
-0.002462
-0.003398
-0.005087
-0.005578
-0.005606
-0.005164
-0.004022
-0.003275
-0.002696
-0.001533
-0.001325
-0.001302
-0.000222
0.000861
0.001432
0.001368
0.001214
0.000876
0.000782
0.000765
0.001205
0.003070
0.003583
0.003793
0.005232
0.005680
0.005371
0.005894
0.006548
0.005884
0.003750
0.002199
0.001539
0.000377
-0.001185
-0.002111
-0.003615
-0.004212
-0.003688
-0.003826
-0.003930
-0.003921
-0.003859
-0.004098
-0.005388
-0.006555
-0.007448
-0.006730
-0.007023
-0.007589
-0.006703
-0.006190
-0.006545
-0.007225
-0.006918
-0.006475
-0.006562
-0.006594
-0.006140
-0.006667
-0.007070
-0.007059
-0.007570
-0.008703
-0.009189
-0.008936
-0.008403
-0.008717
-0.008725
-0.007344
-0.005815
-0.004689
-0.003958
-0.002324
-0.000396
0.000956
0.003199
0.005005
0.005219
0.005662
0.007405
0.008414
0.008089
0.008134
0.008375
0.008156
0.008807
0.009495
0.009543
0.008811
0.009994
0.010172
0.009974
0.010672
0.011085
0.011203
0.011059
0.009607
0.009268
0.008552
0.007743
0.007555
0.007386
0.006483
0.006185
0.005187
0.005649
0.005594
0.006035
0.006762
0.006961
0.007071
0.006928
0.006396
0.006522
0.006536
0.006235
0.006091
0.006273
0.005472
0.005077
0.004722
0.003659
0.002767
0.001995
0.000614
-0.001454
-0.001952
-0.002478
-0.004843
-0.006177
-0.007090
-0.008686
-0.009695
-0.009177
-0.009181
-0.010012
-0.011094
-0.011398
-0.011704
-0.012511
-0.012323
-0.012081
-0.012411
-0.012456
-0.011803
-0.010989
-0.009790
-0.007756
-0.006525
-0.006294
-0.005333
-0.005119
-0.003221
-0.001655
-0.001085
-0.001285
-0.001029
-0.001396
-0.001014
-0.000605
-0.000381
-0.000356
-0.000705
-0.000284
0.000808
0.002148
0.002705
0.003194
0.003323
0.004261
0.004101
0.004141
0.004515
0.004639
0.003872
0.004386
0.004998
0.005543
0.005092
0.005722
0.005434
0.006053
0.005992
0.005544
0.004059
0.003616
0.004417
0.004443
0.004063
0.005490
0.005720
0.006356
0.006539
0.005957
0.005784
0.005690
0.004725
0.004370
0.003596
0.003243
0.001779
0.000871
-0.000308
-0.001123
-0.002670
-0.004977
-0.006868
-0.006761
-0.008176
-0.007883
-0.006762
-0.006702
-0.006979
-0.006793
-0.007276
-0.006828
-0.006654
-0.006125
-0.004992
-0.004505
-0.004049
-0.003093
-0.000868
0.002140
0.003642
0.005658
0.007787
0.009152
0.009817
0.010899
0.012226
0.012815
0.014073
0.014977
0.014574
0.014217
0.013674
0.012161
0.010902
0.010350
0.008595
0.007564
0.007078
0.005289
0.005642
0.005445
0.003672
0.002337
0.002739
0.002754
0.002106
0.002864
0.003540
0.002526
0.001158
0.000533
-0.000833
-0.003055
-0.004732
-0.005942
-0.007517
-0.008489
-0.008428
-0.008979
-0.009475
-0.009479
-0.009839
-0.011432
-0.012357
-0.012708
-0.013179
-0.013841
-0.015345
-0.015580
-0.015044
-0.014231
-0.013293
-0.012285
-0.011517
-0.011144
-0.010044
-0.008346
-0.007186
-0.004501
-0.002338
-0.000933
0.000357
0.000474
0.000058
0.000207
0.000585
0.001218
0.001606
0.001920
0.002574
0.003634
0.004730
0.005209
0.007369
0.008843
0.010194
0.010490
0.011756
0.014326
0.014628
0.015547
0.017145
0.017843
0.017843
0.017277
0.016999
0.016472
0.013762
0.011849
0.011373
0.009961
0.009450
0.009595
0.009286
0.008002
0.006398
0.005614
0.004038
0.002959
0.002380
0.001056
-0.000258
-0.001732
-0.002367
-0.003272
-0.003800
-0.004405
-0.005066
-0.005750
-0.006153
-0.006049
-0.004453
-0.003499
-0.002879
-0.001453
-0.000776
-0.000432
-0.000393
-0.000627
-0.000118
-0.000283
-0.000174
0.000225
-0.000450
-0.001427
-0.001942
-0.002064
-0.002913
-0.003426
-0.003477
-0.003899
-0.003147
-0.002381
-0.002357
-0.002889
-0.002735
-0.002602
-0.002964
-0.002512
-0.002850
-0.003437
-0.003085
-0.003591
-0.004399
-0.004515
-0.004895
-0.006396
-0.006988
-0.006240
-0.006519
-0.007942
-0.008089
-0.008837
-0.008991
-0.007346
-0.007039
-0.007141
-0.007363
-0.006879
-0.005731
-0.004829
-0.004281
-0.003199
-0.002136
-0.001669
-0.001144
0.000015
0.000265
0.000769
0.002178
0.004138
0.005365
0.007451
0.010540
0.013132
0.013987
0.015296
0.016574
0.016765
0.016575
0.017695
0.018598
0.018828
0.018452
0.018274
0.018605
0.017564
0.016621
0.016417
0.015509
0.013414
0.012447
0.012097
0.009789
0.008837
0.007787
0.006291
0.005219
0.003950
0.002743
0.000497
-0.002351
-0.003117
-0.004131
-0.005085
-0.006978
-0.007029
-0.007876
-0.008522
-0.008642
-0.008154
-0.008098
-0.008485
-0.009083
-0.009422
-0.010511
-0.013154
-0.014698
-0.014902
-0.015169
-0.015091
-0.014507
-0.014678
-0.014230
-0.013962
-0.012290
-0.011447
-0.011921
-0.010971
-0.008563
-0.006910
-0.007003
-0.006193
-0.005635
-0.005107
-0.004622
-0.003539
-0.002625
-0.001544
-0.000905
0.000610
0.000905
0.001547
0.001670
0.001518
0.001925
0.002831
0.004995
0.006938
0.008672
0.010165
0.012199
0.012988
0.013386
0.012490
0.012664
0.013120
0.014111
0.014141
0.014181
0.013156
0.011637
0.010133
0.010281
0.009965
0.010173
0.009514
0.008263
0.007695
0.007379
0.006602
0.006063
0.005342
0.004031
0.002686
0.003015
0.002349
0.002874
0.003232
0.002180
0.001062
0.001344
0.001614
0.001750
0.001417
0.000187
-0.000276
-0.001058
-0.002970
-0.003141
-0.004132
-0.006536
-0.007776
-0.008155
-0.009027
-0.009119
-0.009501
-0.010210
-0.010228
-0.010001
-0.009589
-0.010245
-0.010848
-0.011717
-0.012156
-0.011954
-0.010149
-0.009986
-0.008548
-0.005716
-0.003922
-0.004441
-0.004160
-0.004609
-0.004478
-0.003967
-0.003815
-0.003062
-0.001288
0.000492
0.002009
0.003439
0.004635
0.006002
0.007155
0.007064
0.006917
0.007092
0.008363
0.009632
0.010729
0.011849
0.012799
0.013074
0.012936
0.012426
0.011904
0.010567
0.009971
0.010084
0.009287
0.008400
0.008556
0.009119
0.008821
0.008110
0.007303
0.006894
0.005948
0.005656
0.005412
0.004667
0.003758
0.002451
0.001587
0.000951
0.000645
0.001097
0.001489
0.001880
0.000585
-0.000324
-0.001187
-0.001636
-0.002887
-0.003355
-0.004380
-0.006117
-0.005961
-0.005855
-0.006879
-0.007291
-0.008143
-0.008541
-0.009543
-0.010287
-0.011863
-0.013278
-0.014607
-0.014869
-0.014761
-0.014728
-0.014809
-0.015167
-0.014448
-0.013419
-0.011795
-0.008958
-0.007245
-0.006553
-0.005841
-0.005604
-0.004455
-0.003555
-0.001950
-0.000710
0.000856
0.003210
0.004564
0.005375
0.005513
0.005223
0.005738
0.005854
0.005709
0.006731
0.006230
0.006313
0.006703
0.007578
0.008888
0.009546
0.009805
0.009847
0.010745
0.011901
0.013151
0.013663
0.013445
0.012395
0.012359
0.011662
0.010857
0.010855
0.010080
0.009933
0.008742
0.006202
0.005115
0.004885
0.005205
0.005318
0.004490
0.003557
0.003724
0.004797
0.005345
0.004684
0.005404
0.005053
0.004678
0.002927
0.002166
0.001021
0.000581
-0.001326
-0.002349
-0.003236
-0.004019
-0.004671
-0.004782
-0.005565
-0.006314
-0.006419
-0.005471
-0.004944
-0.005181
-0.005648
-0.005932
-0.006463
-0.006653
-0.006638
-0.006479
-0.006608
-0.006673
-0.007814
-0.008015
-0.007251
-0.006404
-0.006294
-0.007399
-0.007645
-0.006296
-0.006285
-0.005565
-0.004098
-0.003231
-0.002026
-0.000694
0.000270
0.002030
0.003996
0.005351
0.005888
0.005718
0.004821
0.003564
0.001733
0.001471
0.001131
0.001409
0.001195
0.000140
0.000320
0.000255
0.000026
0.000073
0.000430
0.000343
-0.000703
-0.000501
0.000444
0.001148
0.001344
0.001430
0.001135
0.000264
-0.001894
-0.003059
-0.003723
-0.003759
-0.003464
-0.003022
-0.002532
-0.002650
-0.002131
-0.002265
-0.001669
0.000124
0.001019
0.001483
0.001721
0.001964
0.000855
0.001047
0.001489
0.001408
0.000635
0.000230
0.000620
0.001110
0.001547
0.003312
0.002894
0.002732
0.003116
0.002880
0.002667
0.004527
0.006137
0.006541
0.006476
0.007954
0.009688
0.010098
0.009690
0.009816
0.010301
0.010234
0.010880
0.010681
0.010411
0.009793
0.009524
0.008989
0.007521
0.007715
0.007692
0.007277
0.007660
0.007758
0.006533
0.006061
0.005482
0.004544
0.003677
0.002161
0.000751
0.000481
-0.000370
-0.001667
-0.003397
-0.004734
-0.006697
-0.008303
-0.010319
-0.010753
-0.012157
-0.012756
-0.013305
-0.014405
-0.015840
-0.016424
-0.017249
-0.016910
-0.015908
-0.015119
-0.015047
-0.014293
-0.012959
-0.011388
-0.009530
-0.008934
-0.007174
-0.005408
-0.005164
-0.003387
-0.001194
0.000018
0.000226
0.001065
0.003156
0.004489
0.004653
0.005243
0.005757
0.007159
0.007898
0.007279
0.007157
0.006849
0.006574
0.006598
0.006367
0.005805
0.005102
0.004660
0.004790
0.004445
0.003416
0.003176
0.003122
0.002270
0.002432
0.001838
0.001548
0.001796
0.001276
0.000858
0.000740
0.001648
0.002681
0.002645
0.002884
0.002887
0.002675
0.002437
0.001905
0.001920
0.002911
0.003638
0.003477
0.003841
0.005171
0.005534
0.005709
0.006878
0.007370
0.008041
0.010195
0.011161
0.010498
0.010046
0.009415
0.008455
0.006810
0.005791
0.003768
0.001614
0.000164
-0.001815
-0.003403
-0.004790
-0.006351
-0.008083
-0.009023
-0.008270
-0.008214
-0.008583
-0.008772
-0.008860
-0.006816
-0.004773
-0.004041
-0.004288
-0.003338
-0.003170
-0.003284
-0.003106
-0.003397
-0.002781
-0.002910
-0.002126
-0.001499
-0.001430
-0.002046
-0.002905
-0.003232
-0.003129
-0.002266
-0.000500
0.000291
0.000410
0.002228
0.003156
0.002115
0.001065
0.001141
0.001482
0.001508
0.001539
0.001614
0.000991
0.001681
0.001801
0.001770
0.001475
0.000918
0.000988
-0.000531
-0.001097
-0.001023
-0.001331
0.000023
0.000553
0.000666
0.001243
0.001565
0.001241
0.000995
0.001023
-0.000888
-0.001625
-0.002400
-0.002652
-0.003454
-0.003346
-0.003538
-0.001974
-0.001229
0.000261
0.000959
0.002210
0.002507
0.003006
0.001535
0.000188
0.000194
0.000691
0.001018
0.001820
0.002536
0.002252
0.002028
0.001937
0.002269
0.002087
0.002793
0.002774
0.004071
0.005239
0.005113
0.005399
0.005413
0.005503
0.006601
0.006444
0.005934
0.005595
0.005691
0.004754
0.004270
0.002858
0.002236
0.001819
0.000818
-0.000057
-0.000895
-0.000878
-0.000695
-0.001101
-0.002017
-0.003545
-0.006129
-0.007461
-0.006624
-0.006280
-0.005339
-0.005374
-0.004234
-0.003762
-0.002736
-0.001924
-0.001341
-0.000776
-0.000414
-0.000560
0.000678
0.001394
0.002382
0.001875
0.001812
0.002101
0.002102
0.002779
0.003990
0.005056
0.005608
0.006358
0.005667
0.004939
0.004626
0.003941
0.002666
0.001984
0.001037
0.001366
0.001254
0.001177
0.000887
-0.000140
-0.001341
-0.003031
-0.004507
-0.005481
-0.006268
-0.005899
-0.005778
-0.005455
-0.006044
-0.006353
-0.005786
-0.004226
-0.002950
-0.002172
-0.000773
0.000515
0.000390
0.000785
0.001991
0.002763
0.002736
0.003213
0.002709
0.001186
0.001350
0.002314
0.002993
0.003016
0.003124
0.003203
0.002396
0.003369
0.003543
0.003647
0.003340
0.002593
0.002024
0.001656
0.001635
0.002032
0.003007
0.003492
0.002846
0.003169
0.003563
0.003731
0.002809
0.000942
0.000493
-0.000316
-0.000618
-0.001045
-0.001566
-0.000654
-0.000472
-0.001387
-0.002134
-0.001784
-0.002548
-0.003100
-0.002410
-0.002218
-0.002345
-0.002771
-0.002254
-0.001518
-0.001240
-0.001657
-0.002719
-0.003748
-0.003432
-0.001532
-0.000927
-0.000537
0.000260
0.000512
0.000630
0.000940
0.001177
0.000887
0.001475
0.001529
0.001394
0.001264
0.001062
0.000672
0.000533
0.001295
0.001762
0.002505
0.004189
0.005498
0.006245
0.005851
0.004779
0.005040
0.005392
0.004551
0.003494
0.003348
0.002371
0.001741
0.001920
0.000686
-0.000151
0.000106
0.000239
0.000318
-0.000062
-0.000510
-0.000485
-0.001093
-0.000732
-0.000853
-0.001297
-0.001529
-0.002024
-0.001188
-0.000716
-0.000794
-0.001111
-0.001375
-0.002147
-0.002447
-0.002592
-0.002839
-0.002883
-0.003625
-0.004722
-0.004006
-0.004272
-0.004459
-0.004015
-0.004204
-0.004226
-0.003588
-0.003220
-0.002481
-0.001193
0.000465
0.000946
0.001741
0.001602
0.000877
0.001656
0.003259
0.003975
0.003328
0.002965
0.002861
0.002251
0.001618
0.001583
0.002092
0.001414
0.001017
0.001252
0.001254
0.000859
0.000916
0.000546
-0.000233
-0.000481
-0.000546
0.000596
0.000613
0.000208
0.001536
0.002595
0.002109
0.001659
0.002203
0.002193
0.004141
0.006018
0.006051
0.007577
0.008965
0.009734
0.010225
0.010797
0.011615
0.011903
0.010844
0.009705
0.009403
0.009047
0.007777
0.006486
0.004544
0.002753
0.001660
-0.000532
-0.001348
-0.001414
-0.002555
-0.002850
-0.002576
-0.002042
-0.001012
-0.000523
-0.000957
-0.001125
-0.001671
-0.001835
-0.001053
-0.001198
-0.001809
-0.002088
-0.002654
-0.003233
-0.003313
-0.003469
-0.003857
-0.003853
-0.003738
-0.004910
-0.005784
-0.005821
-0.005889
-0.006647
-0.007535
-0.008424
-0.008125
-0.006887
-0.006566
-0.006653
-0.006440
-0.006703
-0.007437
-0.006800
-0.005763
-0.006391
-0.006464
-0.005247
-0.004133
-0.003443
-0.003428
-0.002960
-0.001960
-0.001303
-0.001478
-0.000327
0.002553
0.004505
0.005154
0.005961
0.006710
0.007182
0.007189
0.006505
0.005500
0.004930
0.004246
0.003951
0.004122
0.004486
0.004468
0.005070
0.006256
0.006993
0.006771
0.007367
0.008603
0.009973
0.010736
0.012442
0.012901
0.012762
0.012009
0.012035
0.011688
0.010941
0.009692
0.008953
0.008001
0.007612
0.008210
0.007690
0.006355
0.005774
0.004971
0.004428
0.003679
0.001738
0.001032
0.000015
-0.001561
-0.001760
-0.001766
-0.001979
-0.002941
-0.002673
-0.002986
-0.003262
-0.004457
-0.005830
-0.005326
-0.006129
-0.007553
-0.007379
-0.006973
-0.007540
-0.007597
-0.006624
-0.007344
-0.007149
-0.006956
-0.007204
-0.006523
-0.005807
-0.004935
-0.004267
-0.003962
-0.004225
-0.005015
-0.005290
-0.005939
-0.008014
-0.009246
-0.008452
-0.008448
-0.007889
-0.007046
-0.006168
-0.006691
-0.005415
-0.004657
-0.003880
-0.003915
-0.003825
-0.002314
0.000123
0.000248
0.000642
0.002509
0.002196
0.001178
0.000965
0.002041
0.002866
0.003804
0.005903
0.006991
0.007893
0.009575
0.010948
0.011158
0.011517
0.012332
0.013523
0.016160
0.017584
0.018061
0.017230
0.014693
0.012889
0.011934
0.011931
0.010906
0.010407
0.009100
0.004455
0.001621
0.000204
-0.003148
-0.004472
-0.004104
-0.001962
-0.001855
-0.002393
-0.001638
-0.002508
-0.002776
-0.001972
-0.001496
-0.000642
-0.000425
0.000565
0.001161
0.001258
0.002737
0.002500
0.002254
0.000702
-0.003172
-0.003750
-0.004366
-0.007365
-0.005498
-0.003381
-0.004017
-0.001975
-0.001116
-0.003027
-0.004082
-0.004583
-0.007309
-0.008528
-0.006923
-0.009015
-0.007780
-0.003909
-0.004535
-0.004726
-0.001491
-0.000746
-0.007120
-0.007534
-0.005373
-0.006634
-0.004475
-0.005428
-0.007165
-0.000448
0.002027
0.000880
0.001904
0.001642
0.000208
0.002951
0.004291
0.002306
0.010010
0.015192
0.012081
0.015593
0.017906
0.017612
0.016656
0.012816
0.008203
0.002365
-0.002281
-0.003425
-0.002320
0.003223
-0.000674
0.000941
0.007718
0.005809
0.006138
0.008083
-0.001722
-0.007773
-0.005643
-0.005749
-0.009195
-0.007357
-0.004594
-0.004951
-0.004115
0.002611
0.008336
0.009609
0.006447
0.000578
-0.001062
0.002760
0.000211
-0.000869
0.002131
-0.003456
-0.006358
-0.006456
-0.005795
-0.004371
-0.009120
-0.010581
-0.006706
-0.003439
-0.001499
-0.000531
0.001053
0.002703
0.003332
0.005156
0.004038
0.005838
0.009634
0.011246
0.010618
0.009964
0.005302
0.002120
-0.002555
-0.008338
-0.007212
-0.006120
-0.006710
0.000637
0.008385
0.012417
0.014256
0.010616
0.001415
-0.001805
-0.001094
-0.006009
0.000218
0.006647
0.005904
0.007534
0.007294
0.002879
-0.000499
-0.001708
-0.007535
-0.008982
-0.004975
-0.002702
-0.003853
-0.000156
-0.003626
-0.004158
-0.003180
-0.004232
0.002160
0.003928
0.001038
0.005470
0.004505
0.000863
0.002197
0.004774
-0.000742
-0.005093
-0.004235
-0.006836
-0.006599
-0.001989
0.000385
0.007712
0.015009
0.015452
0.015419
0.013655
0.006209
-0.001072
-0.003773
-0.010736
-0.014760
-0.011229
-0.010012
-0.011325
-0.003651
-0.004594
-0.004094
-0.005791
-0.010287
-0.012014
-0.014440
-0.011448
-0.002346
0.001954
0.004384
0.008038
0.005735
-0.000196
-0.002748
-0.005245
-0.010643
-0.008782
-0.006073
-0.006353
-0.002077
-0.000042
-0.002734
0.001367
0.003453
-0.004279
-0.004260
-0.001291
-0.004882
-0.002691
0.001688
0.000825
0.002807
0.001631
-0.000829
0.000893
-0.001555
-0.002754
0.000321
0.002972
0.005373
0.014978
0.017665
0.016232
0.020045
0.017333
0.012999
0.012435
0.009583
0.002165
0.002478
0.012074
0.013505
0.014284
0.022625
0.022131
0.021638
0.023966
0.022168
0.017515
0.011739
0.006799
0.004541
-0.000550
-0.001246
-0.000329
-0.000210
-0.001116
-0.001371
-0.002609
-0.004194
-0.003833
-0.007690
-0.011050
-0.012378
-0.016389
-0.016482
-0.012701
-0.010970
-0.007806
-0.005866
-0.007405
-0.008399
-0.012444
-0.014457
-0.014066
-0.013451
-0.009058
-0.003328
-0.002314
0.000145
0.000501
-0.000042
-0.004301
-0.011496
-0.014317
-0.016256
-0.014858
-0.011544
-0.007935
-0.001333
0.001726
0.003906
0.007464
0.005443
0.002420
0.004320
0.002624
0.002593
0.004317
0.004098
0.003540
0.003635
0.002382
-0.001516
-0.002227
-0.002874
-0.003763
-0.005435
-0.003654
0.001390
0.003931
0.008301
0.009098
0.006883
0.007868
0.007303
0.005519
0.004924
0.005191
0.004667
0.002806
0.000283
-0.002480
-0.001912
-0.002528
-0.002461
-0.001814
-0.002586
0.003013
0.005732
0.006754
0.009067
0.007476
0.003672
0.001056
-0.000350
-0.003400
-0.003536
-0.001621
-0.001563
0.000482
0.002896
0.002620
0.003732
0.005811
0.005992
0.008410
0.010684
0.011557
0.012069
0.011061
0.008810
0.010105
0.010724
0.010239
0.013775
0.014738
0.011934
0.011185
0.010027
0.007433
0.002844
-0.000650
-0.002953
-0.003775
-0.001856
0.000523
0.000686
0.000538
0.002515
0.000613
-0.003582
-0.003640
-0.005117
-0.005297
-0.005191
-0.006438
-0.007173
-0.007656
-0.009514
-0.008853
-0.009193
-0.009587
-0.008695
-0.007984
-0.007363
-0.004984
-0.002083
0.001036
0.002135
0.002436
-0.000145
-0.002336
-0.003495
-0.006667
-0.009881
-0.010954
-0.010538
-0.007456
-0.003372
0.000738
0.003831
0.003736
-0.000272
-0.004257
-0.008398
-0.011781
-0.011270
-0.009832
-0.006135
-0.003471
-0.001589
-0.000484
0.000013
0.000011
0.000621
0.002835
0.004666
0.002526
0.003558
0.002029
0.001250
0.002129
0.001570
0.002615
0.004060
0.003447
0.003078
0.001535
0.002549
0.003839
0.003790
0.002694
0.004271
0.002998
0.001440
-0.000454
0.000023
-0.000275
0.001174
0.002341
0.002219
0.000434
-0.002028
-0.003809
-0.004808
-0.006433
-0.004368
-0.001922
0.000704
0.004323
0.005960
0.009442
0.010287
0.007907
0.005011
0.002165
0.000601
0.002305
0.004319
0.006995
0.008748
0.010568
0.012710
0.014707
0.015006
0.015514
0.015325
0.013493
0.012405
0.011741
0.011431
0.012154
0.014300
0.014229
0.013859
0.011956
0.009042
0.006527
0.005356
0.006846
0.009435
0.010818
0.011669
0.012303
0.010575
0.007384
0.002283
-0.001834
-0.004879
-0.005760
-0.008045
-0.007903
-0.007298
-0.005848
-0.003566
-0.001678
-0.002390
-0.004714
-0.007770
-0.012230
-0.016254
-0.019095
-0.021286
-0.022153
-0.022307
-0.023859
-0.023749
-0.024856
-0.024129
-0.023130
-0.020597
-0.019034
-0.016005
-0.014993
-0.015499
-0.017062
-0.016919
-0.018216
-0.018524
-0.017897
-0.015817
-0.014030
-0.008867
-0.002828
0.000933
0.003290
0.005106
0.004321
0.003579
0.003682
0.004914
0.005416
0.007450
0.010495
0.012443
0.013832
0.015950
0.015768
0.015204
0.014118
0.011434
0.009204
0.009176
0.008705
0.009114
0.013089
0.016616
0.018549
0.021625
0.022403
0.021453
0.018699
0.015503
0.013658
0.012589
0.013322
0.014734
0.014707
0.013821
0.014047
0.014347
0.013724
0.013786
0.013037
0.009506
0.006977
0.003491
0.000698
-0.000001
0.000308
0.001114
0.003293
0.004059
0.003537
0.003120
0.000626
-0.002629
-0.004689
-0.006788
-0.009645
-0.010908
-0.010589
-0.011456
-0.012366
-0.013288
-0.013257
-0.011791
-0.010012
-0.008689
-0.007039
-0.006978
-0.005717
-0.004165
-0.003604
-0.003461
-0.003632
-0.004623
-0.005032
-0.005459
-0.006927
-0.008440
-0.008473
-0.008639
-0.008975
-0.007130
-0.006031
-0.005354
-0.005316
-0.004360
-0.004860
-0.005536
-0.005515
-0.004201
-0.003422
-0.001217
-0.000018
0.000624
0.001489
0.001769
0.000128
-0.001166
-0.000672
-0.001412
-0.002048
-0.002431
-0.003129
-0.002701
-0.001187
0.000823
0.002698
0.002674
0.002350
0.003238
0.003661
0.004478
0.003144
0.002085
0.003002
0.004600
0.005655
0.006338
0.007295
0.006863
0.005375
0.005554
0.004674
0.004719
0.005085
0.005142
0.005179
0.003941
0.003166
0.003431
0.004959
0.007000
0.008602
0.010788
0.012301
0.012881
0.012730
0.011158
0.008662
0.007155
0.005033
0.003408
0.002349
0.001610
0.001734
0.002145
0.002052
0.002314
0.001086
-0.000715
-0.001775
-0.002398
-0.003694
-0.005037
-0.005183
-0.004912
-0.004572
-0.003629
-0.002868
-0.001621
-0.001725
-0.001551
-0.001666
-0.001284
-0.002203
-0.002024
-0.002511
-0.003586
-0.003990
-0.004250
-0.004734
-0.004972
-0.004356
-0.003404
-0.001790
-0.000204
0.001190
0.001889
0.001956
0.002925
0.003246
0.003643
0.004917
0.005221
0.005037
0.005856
0.005297
0.003846
0.003378
0.003078
0.001980
0.001436
0.001364
0.000954
0.000733
0.001449
0.001678
0.001983
0.003264
0.003554
0.004186
0.002534
0.001186
-0.000378
-0.000978
-0.001736
-0.002061
-0.002767
-0.004580
-0.005705
-0.007670
-0.009075
-0.009666
-0.010301
-0.010965
-0.010452
-0.009727
-0.008530
-0.007222
-0.007038
-0.006059
-0.005877
-0.006069
-0.005953
-0.005881
-0.005276
-0.006515
-0.007017
-0.006257
-0.005081
-0.003810
-0.002942
-0.002305
-0.002216
-0.002901
-0.003894
-0.003317
-0.002445
-0.001300
0.000053
0.001813
0.003101
0.006480
0.008883
0.010239
0.011188
0.013149
0.014078
0.014616
0.014158
0.013402
0.013336
0.013832
0.014410
0.013853
0.013306
0.013728
0.013243
0.013261
0.013616
0.013566
0.013288
0.012605
0.011807
0.010287
0.008945
0.008232
0.007460
0.007047
0.007114
0.006831
0.007095
0.005808
0.004505
0.003229
0.000368
-0.002702
-0.003429
-0.003999
-0.004782
-0.004578
-0.004042
-0.004588
-0.003827
-0.003844
-0.004896
-0.005760
-0.006561
-0.007521
-0.008766
-0.009057
-0.007784
-0.006219
-0.005576
-0.004246
-0.004500
-0.004815
-0.004326
-0.002966
-0.003901
-0.005386
-0.006285
-0.008598
-0.011019
-0.012804
-0.013475
-0.014159
-0.014464
-0.013602
-0.012372
-0.010796
-0.011020
-0.011979
-0.012495
-0.013012
-0.013757
-0.014183
-0.013689
-0.011906
-0.009122
-0.006787
-0.004497
-0.002272
-0.001345
0.001173
0.002332
0.003396
0.004628
0.005012
0.005799
0.006047
0.006710
0.008237
0.009194
0.009761
0.009292
0.009346
0.010251
0.011641
0.012190
0.012351
0.011666
0.010215
0.010319
0.011118
0.011965
0.012706
0.013258
0.014286
0.015737
0.015623
0.015058
0.014175
0.013099
0.012274
0.011943
0.012008
0.010735
0.009793
0.009778
0.010772
0.011391
0.010511
0.009872
0.008393
0.005693
0.002922
0.002081
0.002837
0.002785
0.002908
0.004116
0.004826
0.003892
0.001790
0.000310
-0.001845
-0.003942
-0.005836
-0.007101
-0.007404
-0.007038
-0.008149
-0.009579
-0.010717
-0.011657
-0.012872
-0.014627
-0.016193
-0.017589
-0.016909
-0.016623
-0.016493
-0.014653
-0.012480
-0.011285
-0.010027
-0.008257
-0.008528
-0.008295
-0.006939
-0.006157
-0.006267
-0.006873
-0.007700
-0.008278
-0.008742
-0.008973
-0.009377
-0.009878
-0.009704
-0.009181
-0.009015
-0.006965
-0.005168
-0.003750
-0.001121
0.001438
0.003976
0.005533
0.006837
0.008343
0.008624
0.008390
0.008939
0.010131
0.011854
0.014228
0.014744
0.015140
0.016444
0.016668
0.015966
0.015439
0.015716
0.013802
0.012591
0.014021
0.014833
0.014170
0.012507
0.011839
0.009776
0.008326
0.006684
0.005112
0.004036
0.002910
0.003084
0.003674
0.002268
0.001275
0.001243
0.000319
-0.001210
-0.002814
-0.003097
-0.005119
-0.006065
-0.006596
-0.005659
-0.005285
-0.003510
-0.001947
-0.000950
-0.000119
-0.000169
-0.001154
-0.001261
-0.002519
-0.003616
-0.004311
-0.004752
-0.004693
-0.003599
-0.003096
-0.002398
-0.001683
-0.002122
-0.001911
-0.001144
-0.001064
-0.001247
-0.002449
-0.002263
-0.002359
-0.003405
-0.004824
-0.003310
-0.002507
-0.001081
0.001356
0.003728
0.004834
0.006983
0.007808
0.007684
0.007342
0.006519
0.005676
0.005363
0.005701
0.004497
0.003786
0.003909
0.003763
0.002919
0.003308
0.002576
0.002042
0.001921
0.001439
0.001050
0.001680
0.001058
0.000015
-0.000748
0.000689
-0.000025
-0.000117
-0.002081
-0.003695
-0.006155
-0.006600
-0.008289
-0.009096
-0.009338
-0.008074
-0.008606
-0.007921
-0.008641
-0.008604
-0.010506
-0.012364
-0.013653
-0.012583
-0.012262
-0.010677
-0.008595
-0.006663
-0.006238
-0.005255
-0.004012
-0.001403
0.001535
0.004072
0.004795
0.005471
0.005614
0.006593
0.005716
0.005721
0.005423
0.005191
0.004596
0.005981
0.007044
0.008370
0.009384
0.010638
0.011033
0.010330
0.010555
0.011555
0.011427
0.011271
0.011989
0.011685
0.012281
0.012062
0.012441
0.013835
0.014642
0.013956
0.014143
0.014639
0.014298
0.013838
0.013238
0.011145
0.008997
0.008165
0.007135
0.005452
0.004289
0.003929
0.002295
0.001921
0.000581
-0.000377
-0.001472
-0.002183
-0.003959
-0.005413
-0.006867
-0.008374
-0.010977
-0.012566
-0.014604
-0.015402
-0.016100
-0.016104
-0.015930
-0.015327
-0.015718
-0.015831
-0.016670
-0.017404
-0.018124
-0.017955
-0.017568
-0.018056
-0.017456
-0.016610
-0.013693
-0.011663
-0.010406
-0.009453
-0.007795
-0.006481
-0.005542
-0.003669
-0.003159
-0.001985
0.000576
0.002849
0.003466
0.004732
0.004943
0.005230
0.005428
0.004950
0.004544
0.004015
0.003907
0.002829
0.003145
0.004676
0.006144
0.006866
0.008576
0.011137
0.012829
0.013287
0.012236
0.012299
0.013186
0.013771
0.015380
0.015474
0.014938
0.015667
0.016005
0.015486
0.015203
0.013639
0.010212
0.008177
0.006490
0.003774
0.001169
0.000186
-0.000418
-0.001353
-0.000949
-0.000662
-0.001279
-0.000856
0.000900
0.000010
-0.001182
-0.000866
-0.000997
-0.000661
-0.000569
-0.000586
0.000099
0.000807
0.000719
-0.000308
-0.001385
-0.002316
-0.003081
-0.003405
-0.004571
-0.004516
-0.005125
-0.004376
-0.003142
-0.003263
-0.002659
-0.001537
-0.000100
-0.000128
-0.000283
-0.000325
-0.000568
-0.000118
0.000521
0.000564
0.000468
0.000525
0.000814
0.001358
0.001101
-0.000117
-0.001719
-0.003170
-0.004891
-0.005665
-0.005328
-0.004229
-0.002663
-0.002227
-0.001591
-0.001239
-0.000915
-0.000894
-0.001369
-0.002209
-0.003898
-0.004142
-0.003979
-0.004242
-0.004262
-0.004229
-0.004439
-0.003711
-0.003386
-0.002983
-0.002007
-0.000443
-0.000517
-0.001101
-0.001750
-0.001552
-0.001067
-0.000287
0.001677
0.002265
0.002684
0.002718
0.003443
0.003169
0.002990
0.002690
0.001997
0.001460
0.002038
0.001597
0.001636
0.002467
0.003305
0.002976
0.002364
0.001553
0.000210
-0.000330
-0.000040
0.001001
0.000730
0.000586
0.000851
0.000278
0.000520
0.000814
0.000713
0.000809
0.001115
0.001807
0.002287
0.002941
0.004390
0.004204
0.004407
0.004395
0.005025
0.004981
0.005898
0.006804
0.006673
0.006968
0.007690
0.007120
0.007608
0.007238
0.006414
0.005591
0.006193
0.006078
0.005227
0.004687
0.003652
0.004120
0.003129
0.003655
0.003477
0.004214
0.004008
0.003724
0.003900
0.004471
0.003031
0.001788
0.000829
0.001360
0.000777
0.000519
0.001033
0.002145
0.001810
0.001310
0.000109
-0.000518
-0.001035
-0.000633
-0.000936
-0.002192
-0.002316
-0.002427
-0.003898
-0.004446
-0.004637
-0.004864
-0.006825
-0.008236
-0.009099
-0.009944
-0.010981
-0.012313
-0.012149
-0.010673
-0.010919
-0.011249
-0.010076
-0.010020
-0.010738
-0.010403
-0.010520
-0.011365
-0.010524
-0.011040
-0.011271
-0.011531
-0.010622
-0.008733
-0.007831
-0.007507
-0.005983
-0.004169
-0.002429
-0.000839
-0.000439
0.001154
0.002317
0.002743
0.004682
0.006890
0.007191
0.007752
0.009004
0.009313
0.009853
0.011407
0.012293
0.011810
0.011566
0.011672
0.011646
0.010120
0.009778
0.009789
0.010326
0.010425
0.010035
0.009364
0.008705
0.008481
0.008357
0.008188
0.007898
0.007087
0.006238
0.006411
0.007408
0.007805
0.008175
0.008178
0.008655
0.008857
0.007703
0.006158
0.004583
0.004289
0.003838
0.003229
0.002722
0.001587
0.001241
0.001617
0.001442
0.000231
-0.001711
-0.002906
-0.003226
-0.003687
-0.004842
-0.005684
-0.006093
-0.006977
-0.008488
-0.009105
-0.009097
-0.009838
-0.010727
-0.010807
-0.010516
-0.012340
-0.013365
-0.011815
-0.010993
-0.010464
-0.009058
-0.007282
-0.005662
-0.005004
-0.004644
-0.004184
-0.004037
-0.003384
-0.002167
-0.001232
-0.001388
-0.000749
-0.001093
-0.001784
-0.000474
0.000115
-0.000122
-0.000535
-0.000733
-0.000281
0.000340
-0.000044
-0.000866
-0.001982
-0.001945
-0.001809
-0.000995
0.000276
0.000978
0.002129
0.003879
0.004974
0.005168
0.007001
0.007978
0.008609
0.008927
0.010018
0.010381
0.010573
0.010987
0.010502
0.010661
0.009650
0.009262
0.009411
0.008744
0.006182
0.004515
0.003029
0.001940
0.000871
0.001198
0.000404
0.000317
0.000959
0.001947
0.001545
0.000355
-0.000225
-0.001109
-0.001574
-0.003016
-0.002354
-0.001090
-0.000476
-0.000816
-0.000286
-0.000724
-0.000821
-0.000112
0.000846
0.001122
0.001874
0.002707
0.004161
0.004717
0.004998
0.006121
0.005701
0.005405
0.004972
0.005164
0.004373
0.004884
0.004778
0.003442
0.000931
-0.000358
-0.001593
-0.001865
-0.002219
-0.003154
-0.004092
-0.004670
-0.005743
-0.005222
-0.005015
-0.007224
-0.007490
-0.006750
-0.008321
-0.009393
-0.008955
-0.008931
-0.008778
-0.009543
-0.010218
-0.009308
-0.008704
-0.008557
-0.008238
-0.008236
-0.009555
-0.009036
-0.008454
-0.008026
-0.008108
-0.006836
-0.006295
-0.004602
-0.003481
-0.002539
-0.002366
-0.001145
0.000656
0.002944
0.002995
0.004099
0.005537
0.005843
0.005171
0.006698
0.008255
0.009239
0.010740
0.013172
0.013858
0.013559
0.013529
0.015039
0.015294
0.015689
0.015649
0.015751
0.015035
0.014929
0.015210
0.013672
0.011855
0.011089
0.008709
0.008385
0.005977
0.004656
0.001897
0.001688
0.000929
0.001058
0.000193
-0.000367
-0.001605
-0.001221
-0.001502
-0.002265
-0.003192
-0.004142
-0.005512
-0.005596
-0.005763
-0.006389
-0.006568
-0.005916
-0.005336
-0.005505
-0.006489
-0.007988
-0.008323
-0.009863
-0.009972
-0.009652
-0.009451
-0.008573
-0.007598
-0.007219
-0.006443
-0.006460
-0.005637
-0.006334
-0.006823
-0.006187
-0.005022
-0.003442
-0.002842
-0.002378
-0.001433
-0.000896
-0.001046
-0.001335
-0.000923
-0.000925
-0.000436
-0.000175
0.001198
0.003037
0.004610
0.005392
0.006277
0.006591
0.006258
0.007071
0.007799
0.008215
0.008733
0.009743
0.010385
0.009882
0.010593
0.010641
0.010072
0.009822
0.009888
0.008851
0.007362
0.005452
0.004710
0.003342
0.002032
0.002268
0.001056
-0.000580
-0.001926
-0.003232
-0.005063
-0.006110
-0.007973
-0.008553
-0.008382
-0.008555
-0.008139
-0.006688
-0.006939
-0.006818
-0.006717
-0.007036
-0.007935
-0.007231
-0.006322
-0.005173
-0.004878
-0.003762
-0.003527
-0.003256
-0.002246
-0.001564
-0.001861
-0.000958
0.001312
0.003063
0.003280
0.004643
0.005335
0.006577
0.006593
0.006865
0.007606
0.007499
0.007054
0.006557
0.006887
0.006790
0.006566
0.005906
0.006585
0.006796
0.006476
0.006854
0.006885
0.007120
0.008215
0.006723
0.004092
0.003957
0.004453
0.004616
0.003374
0.002656
0.002900
0.002922
0.003091
0.002629
0.002042
0.000673
0.001138
0.001092
-0.000041
-0.001720
-0.002398
-0.003536
-0.004688
-0.005937
-0.007933
-0.009997
-0.012396
-0.012914
-0.013661
-0.013130
-0.013790
-0.014291
-0.014052
-0.012507
-0.011535
-0.009992
-0.007238
-0.005687
-0.004654
-0.002030
0.000084
0.001505
0.002987
0.003085
0.003004
0.003091
0.003892
0.005007
0.005554
0.005168
0.005357
0.005702
0.005823
0.006315
0.007617
0.008319
0.007703
0.007570
0.007754
0.007840
0.006625
0.006862
0.008154
0.008124
0.007555
0.007672
0.006559
0.006011
0.006079
0.005235
0.004675
0.003222
0.002755
0.001827
0.001786
0.000769
0.001684
0.001871
0.001261
-0.000803
-0.000279
-0.000980
-0.002090
-0.002761
-0.002917
-0.003448
-0.003186
-0.002732
-0.002943
-0.003599
-0.004720
-0.005688
-0.006265
-0.006075
-0.005833
-0.005218
-0.004845
-0.004381
-0.004434
-0.004327
-0.004189
-0.003616
-0.003096
-0.002131
-0.001116
0.001120
0.002662
0.002904
0.001738
0.001715
0.001629
0.001965
0.001689
0.002816
0.003615
0.004845
0.005839
0.007249
0.007878
0.008503
0.008401
0.008447
0.006957
0.005502
0.006019
0.006418
0.005223
0.004285
0.002498
0.001920
0.002599
0.002271
0.000906
-0.000679
-0.000930
-0.002386
-0.003929
-0.003910
-0.003799
-0.005360
-0.006987
-0.006852
-0.007776
-0.008183
-0.007897
-0.008244
-0.008131
-0.008048
-0.008684
-0.008535
-0.007380
-0.006865
-0.005686
-0.003274
-0.001735
-0.001261
-0.001786
-0.001463
-0.001305
-0.000865
-0.000761
-0.000213
0.000020
-0.001304
-0.002192
-0.001696
-0.001924
-0.001206
0.000134
0.000196
0.000398
0.001896
0.003401
0.003999
0.004353
0.005345
0.006469
0.007406
0.007776
0.009111
0.009867
0.009725
0.009866
0.010692
0.011519
0.011676
0.012708
0.014092
0.013816
0.014262
0.014933
0.013577
0.013137
0.012218
0.010729
0.008874
0.006383
0.004723
0.003207
0.001163
-0.000204
-0.001547
-0.004142
-0.006111
-0.006981
-0.008552
-0.009877
-0.009923
-0.009756
-0.010547
-0.011048
-0.011086
-0.010293
-0.010889
-0.011130
-0.011643
-0.010249
-0.010172
-0.011207
-0.011152
-0.010480
-0.009984
-0.008831
-0.006930
-0.006282
-0.005934
-0.005358
-0.003483
-0.002084
-0.001452
-0.000446
0.000835
0.001659
0.002069
0.002179
0.002798
0.003084
0.002869
0.003123
0.003722
0.003338
0.002768
0.001491
0.001427
0.001619
0.001459
0.001334
0.001248
0.001408
0.002180
0.002993
0.003650
0.004881
0.006209
0.007911
0.008335
0.009001
0.009348
0.008883
0.008962
0.008675
0.007648
0.007176
0.006809
0.005624
0.004815
0.003979
0.003138
0.002391
0.001492
0.001668
0.002246
0.003019
0.002669
0.001966
0.001590
0.000006
-0.001173
-0.002379
-0.002560
-0.002666
-0.002847
-0.002847
-0.004146
-0.005355
-0.004877
-0.003953
-0.004449
-0.004135
-0.004388
-0.004725
-0.005425
-0.006057
-0.004824
-0.003037
-0.002067
-0.001220
0.000209
0.000753
0.001712
0.002719
0.002326
0.001703
0.002738
0.003255
0.002327
0.001921
0.001997
0.002366
0.002009
0.001721
0.002950
0.003427
0.003271
0.003266
0.002889
0.002473
0.001953
0.001538
0.001198
0.000747
0.001371
0.002402
0.002901
0.001358
-0.000081
0.000332
0.000506
-0.000526
-0.000784
0.000047
0.000611
0.000778
0.001241
0.002934
0.003413
0.002534
0.002189
0.001898
0.000467
-0.000473
-0.001046
-0.001103
-0.001001
-0.001611
-0.002762
-0.003590
-0.004409
-0.006627
-0.007623
-0.007846
-0.007743
-0.006984
-0.006933
-0.005882
-0.004863
-0.003934
-0.003362
-0.004076
-0.005140
-0.005875
-0.005615
-0.005275
-0.004717
-0.004232
-0.004450
-0.003094
-0.001155
-0.000853
-0.001056
-0.000975
-0.001170
-0.001853
-0.001265
0.000738
0.002307
0.003951
0.006608
0.008481
0.010161
0.011361
0.012873
0.014120
0.015556
0.016683
0.015903
0.014762
0.013851
0.013079
0.011708
0.011556
0.010990
0.009456
0.008670
0.006608
0.006078
0.006578
0.005492
0.004390
0.004090
0.003317
0.001311
0.000877
0.000207
0.000248
0.000380
0.000067
-0.000090
-0.000036
-0.001326
-0.001833
-0.000886
-0.001435
-0.001828
-0.002845
-0.004956
-0.006862
-0.008832
-0.010393
-0.011033
-0.012096
-0.011585
-0.010556
-0.011192
-0.012460
-0.012156
-0.012011
-0.011603
-0.011342
-0.009750
-0.006888
-0.004883
-0.003597
-0.001474
0.000080
0.000933
0.002549
0.003053
0.002409
0.002785
0.003604
0.003655
0.003205
0.003403
0.003746
0.003273
0.003681
0.004282
0.003890
0.003517
0.003740
0.003298
0.002903
0.003658
0.003627
0.003713
0.004166
0.003433
0.003797
0.004306
0.004639
0.004699
0.004708
0.004334
0.003400
0.003295
0.003173
0.002394
0.002605
0.003397
0.004042
0.004658
0.004796
0.005266
0.005176
0.005843
0.006132
0.005475
0.004391
0.002640
0.001393
0.002000
0.001957
0.000429
-0.000752
-0.000447
-0.000744
-0.001133
-0.001244
-0.001769
-0.003283
-0.004184
-0.004427
-0.005224
-0.006538
-0.006861
-0.006245
-0.005179
-0.004473
-0.003918
-0.004315
-0.004213
-0.003917
-0.003601
-0.003567
-0.003248
-0.003028
-0.002105
-0.001730
-0.000668
0.000125
-0.000027
0.000577
0.000770
0.000022
0.000036
0.000503
0.001255
0.001871
0.000446
0.000026
0.001124
0.001988
0.001621
0.000681
0.000793
0.001210
0.002024
0.003739
0.005921
0.008201
0.008643
0.009142
0.009093
0.008721
0.008782
0.009935
0.010196
0.009864
0.010435
0.010805
0.010600
0.010515
0.009295
0.006899
0.006101
0.004814
0.004723
0.004738
0.004271
0.004058
0.003896
0.003058
0.000976
-0.000804
-0.001711
-0.002208
-0.002689
-0.003749
-0.005725
-0.006395
-0.006765
-0.007231
-0.006949
-0.006572
-0.006388
-0.006334
-0.006968
-0.006925
-0.007190
-0.007533
-0.007539
-0.007479
-0.007917
-0.008534
-0.007979
-0.007460
-0.007685
-0.007917
-0.006476
-0.005423
-0.004554
-0.005145
-0.006069
-0.005776
-0.005743
-0.005560
-0.004515
-0.003916
-0.004816
-0.004848
-0.004773
-0.005125
-0.003771
-0.001204
0.000080
0.001655
0.002992
0.004408
0.005184
0.005872
0.007419
0.007824
0.007933
0.009015
0.010626
0.011259
0.011481
0.012356
0.013090
0.013338
0.013125
0.012695
0.012364
0.012097
0.012614
0.012359
0.012181
0.012033
0.010708
0.009894
0.009044
0.008409
0.008437
0.008058
0.007503
0.006852
0.004921
0.003745
0.002185
-0.000106
-0.001244
-0.002790
-0.003993
-0.005401
-0.006513
-0.006858
-0.008635
-0.009777
-0.009909
-0.010556
-0.011326
-0.010991
-0.010477
-0.011263
-0.012656
-0.013412
-0.013293
-0.012602
-0.012138
-0.013002
-0.013034
-0.011872
-0.010909
-0.010057
-0.008357
-0.006424
-0.004907
-0.004305
-0.004121
-0.002915
-0.001210
0.000005
0.001326
0.002506
0.003738
0.004395
0.004417
0.005358
0.005850
0.005881
0.005771
0.006432
0.007921
0.008831
0.008539
0.008502
0.008899
0.009098
0.009323
0.010223
0.010291
0.010525
0.010341
0.008706
0.008667
0.009443
0.009294
0.009072
0.009346
0.008674
0.007565
0.006632
0.004794
0.003423
0.002375
0.002015
0.002065
0.000776
-0.000087
0.001036
0.001672
0.001404
0.001196
0.001927
0.002336
0.002455
0.002462
0.002174
0.001694
0.000326
-0.000061
-0.000730
-0.002074
-0.002643
-0.002623
-0.004176
-0.006301
-0.007139
-0.007424
-0.007555
-0.007667
-0.007543
-0.007494
-0.007304
-0.006938
-0.006437
-0.007161
-0.007919
-0.007727
-0.006951
-0.005933
-0.005097
-0.003126
-0.001995
-0.001387
-0.001017
-0.000691
-0.001027
-0.000044
0.000575
-0.000017
0.000293
0.001338
0.001569
0.001793
0.001732
0.002849
0.003544
0.003945
0.003674
0.004870
0.004874
0.004310
0.002519
0.000977
-0.000495
-0.001727
-0.003720
-0.005133
-0.005275
-0.006130
-0.006818
-0.006312
-0.005119
-0.005294
-0.004117
-0.002919
-0.002288
-0.001471
0.000600
0.001084
0.001905
0.002610
0.004170
0.005794
0.006710
0.007260
0.007917
0.008560
0.009192
0.008824
0.009129
0.009099
0.008808
0.009649
0.011902
0.012799
0.012925
0.012620
0.013052
0.013288
0.012829
0.011023
0.009423
0.008352
0.007801
0.007377
0.007214
0.006176
0.005316
0.004716
0.004021
0.001680
-0.000161
-0.001616
-0.003457
-0.004223
-0.003520
-0.004337
-0.005783
-0.006874
-0.007779
-0.008800
-0.008755
-0.008538
-0.009055
-0.009433
-0.008999
-0.008563
-0.009896
-0.010385
-0.010688
-0.011101
-0.011249
-0.010548
-0.010048
-0.009858
-0.009243
-0.008556
-0.007565
-0.006842
-0.006274
-0.006011
-0.005877
-0.005605
-0.004653
-0.004209
-0.004308
-0.004190
-0.003603
-0.002188
0.000188
0.001501
0.002756
0.004250
0.005518
0.006414
0.006376
0.006913
0.008144
0.008777
0.009365
0.009549
0.009578
0.010851
0.011163
0.011215
0.011152
0.011288
0.011004
0.009769
0.009495
0.008910
0.006485
0.005478
0.005010
0.003418
0.002094
0.001483
0.001933
0.001699
0.001897
0.002482
0.001977
0.000991
0.000700
0.000603
0.000045
-0.000629
-0.000929
-0.001678
-0.002182
-0.002757
-0.002301
-0.001246
-0.001247
-0.001391
-0.001734
-0.001670
-0.002052
-0.001955
-0.002147
-0.002468
-0.003398
-0.004016
-0.003913
-0.003476
-0.002905
-0.002665
-0.001663
-0.001305
-0.000848
0.000041
0.000103
0.001014
0.002966
0.002888
0.004233
0.004985
0.005019
0.005296
0.005876
0.005336
0.005356
0.006542
0.006484
0.004851
0.004585
0.004793
0.004256
0.004985
0.005691
0.005269
0.005313
0.005890
0.005687
0.005718
0.005191
0.004289
0.003992
0.003110
0.001564
0.000859
-0.001421
-0.002716
-0.002790
-0.003951
-0.006243
-0.007324
-0.007102
-0.007748
-0.008910
-0.009040
-0.008831
-0.009508
-0.009756
-0.009411
-0.009482
-0.009182
-0.009661
-0.009416
-0.008420
-0.007839
-0.008817
-0.009632
-0.008986
-0.009212
-0.009192
-0.008167
-0.007760
-0.005930
-0.005071
-0.003925
-0.004053
-0.002635
-0.001594
0.000086
0.000722
0.002686
0.004545
0.006759
0.009606
0.012555
0.013702
0.013882
0.013470
0.013565
0.014444
0.014557
0.014429
0.015825
0.016336
0.015853
0.017443
0.018029
0.017218
0.016497
0.016511
0.016095
0.015203
0.014183
0.014032
0.012469
0.011012
0.010069
0.008677
0.005163
0.003233
0.001335
0.000553
-0.000949
-0.001878
-0.001506
-0.002462
-0.004390
-0.006205
-0.007069
-0.008752
-0.010117
-0.010120
-0.010696
-0.011292
-0.010375
-0.009988
-0.009990
-0.009969
-0.009691
-0.009025
-0.009013
-0.008954
-0.008162
-0.006666
-0.005778
-0.004352
-0.002194
-0.001681
-0.000194
0.001551
0.002159
0.002215
0.001526
0.000581
0.000505
0.000476
0.000699
0.001134
0.001357
0.000827
0.000908
0.000588
0.000047
-0.000422
-0.000482
0.000095
0.000852
0.001133
0.001124
0.000638
0.001263
0.002341
0.002656
0.001650
0.001508
0.001972
0.001695
0.000830
0.000566
0.001230
0.001152
0.000591
0.000711
0.000229
-0.000631
-0.000561
-0.000423
0.000124
0.000161
0.000075
-0.000238
-0.001437
-0.003192
-0.003610
-0.003491
-0.003812
-0.003815
-0.003874
-0.004333
-0.004855
-0.004818
-0.004411
-0.003342
-0.002025
-0.000065
0.001873
0.003275
0.004445
0.005701
0.007837
0.009007
0.010307
0.012277
0.012411
0.011501
0.010541
0.009842
0.008467
0.007146
0.006822
0.006426
0.005490
0.005224
0.006005
0.006373
0.006302
0.007192
0.007452
0.006566
0.006975
0.007735
0.007127
0.006033
0.003794
0.003168
0.003243
0.002016
0.001667
0.001563
0.000341
-0.000319
-0.001588
-0.002653
-0.004152
-0.004468
-0.003675
-0.002890
-0.002886
-0.002873
-0.002776
-0.004147
-0.005486
-0.006381
-0.006769
-0.006965
-0.006798
-0.006630
-0.007459
-0.008618
-0.009038
-0.008707
-0.008530
-0.008526
-0.008365
-0.008077
-0.007832
-0.006715
-0.005494
-0.005185
-0.004531
-0.003824
-0.002865
-0.002066
-0.001704
-0.001073
-0.000532
-0.000365
0.000387
0.001680
0.002368
0.002610
0.003505
0.004140
0.003708
0.003183
0.003077
0.003076
0.003565
0.003918
0.004904
0.005574
0.004861
0.005288
0.005836
0.004703
0.003738
0.002646
0.002580
0.002844
0.001452
0.001427
0.001827
0.000523
-0.000730
-0.001189
-0.001144
-0.002414
-0.003279
-0.002504
-0.000330
0.001403
0.001980
0.002204
0.002059
0.002909
0.005193
0.005456
0.005089
0.005756
0.007210
0.008160
0.009215
0.009401
0.009248
0.009598
0.010641
0.011466
0.012005
0.011733
0.011051
0.011203
0.010551
0.009075
0.008587
0.007655
0.007204
0.007086
0.006862
0.006867
0.005572
0.004271
0.003588
0.001794
0.001769
0.003099
0.002329
0.001182
0.000073
-0.001436
-0.002914
-0.004498
-0.005442
-0.006031
-0.007195
-0.008703
-0.010095
-0.011753
-0.012842
-0.013744
-0.015069
-0.014999
-0.015096
-0.015599
-0.016024
-0.015661
-0.015253
-0.013857
-0.012228
-0.011477
-0.009986
-0.008889
-0.008487
-0.008144
-0.008005
-0.007778
-0.007510
-0.006812
-0.005276
-0.003945
-0.003491
-0.001579
0.000206
0.001671
0.004250
0.006229
0.007661
0.008746
0.009833
0.011210
0.012082
0.012652
0.013383
0.014425
0.013712
0.011621
0.010180
0.008707
0.008053
0.006919
0.005127
0.004524
0.004119
0.001905
-0.000108
-0.000880
-0.001648
-0.002015
-0.001256
-0.001884
-0.003334
-0.002084
-0.001584
-0.001590
-0.001614
-0.000923
-0.000768
-0.001013
-0.001296
-0.000315
-0.000270
-0.001000
-0.001788
-0.002458
-0.002538
-0.001436
-0.000701
-0.000128
0.000160
0.000738
0.001755
0.002614
0.003065
0.003350
0.002968
0.003995
0.004173
0.004288
0.005044
0.005005
0.005066
0.005978
0.006153
0.006514
0.007733
0.009545
0.009826
0.010608
0.011977
0.011944
0.011459
0.010697
0.010455
0.009756
0.008111
0.007570
0.007122
0.006501
0.006332
0.005383
0.004715
0.004099
0.003226
0.002630
0.002844
0.002738
0.001948
0.001369
0.000571
-0.001383
-0.003417
-0.004966
-0.006838
-0.007020
-0.007223
-0.007367
-0.007905
-0.009294
-0.009557
-0.010084
-0.010465
-0.009871
-0.009564
-0.009088
-0.009128
-0.008634
-0.007807
-0.008161
-0.008405
-0.008360
-0.007684
-0.008112
-0.008552
-0.008184
-0.008404
-0.009177
-0.009319
-0.008648
-0.008605
-0.008671
-0.008666
-0.009424
-0.010070
-0.009636
-0.009613
-0.009542
-0.009028
-0.007977
-0.006777
-0.006678
-0.006276
-0.005082
-0.002819
-0.000707
0.000903
0.003053
0.004602
0.006181
0.008630
0.010417
0.010716
0.010592
0.011797
0.013354
0.014375
0.015718
0.016647
0.017655
0.017234
0.016064
0.014912
0.014689
0.014453
0.014148
0.014766
0.015115
0.015050
0.015088
0.015361
0.015733
0.016743
0.016836
0.017467
0.017999
0.017436
0.016565
0.014329
0.012657
0.010823
0.007712
0.004520
0.003173
0.002160
0.000495
-0.000554
-0.001962
-0.003370
-0.004748
-0.006940
-0.008724
-0.009437
-0.010367
-0.010232
-0.009808
-0.010262
-0.011022
-0.011225
-0.011280
-0.011983
-0.011769
-0.011909
-0.012453
-0.011679
-0.010919
-0.010091
-0.010608
-0.011663
-0.011401
-0.011138
-0.011165
-0.011431
-0.011051
-0.010114
-0.009432
-0.008137
-0.007066
-0.006723
-0.006290
-0.005790
-0.005173
-0.005146
-0.004877
-0.003423
-0.002515
-0.002399
-0.002325
-0.002514
-0.002244
-0.001836
-0.001852
-0.001236
0.000016
0.001741
0.003647
0.003526
0.003115
0.002947
0.002691
0.003573
0.004601
0.005778
0.007030
0.008022
0.009273
0.010276
0.009689
0.009403
0.009314
0.009745
0.010286
0.010723
0.011113
0.010530
0.010093
0.010418
0.009901
0.009178
0.009381
0.009631
0.008922
0.008564
0.009599
0.009845
0.009668
0.008307
0.007247
0.006049
0.004526
0.003392
0.002224
0.000755
0.000594
0.000834
-0.000172
-0.001394
-0.003393
-0.004162
-0.003542
-0.004066
-0.004798
-0.003695
-0.001881
-0.000018
0.001444
0.002330
0.003506
0.003952
0.003826
0.004218
0.005239
0.005604
0.004572
0.003515
0.002197
0.001674
0.001327
0.000716
0.000827
0.001181
0.000719
-0.000732
-0.002141
-0.004479
-0.006808
-0.008781
-0.008784
-0.008159
-0.007433
-0.007380
-0.006964
-0.006657
-0.007883
-0.009165
-0.009618
-0.010275
-0.011249
-0.011371
-0.009816
-0.007945
-0.007303
-0.007318
-0.008161
-0.008520
-0.009017
-0.007739
-0.005311
-0.001961
0.000395
0.000566
0.000941
0.002436
0.003007
0.002471
0.001395
0.001261
0.001228
-0.000301
-0.001053
-0.000029
-0.000046
0.000710
0.001802
0.001087
0.000587
0.000487
0.001090
0.002239
0.003319
0.004283
0.004414
0.004016
0.004524
0.005040
0.005515
0.006677
0.007550
0.007681
0.008070
0.007480
0.007288
0.007329
0.005994
0.004758
0.004704
0.004454
0.005048
0.006465
0.007676
0.008608
0.010812
0.012347
0.012252
0.012521
0.013152
0.014509
0.015044
0.014989
0.015514
0.014919
0.012466
0.011248
0.011704
0.011951
0.010404
0.009350
0.008893
0.008581
0.008451
0.008030
0.006842
0.005673
0.004423
0.002149
-0.000673
-0.002604
-0.003211
-0.004185
-0.005994
-0.006497
-0.006774
-0.007340
-0.009456
-0.011410
-0.013591
-0.017059
-0.019350
-0.020054
-0.021753
-0.022597
-0.021515
-0.020487
-0.020556
-0.019327
-0.017904
-0.016579
-0.016535
-0.016673
-0.015909
-0.014296
-0.011928
-0.009446
-0.008976
-0.008782
-0.009394
-0.008878
-0.006473
-0.004251
-0.003933
-0.003483
-0.001283
0.001325
0.002942
0.004183
0.004171
0.004507
0.005234
0.006676
0.007247
0.008370
0.006109
