# STATIONID: 200
# STARTTIME: 1123796682.180000
# SAMPLERATE: 100
# NUMSAMPLES: 6399
0.000019
-0.000194
-0.000115
-0.000286
-0.001216
-0.001706
-0.001331
-0.000791
-0.000434
0.000318
0.001046
0.001134
0.001249
0.001510
0.001565
0.001130
0.000710
0.000383
-0.000770
-0.000845
-0.000601
-0.000760
-0.000803
-0.000944
-0.000431
-0.000084
-0.000304
-0.000555
-0.000467
-0.000314
-0.000489
-0.000248
0.000601
0.000756
0.000914
0.001667
0.001856
0.001472
0.000632
0.000254
0.000349
0.000120
-0.000552
-0.000687
-0.000409
-0.000266
-0.000001
0.000798
0.001456
0.001132
0.000758
0.000917
0.000801
0.001221
0.001097
0.000652
0.000602
-0.000033
0.000068
0.001016
0.000699
-0.000500
-0.000372
-0.000144
0.000157
0.000450
0.000632
0.000395
0.000047
0.001157
0.001530
0.001230
0.000991
0.000435
-0.001121
-0.001817
-0.001791
-0.002073
-0.001818
-0.000739
-0.000063
0.000229
0.001523
0.001628
0.001348
0.001151
0.001299
0.000627
0.000147
0.000423
0.000353
-0.000101
-0.000175
0.000329
0.000511
0.000593
-0.000323
-0.000766
-0.000802
-0.001535
-0.001940
-0.001517
-0.000743
-0.000337
0.000095
0.000299
0.000278
0.000479
0.001195
0.001602
0.001333
0.001859
0.001160
0.000880
0.001093
0.001247
0.001343
0.001135
0.000492
-0.000551
-0.000497
-0.000622
-0.000973
-0.001891
-0.001934
-0.001828
-0.001189
-0.000489
-0.000910
-0.000327
0.000730
0.000241
0.000052
0.000271
0.000549
0.000898
0.000530
0.001064
0.001475
0.001652
0.001941
0.001307
0.000098
-0.000433
-0.001138
-0.000982
-0.001655
-0.002590
-0.002178
-0.001384
0.000191
0.000462
0.000622
0.000262
0.000724
0.001423
0.001110
0.001218
0.001265
0.000867
0.000111
-0.000493
-0.000562
-0.000515
-0.000566
-0.000235
-0.000346
-0.000628
-0.000802
-0.000739
-0.000513
-0.000400
-0.000247
-0.000179
-0.000283
0.000439
0.000391
-0.000162
0.000240
-0.000243
0.000189
0.001044
0.000939
0.000262
-0.000025
0.000739
0.000785
0.000691
0.000818
0.000321
0.000213
0.000490
0.000103
-0.000257
-0.000195
-0.000965
-0.000578
0.000388
0.000037
-0.000272
0.000616
0.000097
-0.000730
-0.000404
0.001296
0.000183
-0.001081
-0.000587
-0.000990
-0.000971
-0.000638
-0.000690
-0.000477
-0.000797
-0.000782
-0.000037
0.000132
-0.000335
0.000230
0.000731
0.000535
-0.000005
-0.000550
0.000028
0.000077
-0.000700
-0.000901
0.000512
0.003473
0.004937
0.003513
0.001308
-0.000910
-0.002073
-0.002111
-0.002309
-0.000522
0.002079
0.003391
0.002921
0.001043
-0.000328
-0.001662
-0.002052
-0.002458
-0.002172
-0.000965
-0.000439
-0.000199
0.000060
0.000298
-0.000412
-0.002390
-0.003675
-0.004780
-0.004382
-0.002529
0.000741
0.004583
0.005379
0.004160
0.002741
0.001369
0.000438
-0.000068
-0.000214
0.000418
0.002185
0.002403
0.001845
0.001532
0.001416
0.002673
0.003184
0.002225
-0.000041
-0.002640
-0.004100
-0.004002
-0.004335
-0.004451
-0.002369
0.000856
0.002475
0.002105
0.000727
-0.001053
-0.003242
-0.004996
-0.004985
-0.004726
-0.003252
-0.000131
0.001722
0.002027
0.003689
0.004914
0.004694
0.005432
0.005364
0.004807
0.004273
0.003273
0.000846
-0.002119
-0.004517
-0.007305
-0.010455
-0.012577
-0.013048
-0.012218
-0.009431
-0.006348
-0.003782
-0.002073
0.001468
0.007663
0.013931
0.018845
0.019652
0.018775
0.017728
0.016071
0.012680
0.008975
0.005177
-0.000315
-0.004291
-0.006510
-0.007205
-0.006223
-0.005428
-0.006939
-0.010753
-0.015288
-0.019614
-0.022619
-0.025168
-0.026741
-0.025956
-0.020546
-0.011318
-0.000599
0.010720
0.019715
0.023959
0.024017
0.021629
0.020771
0.021504
0.022033
0.020808
0.015954
0.006778
-0.003132
-0.011696
-0.020260
-0.028214
-0.033646
-0.035182
-0.032820
-0.025236
-0.012316
0.005725
0.023776
0.036339
0.040303
0.039801
0.036616
0.031762
0.024952
0.016662
0.008226
0.000323
-0.005561
-0.009873
-0.014027
-0.017241
-0.020850
-0.025251
-0.027505
-0.027604
-0.025786
-0.021094
-0.013399
-0.004693
0.002634
0.008996
0.013134
0.014014
0.013409
0.011548
0.010847
0.011054
0.011476
0.011807
0.010386
0.005965
0.000903
-0.003522
-0.009182
-0.015903
-0.022735
-0.028554
-0.032693
-0.034316
-0.032568
-0.026675
-0.016739
-0.007135
0.000476
0.008577
0.018911
0.030299
0.041916
0.047959
0.046751
0.039260
0.029450
0.021364
0.015154
0.007629
-0.001025
-0.008618
-0.015458
-0.019148
-0.018857
-0.015277
-0.011298
-0.009744
-0.010875
-0.012016
-0.010687
-0.009416
-0.008815
-0.010849
-0.013609
-0.016115
-0.017892
-0.017260
-0.014554
-0.009342
-0.002535
0.005025
0.014218
0.024798
0.034893
0.042652
0.045787
0.042714
0.033080
0.019918
0.006566
-0.006786
-0.019439
-0.031031
-0.041510
-0.047764
-0.048945
-0.045080
-0.036399
-0.024243
-0.009927
0.005997
0.022037
0.036190
0.043845
0.047049
0.048805
0.048287
0.041777
0.029466
0.014693
-0.000656
-0.014175
-0.025971
-0.035335
-0.038980
-0.037551
-0.033496
-0.026181
-0.016853
-0.006635
0.002238
0.009913
0.014282
0.015614
0.015103
0.013447
0.011529
0.007370
0.003524
-0.000234
-0.003519
-0.004764
-0.007065
-0.011493
-0.015045
-0.016928
-0.018929
-0.022585
-0.025807
-0.026018
-0.023292
-0.017060
-0.009758
-0.002006
0.006762
0.014819
0.019943
0.024540
0.030259
0.033967
0.033390
0.030301
0.025376
0.018263
0.010311
0.004485
0.000616
-0.001774
-0.003657
-0.005178
-0.006008
-0.006419
-0.007510
-0.008422
-0.009863
-0.012353
-0.012568
-0.009885
-0.004990
0.000030
0.004016
0.005765
0.005835
0.003186
0.000592
0.000198
0.000667
0.001322
0.000830
-0.000020
-0.001646
-0.004495
-0.008179
-0.011256
-0.014075
-0.016149
-0.015754
-0.013605
-0.010212
-0.005221
0.000374
0.003581
0.006500
0.011383
0.016475
0.021132
0.024126
0.024032
0.021605
0.018630
0.015729
0.011361
0.006320
-0.000055
-0.007023
-0.012813
-0.015365
-0.014915
-0.014408
-0.014183
-0.014462
-0.017453
-0.021438
-0.023048
-0.021110
-0.016095
-0.010300
-0.005134
-0.001415
0.001694
0.004245
0.008943
0.014976
0.021012
0.025634
0.027701
0.027553
0.024100
0.017704
0.010214
0.002891
-0.004072
-0.010635
-0.015190
-0.016698
-0.016174
-0.012889
-0.008210
-0.003556
0.000509
0.003459
0.004182
0.003085
-0.000750
-0.006619
-0.010804
-0.013321
-0.014317
-0.014370
-0.012283
-0.008318
-0.001970
0.004676
0.008955
0.012021
0.012363
0.011812
0.010966
0.009701
0.008172
0.005626
0.000853
-0.003215
-0.006584
-0.010014
-0.011267
-0.011097
-0.008859
-0.004070
0.001935
0.007510
0.011636
0.014788
0.016826
0.016608
0.013062
0.007957
0.002857
-0.001421
-0.003618
-0.004016
-0.003983
-0.003189
-0.002111
-0.003925
-0.006191
-0.008586
-0.012620
-0.016672
-0.017722
-0.015753
-0.012118
-0.008002
-0.001711
0.005028
0.010925
0.016687
0.021085
0.022654
0.022389
0.021196
0.018673
0.013093
0.005093
-0.004761
-0.014595
-0.021845
-0.026855
-0.028738
-0.028026
-0.023848
-0.016777
-0.008758
-0.001948
0.004667
0.012312
0.018961
0.021594
0.021580
0.020603
0.017262
0.012107
0.006320
0.000018
-0.004810
-0.008604
-0.012357
-0.015361
-0.017873
-0.018445
-0.015259
-0.010113
-0.003952
0.001902
0.007279
0.012599
0.016052
0.018227
0.019200
0.016993
0.012903
0.007661
0.001639
-0.004482
-0.009689
-0.013742
-0.015223
-0.015209
-0.014072
-0.010916
-0.007914
-0.004566
0.000797
0.006662
0.010755
0.011571
0.009685
0.004692
-0.001404
-0.006033
-0.008162
-0.007872
-0.006175
-0.004054
-0.002549
-0.001189
-0.000376
0.001035
0.003295
0.005891
0.008034
0.009323
0.010910
0.011708
0.011682
0.010847
0.009634
0.007453
0.004501
0.000733
-0.002483
-0.005961
-0.009049
-0.011202
-0.013168
-0.016277
-0.017621
-0.017388
-0.016466
-0.012760
-0.007956
-0.002389
0.002652
0.007113
0.011961
0.015553
0.017670
0.019445
0.020894
0.019708
0.015009
0.009410
0.004130
-0.000616
-0.003669
-0.005617
-0.007829
-0.009549
-0.009990
-0.009818
-0.009793
-0.009729
-0.009353
-0.009017
-0.009602
-0.010783
-0.012198
-0.012027
-0.010491
-0.007380
-0.002121
0.004356
0.011982
0.018186
0.023815
0.027520
0.026707
0.023136
0.019182
0.014075
0.009284
0.002942
-0.004302
-0.009362
-0.013050
-0.017323
-0.020550
-0.022874
-0.025463
-0.025831
-0.024277
-0.021716
-0.017719
-0.009888
-0.002265
0.005208
0.012724
0.018943
0.024055
0.028223
0.031002
0.031709
0.030474
0.027450
0.021503
0.012393
0.003325
-0.006177
-0.015625
-0.022770
-0.027646
-0.030276
-0.030671
-0.030119
-0.025914
-0.018667
-0.011903
-0.004294
0.001893
0.006325
0.010737
0.013078
0.013685
0.013506
0.012342
0.009834
0.005916
0.003525
0.002019
0.000355
0.000242
0.001279
0.003385
0.004624
0.006124
0.007976
0.008313
0.007438
0.006034
0.005060
0.004400
0.003854
0.003280
0.002788
0.001296
-0.002176
-0.006866
-0.012157
-0.016747
-0.018989
-0.019111
-0.017696
-0.015032
-0.011162
-0.007928
-0.005346
-0.002458
0.000811
0.004867
0.008633
0.010975
0.012589
0.013224
0.012548
0.011847
0.010924
0.009544
0.009176
0.008630
0.007425
0.006606
0.005341
0.002781
-0.000746
-0.005121
-0.009878
-0.012800
-0.013866
-0.014282
-0.013327
-0.009959
-0.006837
-0.003897
-0.000318
0.001689
0.003088
0.004429
0.004501
0.003188
0.001162
-0.001029
-0.001755
-0.001634
-0.000936
0.000772
0.001614
0.003018
0.004877
0.005959
0.006311
0.006466
0.006987
0.007630
0.007636
0.007181
0.005858
0.003184
0.001076
-0.002104
-0.005841
-0.008115
-0.010671
-0.013896
-0.015086
-0.014897
-0.012951
-0.009808
-0.007723
-0.005334
-0.002000
0.001853
0.005011
0.007815
0.010558
0.012436
0.012822
0.011125
0.009310
0.007264
0.004917
0.002927
0.001214
0.001363
0.001650
0.000989
-0.000954
-0.003623
-0.006295
-0.008187
-0.008958
-0.009148
-0.008907
-0.007264
-0.005816
-0.004179
-0.001811
0.000028
0.001801
0.003657
0.005248
0.007487
0.008717
0.008866
0.007701
0.006125
0.003943
0.001850
-0.001202
-0.003027
-0.003218
-0.001494
0.001156
0.003331
0.004669
0.004991
0.004997
0.002563
-0.000967
-0.004387
-0.008929
-0.013425
-0.015022
-0.014881
-0.013354
-0.009858
-0.005832
-0.001928
0.001929
0.006145
0.009295
0.011580
0.013041
0.013193
0.012529
0.011449
0.010256
0.008094
0.004932
0.002039
-0.001594
-0.004779
-0.007077
-0.008979
-0.009806
-0.009909
-0.010383
-0.010376
-0.009660
-0.009153
-0.007371
-0.005495
-0.003424
0.000196
0.004022
0.007354
0.010339
0.011364
0.010740
0.009059
0.006460
0.003979
0.000412
-0.001401
-0.001224
-0.001294
-0.000853
0.000500
0.001583
0.000951
0.000260
-0.001082
-0.003667
-0.005826
-0.007716
-0.009531
-0.009788
-0.008713
-0.006436
-0.003846
-0.000814
0.002275
0.005546
0.008912
0.010605
0.010866
0.010884
0.010000
0.008200
0.005409
0.002249
-0.001002
-0.002702
-0.004341
-0.006264
-0.007803
-0.007486
-0.007109
-0.007323
-0.006622
-0.004644
-0.002442
-0.000427
0.001871
0.003989
0.005110
0.005973
0.006147
0.004195
0.002317
0.000204
-0.002779
-0.004755
-0.005632
-0.006513
-0.005364
-0.004739
-0.003285
0.000052
0.003256
0.005125
0.006556
0.007894
0.008126
0.007300
0.004364
0.001383
-0.000512
-0.002677
-0.004384
-0.004552
-0.003827
-0.003129
-0.002392
-0.001807
-0.001185
-0.000403
0.000601
0.001518
0.001989
0.002517
0.002296
0.000826
-0.001321
-0.002906
-0.004956
-0.007195
-0.008555
-0.009150
-0.007792
-0.004658
-0.001237
0.002139
0.005003
0.007048
0.007995
0.009456
0.010666
0.010443
0.008777
0.006609
0.004669
0.002143
-0.001430
-0.004300
-0.005557
-0.006466
-0.006710
-0.006669
-0.006794
-0.006493
-0.006404
-0.006337
-0.005149
-0.003638
-0.002420
0.000025
0.003089
0.004873
0.005982
0.004997
0.002944
0.001203
-0.000941
-0.003311
-0.004942
-0.004399
-0.003893
-0.002919
-0.000791
0.001945
0.005507
0.009077
0.011015
0.011565
0.012834
0.013859
0.013017
0.010280
0.006433
0.002168
-0.002329
-0.007740
-0.012119
-0.015654
-0.018198
-0.019063
-0.018630
-0.016666
-0.012447
-0.006998
-0.001914
0.003413
0.008692
0.012751
0.013689
0.013580
0.013082
0.010737
0.007848
0.004295
0.000666
-0.001294
-0.002440
-0.003499
-0.005021
-0.005668
-0.005778
-0.006462
-0.007978
-0.008729
-0.008337
-0.006985
-0.004631
-0.002565
-0.000598
0.002612
0.006206
0.008257
0.009850
0.011173
0.011272
0.010098
0.008346
0.006617
0.004143
0.001922
0.000094
-0.001593
-0.003114
-0.004431
-0.006117
-0.007319
-0.007805
-0.008886
-0.009781
-0.009111
-0.007580
-0.006370
-0.004880
-0.002659
-0.000017
0.002135
0.004348
0.006166
0.008319
0.011018
0.012905
0.013256
0.012266
0.008669
0.005332
0.001766
-0.003296
-0.007240
-0.009496
-0.010137
-0.009624
-0.007461
-0.004690
-0.001200
0.001422
0.002998
0.004470
0.005201
0.004928
0.003507
0.001450
-0.000118
-0.002113
-0.004397
-0.006376
-0.006736
-0.006374
-0.006425
-0.004818
-0.001968
0.001062
0.004295
0.006390
0.007509
0.008228
0.008252
0.007178
0.006678
0.006254
0.004098
0.001712
0.000233
-0.001939
-0.004927
-0.007743
-0.010086
-0.011881
-0.012557
-0.012670
-0.011480
-0.008892
-0.004757
-0.000900
0.002083
0.005927
0.009236
0.011206
0.012050
0.011519
0.011219
0.009652
0.006596
0.004697
0.002202
-0.000926
-0.003722
-0.006649
-0.008445
-0.008560
-0.008079
-0.007655
-0.005941
-0.002025
0.000387
0.003223
0.005377
0.006148
0.006799
0.006357
0.004417
0.002408
0.000355
-0.000865
-0.002607
-0.003829
-0.003488
-0.002834
-0.001328
0.000789
0.001990
0.003247
0.003195
0.002867
0.002905
0.002230
0.001757
0.000299
-0.001586
-0.002762
-0.004047
-0.005053
-0.004932
-0.005387
-0.004932
-0.003494
-0.002213
-0.000347
0.002296
0.003737
0.003925
0.004347
0.004203
0.002768
0.000622
-0.001755
-0.003078
-0.003949
-0.004287
-0.004114
-0.002660
-0.000521
0.000326
0.001302
0.002958
0.004258
0.004650
0.004272
0.003981
0.003114
0.001500
0.000696
0.000680
0.000628
0.000333
0.000030
-0.000804
-0.001685
-0.001872
-0.002208
-0.002982
-0.002703
-0.001619
-0.000991
-0.000306
0.000174
0.000466
0.000803
0.001676
0.002548
0.002426
0.001553
0.001136
0.000710
0.000226
-0.000243
-0.001290
-0.002436
-0.003751
-0.005518
-0.006206
-0.006363
-0.006042
-0.004722
-0.003728
-0.002484
-0.000752
0.000482
0.001409
0.002847
0.004179
0.004586
0.005850
0.007500
0.007789
0.007563
0.008060
0.006933
0.004424
0.002539
0.000688
-0.002520
-0.004715
-0.005845
-0.007485
-0.007422
-0.006337
-0.005480
-0.005007
-0.004459
-0.003027
-0.002050
-0.001252
0.000231
0.001371
0.002399
0.003516
0.004231
0.004643
0.005173
0.004906
0.004608
0.004656
0.004452
0.004292
0.003303
0.002968
0.001970
0.000793
0.000564
-0.000549
-0.001757
-0.002724
-0.003533
-0.004876
-0.006659
-0.006749
-0.005346
-0.004072
-0.003039
-0.000871
0.000953
0.002219
0.003059
0.002473
0.001658
0.000495
-0.000335
-0.000679
-0.001640
-0.001617
-0.001077
-0.000496
0.000276
0.001373
0.002923
0.003052
0.002631
0.002684
0.002316
0.002027
0.001670
0.000441
-0.000963
-0.001896
-0.002866
-0.003153
-0.002713
-0.002176
-0.000838
-0.000075
0.001054
0.002967
0.004302
0.004653
0.004666
0.003881
0.002774
0.001398
-0.001610
-0.003592
-0.004696
-0.006505
-0.007259
-0.006978
-0.006406
-0.005309
-0.003496
-0.002096
-0.000945
-0.000560
-0.000423
0.000306
0.000869
0.000841
0.001006
0.001714
0.001769
0.002962
0.004460
0.004495
0.004500
0.004752
0.005239
0.004761
0.002965
0.001513
-0.000038
-0.002497
-0.004714
-0.005973
-0.006768
-0.007329
-0.007305
-0.006219
-0.004616
-0.002360
-0.000317
0.002187
0.004912
0.006697
0.007209
0.007429
0.007921
0.006725
0.005571
0.004240
0.001855
-0.000160
-0.001905
-0.004175
-0.005954
-0.005986
-0.005712
-0.006227
-0.005894
-0.004122
-0.002960
-0.001496
-0.000042
0.001165
0.002536
0.003765
0.004919
0.004623
0.004483
0.004544
0.003601
0.002477
0.002566
0.001909
0.000874
0.000802
0.000796
0.000899
0.001423
0.001401
0.000264
-0.000326
-0.000352
-0.001611
-0.002440
-0.003507
-0.004375
-0.004970
-0.005327
-0.005222
-0.005193
-0.004318
-0.003923
-0.001949
-0.000301
0.000274
0.000652
0.001748
0.002230
0.002508
0.003643
0.003193
0.002484
0.002159
0.001610
-0.000157
-0.002098
-0.003548
-0.004655
-0.005064
-0.004610
-0.003241
-0.001854
-0.000245
0.002396
0.004940
0.006715
0.007868
0.007929
0.008348
0.007454
0.005200
0.003082
0.000586
-0.001334
-0.003147
-0.005895
-0.007688
-0.008961
-0.009002
-0.007807
-0.005994
-0.004395
-0.002031
0.001127
0.002778
0.004488
0.006114
0.006550
0.006051
0.006029
0.006020
0.005674
0.003465
0.001018
0.000494
-0.000212
-0.002302
-0.004252
-0.005064
-0.005707
-0.006209
-0.006744
-0.007139
-0.007620
-0.007302
-0.006547
-0.004642
-0.002747
-0.001743
0.000284
0.002796
0.004537
0.005548
0.007514
0.008461
0.008224
0.008431
0.008320
0.006720
0.005116
0.003890
0.001652
-0.000366
-0.002273
-0.004160
-0.004945
-0.005655
-0.006810
-0.007072
-0.006208
-0.004335
-0.002984
-0.001534
0.000852
0.002374
0.003624
0.003987
0.003726
0.003238
0.003111
0.002167
0.000087
-0.001078
-0.001448
-0.001514
-0.002151
-0.002336
-0.002052
-0.002364
-0.001303
0.000814
0.002246
0.002881
0.002779
0.003671
0.003314
0.001821
0.001102
0.000196
-0.000119
-0.000717
-0.001813
-0.001250
-0.000932
-0.000705
-0.000276
-0.000488
-0.000456
-0.000275
-0.000432
-0.001101
-0.002043
-0.002312
-0.002106
-0.002723
-0.004178
-0.004890
-0.004862
-0.005144
-0.004672
-0.004246
-0.003594
-0.002089
-0.000132
0.001752
0.004015
0.005741
0.007183
0.008163
0.007747
0.007321
0.006758
0.005302
0.003427
0.002563
0.001396
-0.000308
-0.001737
-0.001836
-0.000938
-0.001039
-0.001300
-0.001556
-0.001407
-0.001335
-0.001662
-0.000850
0.000263
0.000011
-0.000920
-0.000885
-0.001048
-0.001555
-0.001614
-0.002096
-0.002317
-0.002089
-0.001664
-0.000691
0.000041
0.000898
0.001864
0.002745
0.002392
0.001984
0.002392
0.001830
0.000727
0.000350
0.000562
0.000721
-0.000112
-0.001219
-0.002102
-0.002652
-0.003387
-0.004124
-0.003893
-0.004088
-0.004116
-0.002965
-0.000909
-0.000120
0.000667
0.002009
0.003254
0.003935
0.003417
0.002298
0.001817
0.001409
0.000504
-0.000019
-0.000590
0.000693
0.001111
0.000951
0.001538
0.002313
0.003045
0.002850
0.001797
0.001195
0.000139
-0.001000
-0.002022
-0.002751
-0.002792
-0.002967
-0.002685
-0.002614
-0.002447
-0.002417
-0.001947
-0.001755
-0.001769
-0.001783
-0.001670
-0.001898
-0.001546
-0.001265
-0.001786
-0.002826
-0.003175
-0.002697
-0.002114
-0.000879
-0.000620
-0.000069
0.001571
0.002655
0.003012
0.003245
0.003857
0.003453
0.002980
0.002012
0.001314
0.001584
0.000910
0.000110
0.001052
0.001404
0.000809
0.000810
0.000705
0.000291
0.000189
-0.000609
-0.001112
-0.001216
-0.000436
0.000195
0.000182
0.000200
0.000787
0.001149
0.000885
0.001012
0.000809
0.000491
-0.000941
-0.002311
-0.002346
-0.002687
-0.002792
-0.003808
-0.004419
-0.004034
-0.003933
-0.002943
-0.001166
-0.000102
0.000237
0.000631
0.001055
0.002300
0.003262
0.003506
0.003046
0.002789
0.003083
0.002716
0.001953
0.000613
0.000083
-0.001114
-0.002656
-0.003039
-0.002557
-0.002147
-0.002175
-0.001236
0.000026
0.001179
0.002351
0.002744
0.002896
0.003199
0.002578
0.001813
0.001134
0.000460
-0.000325
-0.000602
-0.000965
-0.001823
-0.002369
-0.002535
-0.002176
-0.002520
-0.002967
-0.002345
-0.001732
-0.001629
-0.001978
-0.001522
-0.001154
-0.000051
0.000736
0.000971
0.001416
0.001746
0.002082
0.001326
0.001136
0.000853
-0.000267
-0.001031
-0.000955
-0.001004
-0.001710
-0.001431
-0.000736
-0.000732
-0.000313
-0.000009
0.000335
0.000828
0.000434
0.000621
0.000799
0.000115
-0.000416
-0.000190
0.000229
-0.000355
-0.001047
-0.000791
-0.001167
-0.001256
-0.000304
0.000373
-0.000218
-0.000315
0.000367
0.000942
0.001203
0.001217
0.001853
0.001805
0.001222
0.000646
-0.000509
-0.001498
-0.002214
-0.002110
-0.001571
-0.001329
-0.001851
-0.001896
-0.001590
-0.001593
-0.001041
-0.000929
-0.000806
0.000632
0.001155
0.001470
0.002180
0.001966
0.002465
0.003037
0.003410
0.003046
0.001819
0.001703
0.001463
0.001306
0.001196
0.000441
-0.000726
-0.001562
-0.001309
-0.001134
-0.001752
-0.001714
-0.001072
-0.001170
-0.001707
-0.001812
-0.001424
-0.000286
0.000472
0.000712
0.001215
0.001145
0.001134
0.001224
0.000486
0.000171
-0.000217
-0.000074
-0.000594
-0.000918
-0.000951
-0.001314
-0.001067
-0.001263
-0.001971
-0.002709
-0.002485
-0.001678
-0.001749
-0.002365
-0.002286
-0.001964
-0.001699
-0.002134
-0.002449
-0.001763
-0.001149
-0.000434
0.000239
0.001438
0.002439
0.004102
0.004972
0.004747
0.005318
0.005176
0.004378
0.003521
0.002692
0.001704
0.000390
-0.000759
-0.001375
-0.001863
-0.002572
-0.003239
-0.003736
-0.003653
-0.003417
-0.003171
-0.002917
-0.002776
-0.001747
-0.001222
0.000120
0.000513
0.000436
0.000774
0.000901
0.001141
0.000500
0.000214
0.000484
-0.000011
-0.000329
-0.000255
-0.000504
-0.000463
-0.000121
-0.000056
0.000627
0.001149
0.000860
0.000414
0.000166
0.000613
0.001012
0.000869
0.000746
0.000097
0.000581
0.000652
0.000406
0.000540
0.000601
0.000226
-0.000425
-0.000776
-0.000445
0.000050
0.000037
-0.000091
0.000590
0.000751
0.000088
-0.000467
-0.000237
-0.000172
-0.000938
-0.001051
-0.001044
-0.001452
-0.000758
-0.001049
-0.001928
-0.000732
-0.000045
-0.000603
-0.000831
-0.000754
-0.000341
0.000108
-0.000469
-0.000604
-0.000130
-0.000636
-0.000627
-0.000262
-0.000092
-0.000178
-0.000362
0.000153
-0.000514
-0.001264
-0.000441
0.000621
0.000909
0.000815
0.001812
0.001808
0.001983
0.002065
0.001360
0.000923
0.000758
0.000733
0.000573
-0.000362
-0.000720
-0.001475
-0.001833
-0.001342
-0.001428
-0.001666
-0.000961
0.000048
-0.000360
0.000030
0.000287
0.000340
0.000323
0.000052
0.000272
0.000052
-0.000198
-0.000251
0.000618
0.000341
0.000012
0.000260
0.000112
0.000746
0.001715
0.001519
0.000880
0.000554
0.000988
0.000985
0.000635
0.000732
-0.000366
-0.001384
-0.002090
-0.002344
-0.001575
-0.001486
-0.001083
-0.000448
-0.000522
-0.000023
0.000161
-0.000807
-0.000765
-0.000409
0.000283
0.000934
0.000628
0.001292
0.001500
0.002040
0.002159
0.002318
0.002391
0.002028
0.002080
0.001996
0.001268
0.000802
0.000579
-0.000069
-0.001443
-0.001271
-0.001654
-0.001877
-0.001156
-0.001002
-0.001609
-0.002419
-0.001643
-0.001339
-0.001877
-0.001888
-0.001674
-0.000831
-0.000898
-0.001215
-0.001343
-0.001187
-0.000794
-0.000146
0.000591
0.001085
0.001729
0.001670
0.001292
0.001356
0.001285
0.001156
0.000425
0.000181
0.000526
0.000436
0.000092
-0.000017
0.000209
0.000063
-0.000492
-0.000422
-0.000240
-0.000314
-0.000785
-0.000463
0.000249
-0.000003
-0.000042
-0.000040
0.000244
0.000736
0.001603
0.001900
0.001377
0.001754
0.003062
0.002693
0.002361
0.002407
0.001215
0.000590
0.000308
-0.001065
-0.002041
-0.002815
-0.002931
-0.003338
-0.003446
-0.002237
-0.002290
-0.001584
-0.000208
-0.000655
-0.000893
-0.000140
0.000742
0.000472
0.000998
0.001696
0.001177
0.001492
0.002300
0.002588
0.002144
0.001302
0.001307
0.001216
0.001301
0.001121
0.000444
0.000410
0.000326
0.000232
-0.000328
-0.001597
-0.002503
-0.002576
-0.002051
-0.001775
-0.001528
-0.001153
-0.001058
-0.000972
-0.000306
0.000575
0.001059
0.001148
0.000922
0.000430
0.000334
0.000082
-0.000638
-0.001013
-0.001367
-0.001816
-0.001986
-0.001610
-0.000723
0.000113
0.000914
0.001783
0.002018
0.002012
0.002134
0.002633
0.002361
0.000903
0.000328
0.000309
0.000431
0.000032
-0.000309
0.000135
0.000548
0.000665
0.000331
-0.000075
0.000033
0.000465
0.000257
0.000318
0.000488
-0.000295
-0.000813
-0.001183
-0.000759
-0.000400
-0.000601
-0.001137
-0.001682
-0.000744
-0.000699
-0.000941
-0.000255
0.000232
0.001212
0.001406
0.000826
0.000724
0.000938
0.001454
0.001724
0.001373
0.000873
0.001102
0.001490
0.001219
0.000476
0.000952
0.001411
0.000907
0.001068
0.001236
0.001207
0.000826
-0.000059
0.000122
0.000538
0.000094
-0.000779
-0.000883
-0.001101
-0.001226
-0.001530
-0.001549
-0.001593
-0.001602
-0.001464
-0.001878
-0.000859
-0.000912
-0.001519
-0.001202
-0.000501
0.000083
0.000943
0.001609
0.001515
0.001565
0.001889
0.002596
0.002185
0.001382
0.000542
0.000392
0.000508
0.000498
-0.000479
-0.001134
-0.001115
-0.001188
-0.001064
-0.001213
-0.000664
-0.000145
-0.000212
0.000060
0.000101
-0.000122
0.000063
0.000117
0.000337
-0.000003
0.000290
0.000156
-0.000612
-0.000438
0.000046
0.000292
0.001063
0.001450
0.001088
0.000960
0.001189
0.000771
0.000415
-0.000187
0.000284
0.000302
-0.000867
-0.001372
-0.001596
-0.002019
-0.002447
-0.001859
-0.000952
-0.001494
-0.001835
-0.000847
0.000397
0.000998
0.001195
0.001489
0.001303
0.002066
0.002520
0.002202
0.001835
0.001313
0.000851
0.001283
0.001433
0.000679
0.000187
0.000304
0.000393
0.000049
-0.000609
-0.001379
-0.001612
-0.001635
-0.001337
-0.001306
-0.001480
-0.001615
-0.000967
0.000167
-0.000075
-0.000664
0.000022
0.001015
0.001212
0.000826
0.001250
0.001206
0.001608
0.001239
0.000480
0.000199
-0.000102
-0.000193
-0.000754
-0.000853
-0.001076
-0.001120
-0.001081
-0.000281
0.000834
0.000424
0.000021
0.000100
0.000165
0.000304
0.001056
0.001057
-0.000118
-0.000850
-0.000712
-0.000374
-0.000710
-0.000244
0.000334
0.000660
0.000225
-0.000191
0.000316
0.001011
0.000480
0.000568
0.000407
0.000452
0.000262
-0.000357
0.000118
0.000715
0.000160
0.000119
0.000093
-0.000406
-0.000539
-0.000972
-0.000825
0.000018
-0.000271
-0.000451
-0.000109
-0.000619
-0.001666
-0.001356
-0.000959
-0.001380
-0.001293
-0.000510
-0.000709
-0.000497
0.000842
0.001353
0.001551
0.001418
0.001578
0.001623
0.001764
0.002321
0.002907
0.002300
0.001678
0.001134
-0.000169
-0.000290
-0.000100
-0.000676
-0.001891
-0.001651
-0.000862
-0.001237
-0.001128
-0.000148
0.000736
0.000669
-0.000218
0.000205
0.000994
0.000691
-0.000499
-0.000983
-0.000860
-0.000723
-0.000651
-0.000317
-0.000321
-0.000131
-0.000400
-0.001064
-0.000728
-0.000389
-0.000610
-0.000561
-0.000095
-0.000109
-0.000021
-0.000292
-0.000868
-0.000299
0.000235
-0.000470
-0.000803
-0.000503
-0.000492
-0.000070
-0.000179
-0.000741
-0.000300
0.000545
0.000511
0.000581
0.001687
0.001920
0.000884
0.000447
0.000730
0.000081
0.000115
0.000446
0.000250
0.000034
-0.000328
-0.001166
-0.001328
-0.000195
0.000077
-0.000011
0.000026
0.000335
0.000654
0.000509
0.000708
0.000774
0.000834
0.000755
0.001072
0.001715
0.001906
0.000697
0.000093
-0.000135
-0.000979
-0.000364
0.000270
-0.000738
-0.000940
-0.000505
-0.001056
-0.001549
-0.001976
-0.001485
0.000227
0.001121
0.002230
0.002521
0.002137
0.001534
0.001070
0.001310
0.001133
0.000913
0.001067
0.000198
-0.000843
-0.001416
-0.001779
-0.002179
-0.002881
-0.002647
-0.002306
-0.002752
-0.002883
-0.002954
-0.002273
-0.001472
-0.000531
-0.000102
0.000601
0.001295
0.001766
0.002740
0.003125
0.003016
0.003158
0.003358
0.002228
0.001989
0.001316
0.000440
0.000270
-0.000407
-0.000750
-0.001637
-0.002077
-0.001323
-0.001013
-0.000516
-0.000244
-0.000604
-0.000707
-0.000473
0.001066
0.001688
0.001643
0.001213
-0.000098
-0.000579
-0.001120
-0.001788
-0.001798
-0.001037
-0.000151
-0.000628
-0.000724
0.000493
0.001083
0.000725
0.000401
0.000407
-0.000166
-0.000715
-0.000545
0.000042
-0.000361
-0.000081
0.000128
0.000274
0.000990
0.001647
0.001067
0.001735
0.001266
0.000659
0.001265
0.000837
-0.000220
-0.001123
-0.001136
-0.001885
-0.002474
-0.002304
-0.002340
-0.002490
-0.002598
-0.002310
-0.002510
-0.001462
-0.000494
-0.000592
-0.000445
0.000611
0.001756
0.001588
0.001974
0.001132
0.000555
0.000778
0.001568
0.001013
0.000879
0.001028
0.000294
0.000200
-0.000032
-0.000549
-0.000413
0.000087
-0.000241
0.000342
0.000782
0.001081
0.000951
0.000146
-0.000163
-0.000556
-0.000817
-0.000693
-0.000050
0.000313
0.000733
0.000833
0.000535
0.000424
0.000360
0.000340
0.000247
-0.000519
-0.000933
-0.000751
-0.000817
-0.000454
-0.000340
-0.000265
0.000421
0.000239
-0.000049
-0.001390
-0.001846
-0.001915
-0.002241
-0.001823
-0.000898
-0.000323
0.000089
-0.000274
-0.000265
0.000337
0.000841
0.001452
0.001400
0.002023
0.002217
0.001962
0.001387
0.001168
0.001420
0.001295
0.000833
-0.000242
-0.000647
-0.001291
-0.001307
-0.001275
-0.001752
-0.000998
-0.000561
-0.000382
-0.000301
0.000088
0.000314
-0.000305
-0.000084
0.000285
0.000411
0.000359
0.000265
0.000877
0.001298
0.001420
0.001432
0.001345
0.000944
-0.000053
-0.000803
-0.000593
-0.000787
-0.001602
-0.001454
0.000215
0.000086
-0.001168
-0.000999
-0.000887
-0.000477
-0.000403
0.000016
-0.000047
0.000146
0.000427
0.000941
0.000860
-0.000091
-0.000291
-0.000298
-0.000217
-0.000015
-0.000161
-0.000114
0.000828
0.000838
0.000733
0.000007
-0.000425
-0.000063
-0.000615
-0.001160
-0.001242
-0.001092
-0.001058
-0.001306
-0.001286
-0.000874
0.000329
0.000892
0.000264
-0.000288
-0.000281
0.000542
0.001094
0.000652
0.000349
-0.000634
-0.000826
-0.000109
0.000311
0.000485
0.000725
0.000706
-0.000011
-0.000045
-0.000750
-0.001424
-0.000974
-0.000938
-0.000825
-0.000228
-0.000447
-0.000557
-0.000002
0.000441
0.000788
0.000867
0.001233
0.000685
-0.000136
-0.000428
0.000038
0.000827
0.001231
0.001490
0.000936
0.000596
0.000189
-0.000100
-0.000575
-0.002045
-0.002368
-0.001484
-0.001252
-0.001471
-0.000668
-0.000314
-0.001039
-0.000882
-0.000271
-0.000628
-0.000538
0.000437
0.000445
0.000256
0.000719
0.000566
0.000381
0.000338
0.000208
-0.000179
-0.000364
0.000142
0.001088
0.001031
0.000626
0.000475
0.000695
0.000783
0.000988
0.001599
0.000917
-0.000236
-0.000556
-0.000857
-0.001413
-0.001815
-0.001296
-0.000682
-0.000318
-0.000301
0.000251
0.000641
0.000878
0.001026
0.000627
0.000820
0.000850
-0.000513
-0.000816
0.000276
0.000995
0.000128
-0.000241
0.000511
0.001043
0.001042
0.000388
-0.000206
-0.000586
-0.000838
-0.001698
-0.001848
-0.002071
-0.002242
-0.002035
-0.001963
-0.001146
0.000067
-0.000023
-0.000317
0.000106
0.000877
0.001560
0.000910
0.000606
0.000897
0.001146
0.000615
-0.000083
-0.000476
-0.001050
-0.000667
-0.000347
0.000027
0.000607
0.000221
0.000488
0.000467
0.000058
-0.000625
-0.001111
-0.001426
-0.001524
-0.001706
-0.000638
-0.001012
-0.000381
0.000759
0.000976
0.001476
0.002322
0.003045
0.002350
0.000863
0.000564
0.000572
0.000470
-0.000302
-0.001361
-0.001222
-0.001259
-0.001315
-0.000616
-0.000310
-0.000740
-0.000355
-0.000466
-0.001010
-0.000673
-0.001046
-0.001816
-0.001746
-0.001890
-0.001072
-0.000589
-0.001222
-0.000675
0.000139
0.000799
0.000974
0.000665
0.001402
0.001787
0.001393
0.001441
0.000550
-0.000142
-0.000367
0.000075
-0.000150
-0.000320
-0.000184
-0.000543
-0.001247
-0.001185
-0.000943
-0.000980
-0.000704
-0.000005
-0.000077
-0.000163
0.000195
0.000273
-0.000578
-0.000597
-0.000190
0.000206
0.001107
0.001884
0.001448
0.001243
0.001397
0.001144
0.000362
-0.000746
-0.000979
-0.000946
-0.001090
-0.001111
-0.001286
-0.001093
-0.000553
-0.000301
-0.000824
-0.000683
-0.000484
-0.000498
-0.000607
-0.000803
-0.000688
-0.000763
-0.001280
-0.001486
-0.000748
0.000100
0.000351
0.000264
0.000389
0.001058
0.001748
0.001594
0.001918
0.001638
0.000183
-0.000332
0.000013
0.000136
-0.000093
-0.000732
-0.001090
-0.000787
-0.000470
-0.000976
-0.001513
-0.001900
-0.001632
-0.001229
-0.001000
-0.000422
0.000105
0.000876
0.000866
0.000383
0.000466
0.000538
0.000525
0.000834
0.001117
0.000937
0.000381
0.000190
0.000633
0.000750
-0.000087
0.000161
0.000700
0.000345
0.000472
0.000130
-0.000248
0.000044
-0.000261
-0.000028
0.000265
-0.000769
-0.001198
-0.001201
-0.001262
-0.000753
-0.000405
-0.000509
-0.000661
-0.000192
-0.000108
-0.000792
-0.000436
-0.000213
-0.000561
-0.000238
0.000408
0.000782
0.001030
0.001029
0.001022
0.001017
0.000955
0.001119
0.000382
-0.000021
-0.000471
-0.000723
-0.000445
-0.000698
-0.001176
-0.000994
-0.000457
-0.000918
-0.000755
0.000184
0.000477
0.000930
0.001262
0.001336
0.001224
0.000786
0.001165
0.000470
0.000013
-0.000385
-0.000973
-0.000280
-0.000769
-0.001358
-0.000455
0.000087
-0.000340
-0.000449
0.000162
-0.000057
-0.000324
-0.000942
-0.001006
-0.000585
-0.000117
-0.000057
-0.000428
-0.000832
-0.001209
-0.001174
-0.001096
-0.000990
-0.001467
-0.001744
-0.000977
-0.000488
-0.000238
0.000409
0.000926
0.001066
0.001014
0.000689
0.000887
0.000898
0.001480
0.002030
0.001101
0.000946
0.001241
0.000575
0.000305
0.000242
-0.000359
-0.000079
-0.000756
-0.001104
-0.000814
-0.000759
0.000027
0.000308
0.000649
0.001144
0.001251
0.000656
0.000550
0.000935
0.000916
0.000823
0.000902
0.000669
0.000302
0.000147
-0.000899
-0.001694
-0.001562
-0.000690
-0.000646
-0.001166
-0.001141
-0.000526
-0.000081
-0.000037
-0.000766
-0.001148
-0.000531
-0.000369
-0.000797
-0.000132
0.000976
0.001529
0.000522
0.000465
0.000210
-0.000738
-0.000739
0.000047
-0.000046
-0.000081
0.000346
-0.000094
-0.000196
0.000659
0.000137
-0.000303
-0.000379
-0.000282
-0.000132
-0.000358
-0.000441
0.000305
0.000249
-0.000217
-0.000312
-0.000306
0.000175
-0.000194
-0.000589
-0.000205
0.000450
0.000176
0.000268
0.000265
0.000389
0.001205
0.001022
0.000450
-0.000556
-0.000654
-0.000264
-0.000002
-0.000435
-0.000718
0.000184
0.000261
0.000185
0.000453
-0.000059
0.000152
-0.000134
-0.000171
0.000220
-0.000251
-0.000229
0.000185
-0.000033
-0.000467
-0.000258
-0.000335
-0.000344
-0.000527
-0.000771
-0.000579
-0.000595
-0.000887
-0.000260
-0.000223
-0.000778
-0.001217
-0.000554
-0.000130
-0.000509
-0.000474
-0.000756
-0.000577
0.000094
0.000761
0.000696
0.000208
0.000209
0.000607
0.001402
0.001334
0.000131
-0.000298
-0.000274
0.000076
0.000875
0.000349
-0.000426
-0.000219
-0.000421
-0.001151
-0.000770
-0.000330
-0.000729
-0.000668
-0.000709
-0.001419
-0.001911
-0.002010
-0.001542
-0.000893
-0.000204
-0.000434
-0.000257
0.000894
0.001390
0.001263
0.001070
0.001406
0.001453
0.000778
0.000636
0.000939
0.000846
0.000029
-0.001184
-0.000684
-0.000880
-0.001918
-0.001531
-0.001459
-0.001622
-0.001398
-0.001135
-0.000788
-0.000840
-0.000499
-0.000509
-0.000711
-0.000046
0.000471
0.000849
0.000879
0.001221
0.001292
0.001136
0.000865
0.000150
-0.000133
-0.000216
-0.000150
-0.000385
-0.001294
-0.001334
-0.001428
-0.001579
-0.001198
-0.000255
0.000445
0.000475
0.000749
0.000366
-0.000552
-0.001218
-0.001204
-0.000792
0.000219
0.000715
0.000110
-0.000162
-0.000114
0.000766
0.000961
0.000004
-0.000128
0.000353
0.000118
-0.000721
-0.000807
-0.000678
-0.000712
-0.000339
-0.000081
0.000025
-0.000165
-0.000373
-0.000615
-0.000354
-0.000163
-0.000735
-0.000670
-0.000352
0.000441
0.000506
-0.000387
-0.000503
-0.000032
0.000243
-0.000267
-0.000635
0.000383
0.000027
-0.000246
0.000641
0.000725
0.000376
-0.000380
-0.000606
0.000114
0.000107
0.000020
-0.000127
-0.001099
-0.001211
-0.001139
-0.000993
-0.001593
-0.001836
-0.000579
-0.000587
-0.000690
-0.000480
-0.000416
0.000336
0.000343
0.000069
-0.000579
-0.000902
-0.000194
-0.000250
-0.000431
0.000072
0.000276
0.000309
0.000101
-0.000481
-0.000631
-0.000585
0.000139
-0.000059
-0.000377
0.000054
0.000414
0.000311
-0.000055
0.000251
0.000292
0.000360
0.000073
0.000539
-0.000287
-0.000595
0.000177
0.000288
-0.000449
-0.000175
0.000691
0.000587
-0.000002
-0.000508
-0.000629
-0.000008
0.000098
-0.000015
0.000380
0.000488
-0.000149
-0.000343
-0.000017
0.000710
0.001148
0.000300
-0.000464
-0.000430
-0.000267
-0.000408
-0.000389
-0.000303
-0.000203
-0.000413
-0.000500
-0.000823
-0.000294
-0.000032
0.000479
0.000641
0.000377
0.001015
0.001501
0.000991
0.000565
0.000238
0.000921
0.000183
-0.000360
0.000072
0.000245
0.000467
0.000319
-0.000456
-0.000283
-0.000384
-0.000479
-0.000800
-0.001168
-0.000813
-0.000675
-0.001244
-0.001250
-0.000559
-0.000473
-0.000010
-0.000256
-0.000605
0.000275
0.000123
-0.000374
-0.000188
0.000275
0.000584
-0.000011
-0.000658
-0.000414
0.000063
-0.000203
-0.000274
-0.000966
-0.001371
-0.000728
-0.000296
-0.000640
-0.001152
-0.000001
-0.000088
-0.000529
-0.000953
-0.000417
0.000035
-0.000241
-0.000129
0.000353
0.000406
0.000393
-0.000105
-0.000335
0.000124
0.000056
-0.000263
-0.000156
-0.000825
-0.001206
-0.000626
-0.000900
-0.000291
0.000177
-0.000200
0.000124
0.000238
0.000484
0.000580
0.000886
0.001026
0.000928
0.000912
0.000947
0.000769
0.000067
0.000049
0.000098
0.000007
0.000128
-0.000666
-0.001448
-0.000702
-0.000244
-0.000790
-0.000750
-0.000369
-0.000217
-0.000377
-0.000441
-0.000054
0.000415
-0.000366
-0.000489
-0.000495
-0.000396
-0.000022
-0.000518
-0.000627
-0.000624
-0.000393
-0.000733
-0.000646
-0.000100
-0.000202
-0.000222
-0.000052
-0.000060
0.000381
0.000484
0.000032
0.000098
-0.000329
0.000082
0.000469
0.000620
0.000852
0.000582
0.000238
-0.000495
-0.000696
-0.000180
0.000402
0.000501
-0.000525
-0.000182
-0.000550
-0.000776
-0.000265
-0.000748
-0.000461
0.000142
-0.000023
0.000534
0.000968
0.001016
0.000691
0.000311
0.000447
0.000429
0.001032
0.000651
-0.000546
-0.000295
-0.000190
-0.000745
-0.000940
-0.000799
-0.001007
-0.000793
-0.000520
-0.000574
0.000049
0.000750
0.000779
0.000058
-0.000820
-0.000504
-0.000057
-0.000457
-0.000154
0.000271
-0.000197
-0.000887
-0.000686
-0.000178
-0.000299
-0.000688
-0.000815
-0.000371
0.000234
0.000275
0.000525
0.000436
-0.000339
-0.000209
-0.000147
-0.000328
-0.000142
0.000574
0.001346
0.000714
0.000570
0.000773
-0.000237
-0.000551
-0.000252
0.000393
0.000672
0.000595
0.000740
0.000905
0.000254
0.000077
0.000385
0.000356
0.000666
0.000701
-0.000192
-0.000783
-0.000571
-0.000169
-0.000113
-0.000320
-0.000494
-0.000022
0.000299
-0.000077
-0.000468
0.000073
-0.000349
-0.000818
-0.000391
0.000193
0.000631
-0.000359
-0.000956
-0.001103
-0.000905
-0.000952
-0.000579
-0.000350
0.000059
0.000266
0.000465
0.001000
0.001085
0.001532
0.001674
0.000436
-0.000091
-0.000506
-0.000811
-0.000558
-0.000829
-0.000662
-0.000399
-0.000922
-0.000801
0.000460
0.000725
-0.000113
-0.000669
-0.000269
0.000229
0.000603
0.001373
0.001279
0.000443
0.000709
0.000886
0.000367
-0.000025
-0.000279
-0.000773
-0.001085
-0.001096
-0.001026
-0.001082
-0.000516
-0.000428
-0.000166
0.001010
0.000981
0.000865
0.000265
0.000199
0.000616
0.000104
-0.000764
-0.000727
-0.000644
-0.000487
0.000200
0.000235
-0.000418
0.000013
0.000275
-0.000180
-0.000600
-0.000644
-0.000049
0.001234
0.001566
0.001236
0.000766
0.000950
0.000813
0.000664
0.000411
-0.000327
-0.000554
-0.000665
-0.000785
0.000354
0.000682
0.000717
0.000824
0.000447
-0.000073
-0.000057
-0.000079
0.000069
-0.000133
-0.000099
-0.000255
-0.000619
0.000299
0.000566
0.000225
0.000844
0.001445
0.001835
0.001501
0.000749
0.001174
0.001312
0.000480
0.000460
-0.000459
-0.001521
-0.002294
-0.003472
-0.003086
-0.001428
0.000291
0.001443
0.002022
0.001677
0.002537
0.003605
0.003177
0.002725
0.002544
0.001660
-0.000419
-0.001959
-0.002414
-0.002946
-0.002009
-0.000945
-0.001339
-0.001140
0.000352
0.000677
0.000244
0.000014
-0.000661
0.000007
0.001456
0.002623
0.002253
0.002139
0.003043
0.004353
0.003550
0.000024
-0.001714
-0.001484
-0.000329
-0.001880
-0.004974
-0.005013
-0.002060
-0.000644
-0.001404
0.000843
0.004356
0.004409
0.002100
0.001191
-0.000498
-0.004940
-0.005024
-0.001234
-0.000108
-0.001674
-0.001270
0.003500
0.003023
-0.002277
-0.003219
-0.001162
0.000264
0.000281
0.001766
0.004450
0.005020
0.005563
0.005346
0.003538
0.002548
0.002584
0.001310
-0.002710
-0.005921
-0.005781
-0.003884
-0.003595
-0.005474
-0.003607
-0.000977
-0.001745
0.000902
0.004737
0.004382
0.002211
0.003521
0.005568
0.004835
0.003648
0.002336
0.000748
-0.000350
-0.002473
-0.004426
-0.004159
-0.003555
-0.002862
-0.001021
0.000005
0.000757
0.001886
0.001946
0.002636
0.002223
0.001585
0.002293
0.002084
0.001142
0.001014
0.002326
0.002277
-0.001059
-0.003219
-0.001604
-0.000113
0.000194
0.000029
-0.001773
-0.001594
-0.000079
-0.000824
-0.001096
0.000400
0.000079
-0.000842
0.000383
0.003540
0.004187
0.001741
-0.001978
-0.002197
-0.001178
-0.002107
-0.003700
-0.003936
-0.001756
0.000410
0.000686
0.002093
0.006245
0.007723
0.006269
0.004056
0.001886
-0.000554
-0.002397
-0.004398
-0.005470
-0.005520
-0.005432
-0.004235
-0.004011
-0.003556
-0.000794
0.001285
0.002126
0.002844
0.002728
0.002276
0.003566
0.006495
0.005985
0.003047
0.002446
0.002547
0.000988
-0.001346
-0.002164
-0.002783
-0.003246
-0.002573
-0.001039
-0.000724
-0.001354
-0.001835
-0.000931
-0.000484
-0.000569
-0.000098
0.001712
0.003048
0.002641
0.000618
0.000364
0.001131
0.000421
-0.001652
-0.001333
-0.001308
-0.002667
-0.000810
0.002038
0.002975
0.002401
0.000311
-0.000135
0.000030
-0.001157
-0.001773
-0.001116
0.000007
0.000819
0.001979
0.001629
0.000970
0.001383
0.002293
0.001956
0.001137
0.000289
-0.000305
-0.000396
0.001148
0.001742
0.001036
-0.000439
-0.001494
-0.001446
-0.001607
-0.002279
-0.002678
-0.000923
-0.000915
-0.002930
-0.002516
-0.000184
0.001275
0.002236
0.002491
0.002365
0.002929
0.003237
0.002202
0.001256
0.001068
0.001338
0.000577
-0.001495
-0.002010
-0.002330
-0.003246
-0.002924
-0.003591
-0.003771
-0.001578
0.001071
0.002665
0.002682
0.002558
0.002626
0.001967
0.000076
-0.000544
0.000337
0.000830
0.001583
0.002540
0.003266
0.002149
-0.000368
-0.001539
-0.001516
-0.003131
-0.004723
-0.005002
-0.004552
-0.003077
-0.000912
0.001065
0.002897
0.004118
0.004667
0.005409
0.005235
0.003082
0.001409
0.000867
-0.000014
-0.002104
-0.002710
-0.001573
-0.002249
-0.003979
-0.003721
-0.001960
-0.001035
-0.000527
0.000289
0.000858
0.001296
0.001435
0.001094
0.000559
-0.000006
-0.000883
-0.000465
0.000631
0.000826
-0.000599
-0.000408
0.001618
0.001543
-0.000528
-0.001656
-0.000987
0.000087
0.000413
0.000278
-0.000096
0.000175
0.000557
0.000242
0.000622
0.001887
0.002741
0.001774
0.000487
-0.000766
-0.002220
-0.001713
-0.000759
-0.000710
-0.000042
-0.000020
0.000030
-0.000601
-0.000671
-0.001209
-0.001898
-0.001073
-0.000235
0.000088
0.000602
0.001127
0.000616
0.000523
0.001063
0.002143
0.001675
0.000701
-0.000304
-0.000750
-0.000106
-0.000617
-0.000640
-0.000044
0.000300
0.001069
0.001013
0.000469
-0.000543
-0.001551
-0.001359
-0.001665
-0.001260
-0.000708
-0.000206
0.000008
0.000069
0.000530
0.000978
0.001884
0.002699
0.003072
0.002916
0.002166
0.001857
0.001943
0.001690
0.000779
-0.000048
-0.001213
-0.002218
-0.002868
-0.002571
-0.002401
-0.002092
-0.001095
-0.000941
-0.001120
-0.001009
-0.000830
-0.000010
0.001847
0.003031
0.003566
0.003281
0.003355
0.002863
0.001186
0.000161
-0.001284
-0.002805
-0.003305
-0.003279
-0.003023
-0.001630
-0.000072
0.000240
0.000501
0.001219
0.001357
0.000510
0.000250
0.000787
0.000911
0.000472
0.000180
-0.000388
-0.000551
-0.000293
-0.000066
0.001182
0.002038
0.002404
0.002161
0.001085
0.000931
0.000422
-0.000267
-0.000539
-0.000658
-0.000279
-0.001291
-0.002703
-0.002233
-0.001519
-0.000941
-0.000123
0.000304
0.001094
0.001724
0.001552
0.001591
0.001371
0.001236
0.001364
0.000659
0.000107
-0.000501
-0.001006
-0.002091
-0.003791
-0.004417
-0.003045
-0.001078
0.000529
0.001064
0.001028
0.001631
0.001657
0.001373
0.001094
0.000849
0.000562
0.000449
0.000666
0.000851
0.000962
0.001151
0.001054
0.001303
0.001549
-0.000056
-0.001034
-0.002369
-0.004252
-0.004763
-0.003790
-0.002276
-0.000634
0.001008
0.002115
0.002609
0.002454
0.002193
0.000177
-0.001341
-0.000986
-0.000166
0.000713
0.001151
0.001796
0.002170
0.001913
0.000649
-0.000914
-0.001595
-0.001521
-0.002517
-0.002254
-0.001094
-0.001193
-0.000685
0.000266
0.000465
0.000719
0.001600
0.001981
0.001159
0.000765
0.000645
0.000370
0.000405
-0.000461
-0.000597
0.000331
-0.000002
-0.000578
-0.000487
-0.001164
-0.000781
-0.000009
-0.000338
-0.000971
-0.000656
-0.000325
-0.000770
-0.001216
-0.000299
0.001384
0.002518
0.002637
0.001450
0.000425
-0.000304
-0.001219
-0.002138
-0.002125
-0.000861
-0.000370
0.000169
0.000228
0.000561
0.001381
0.001559
0.000485
-0.000243
0.000289
-0.000313
-0.000014
0.000083
-0.001033
-0.000662
-0.000102
-0.000088
0.000115
0.001221
0.001489
0.000546
0.000208
-0.000082
-0.000480
-0.000366
0.000141
0.000297
0.000201
0.000449
0.001152
0.001569
0.000787
-0.000141
-0.000480
-0.001614
-0.002161
-0.002118
-0.001640
-0.000798
0.000248
0.001118
0.000896
0.000524
-0.000090
-0.000512
0.000471
0.000882
0.000514
0.000531
0.000532
0.000669
-0.000199
-0.000547
-0.000547
-0.001495
-0.001400
-0.001300
-0.001516
-0.001104
-0.001192
-0.001912
-0.000650
0.001167
0.000857
0.000553
0.001092
0.001390
0.001093
0.000880
0.001038
0.000957
0.000912
0.001371
0.001159
0.001497
0.001363
-0.000105
-0.000975
-0.000921
-0.001596
-0.002002
-0.002035
-0.001090
0.000137
0.000744
0.001067
0.002058
0.002413
0.001784
0.000875
-0.000386
-0.000141
-0.000240
-0.000397
0.000131
-0.000091
0.000074
0.000966
0.000335
-0.000378
0.000059
0.000541
0.000192
-0.000828
-0.000396
0.000322
0.000536
0.000064
-0.000232
0.000126
-0.000164
0.000197
0.000594
0.000482
0.000090
-0.000852
-0.001062
-0.001447
-0.002232
-0.002150
-0.001254
-0.000189
0.000193
0.000793
0.000708
0.000970
0.001273
0.000475
-0.000513
-0.000757
-0.001254
-0.000688
0.000223
-0.000031
0.000425
0.000345
0.000584
0.001171
0.001032
0.000652
0.000243
-0.000872
-0.001568
-0.000886
-0.000265
-0.000384
-0.000373
0.000344
0.000419
0.001113
0.001372
0.001300
0.001050
0.000309
0.000111
-0.000536
-0.000767
0.000071
0.000856
0.001283
0.001589
0.000988
-0.000269
-0.000421
-0.000064
-0.000294
-0.000332
-0.000481
-0.001197
-0.001457
-0.000728
-0.000554
-0.001380
-0.001320
-0.000498
0.000240
0.000859
0.001051
0.001204
0.000464
-0.000124
0.000010
0.000003
0.000936
0.000758
0.000520
0.001058
0.001033
0.000098
-0.000418
-0.001171
-0.001937
-0.000847
-0.001083
-0.001799
-0.001181
-0.000655
-0.000397
0.000011
0.001053
0.001191
0.001140
0.000740
0.000474
0.000492
0.000267
0.000232
-0.000087
0.000706
0.001210
0.001174
0.000448
0.000095
-0.000424
-0.001167
-0.000963
-0.000264
-0.000100
-0.000377
-0.000162
-0.000065
-0.000211
-0.000054
0.000280
0.000272
0.000269
0.000516
0.000018
-0.000109
-0.000059
-0.000370
-0.000187
-0.000464
-0.000269
-0.000147
-0.000345
-0.000449
-0.000231
0.000376
0.000796
0.000463
-0.000174
0.000005
0.000109
0.000835
0.001127
0.001755
0.001779
0.001455
0.001800
0.001339
0.000291
-0.000347
-0.000509
-0.001336
-0.001260
-0.001489
-0.001056
-0.000604
-0.000458
-0.000784
-0.001058
-0.000388
0.000690
0.001490
0.001777
0.001981
0.001976
0.002301
0.001722
0.000368
-0.000450
-0.001073
-0.000478
0.000174
-0.000066
-0.000139
0.000031
0.000247
0.000255
-0.000313
-0.000813
-0.000981
-0.001074
-0.000521
-0.000037
0.000097
0.000086
0.000468
0.000125
-0.000594
-0.000657
-0.000485
0.000480
0.001208
0.001037
0.000610
0.000775
0.000346
0.000120
0.000464
0.000215
0.000282
0.000277
-0.000443
-0.000362
-0.000399
-0.000606
-0.000642
-0.001248
-0.001882
-0.000960
-0.000177
-0.000109
-0.000149
0.000420
0.000464
0.000598
0.000914
0.000588
-0.000090
0.000244
0.000852
0.000530
-0.000652
-0.001113
-0.000682
-0.000859
-0.001146
-0.001197
-0.000375
-0.000058
0.000478
0.001281
0.001540
0.000990
-0.000463
-0.001042
-0.001349
-0.001356
-0.001039
-0.000617
0.000024
0.000528
0.001285
0.001666
0.001309
0.000889
0.000681
-0.000176
-0.001478
-0.000658
0.000663
0.000288
0.000216
0.000408
0.000885
0.000784
0.000323
-0.000108
-0.000446
-0.000321
-0.000422
-0.001290
-0.001353
-0.000599
-0.000117
-0.000523
0.000206
0.000844
0.000411
0.000475
0.001250
0.001253
0.000173
-0.000332
-0.000291
-0.000449
-0.000062
0.000061
-0.000289
-0.000205
0.000694
0.000813
0.000292
0.000841
0.001168
0.000621
0.000318
0.000206
-0.000033
0.000019
-0.000272
0.000141
-0.000021
-0.000852
-0.000627
-0.000459
-0.000457
-0.000215
-0.000177
-0.001471
-0.001209
0.000012
-0.000487
-0.001495
-0.000926
-0.000183
-0.000256
-0.000378
0.000369
0.000455
0.000128
0.000613
0.001212
0.001072
0.000103
0.000401
0.001307
0.000736
-0.000770
-0.000703
-0.000529
-0.000471
-0.000385
-0.000537
-0.001044
-0.000710
-0.000368
-0.000409
0.000403
0.000698
0.000793
0.000763
0.000879
0.000993
0.000834
0.000990
0.000396
-0.000665
-0.000704
-0.000551
0.000106
0.000069
-0.000593
-0.001053
-0.000649
-0.000100
0.000080
0.000177
0.000349
0.001903
0.001349
0.000637
0.001402
0.001500
0.001083
0.000780
0.000577
-0.000494
-0.000376
-0.000648
-0.001268
-0.000347
-0.000137
-0.000755
-0.000600
0.000115
0.000252
0.000166
-0.000677
-0.000826
0.000190
-0.000036
-0.000516
-0.000332
-0.000475
0.000116
0.000228
-0.000527
-0.000005
0.000434
0.000529
-0.000485
-0.000857
0.000116
0.000196
-0.000090
-0.001104
-0.000862
-0.000071
0.000345
0.000394
-0.000378
-0.000214
-0.000117
-0.000336
-0.000651
-0.000245
0.000298
-0.000310
0.000189
0.000870
0.000476
-0.000228
0.000055
0.000378
0.000011
-0.000797
-0.000815
-0.000428
-0.000945
-0.001155
-0.000591
-0.000620
-0.000854
-0.000161
0.000245
-0.000201
-0.000760
-0.000926
-0.000616
-0.000472
-0.000042
0.000095
0.000843
0.001456
0.001200
0.001031
0.000703
0.000308
0.000281
0.000332
-0.000320
-0.000622
-0.000530
-0.000360
-0.000467
-0.000715
-0.000067
-0.000382
0.000476
0.001367
0.000324
0.000486
0.001546
0.001225
0.001187
0.001853
0.001479
0.001054
0.000885
0.000162
-0.000361
0.000033
0.000368
0.000326
0.000438
0.000273
0.000134
0.000670
0.000922
0.000179
0.000382
0.000596
0.000452
0.000485
0.000711
0.000136
-0.000085
0.000000
-0.000180
-0.000616
-0.000421
-0.000938
-0.000928
-0.000322
-0.000051
-0.000234
0.000277
0.000322
0.000662
0.000988
0.000773
0.000492
-0.000323
0.000064
0.000352
0.000314
-0.000359
-0.001518
-0.001669
-0.001146
-0.000724
-0.000972
-0.000272
-0.000586
-0.000510
-0.000055
-0.000176
-0.000339
-0.000036
-0.000381
0.000244
-0.000556
-0.001403
-0.001163
-0.000205
-0.000225
0.000271
0.001092
0.000394
0.000027
0.000383
0.000237
-0.000228
-0.000110
-0.000049
0.000198
0.000292
-0.000289
-0.000606
-0.000861
-0.000574
0.000192
-0.000259
-0.000855
-0.000302
0.000315
0.000198
-0.000262
-0.000035
0.000387
0.000187
-0.000134
0.000223
0.000789
0.001000
0.000664
-0.000119
-0.000161
-0.000286
0.000335
0.000411
-0.000309
-0.000721
-0.000811
-0.000428
-0.000037
0.000115
-0.000194
-0.001052
-0.001609
-0.001210
-0.000482
0.000280
0.000470
0.000188
0.000323
0.000421
0.000612
0.001074
0.001887
0.001681
0.001349
0.000708
-0.000110
0.000669
0.000864
0.000072
-0.000095
-0.000442
-0.000514
-0.000557
-0.000800
-0.000710
-0.000047
0.000220
-0.000408
-0.000025
0.000274
-0.000289
-0.000378
-0.000475
-0.000604
-0.000669
-0.000549
-0.000790
-0.000861
-0.000394
-0.000498
-0.000952
-0.000666
0.000717
0.000963
0.000282
0.000756
0.000723
0.000213
-0.000004
-0.000055
0.000079
0.000137
-0.000152
-0.000181
-0.000661
-0.000515
0.000405
0.000586
0.000200
0.000173
0.000707
0.000631
0.000363
0.000302
0.000637
0.001006
0.000460
0.000027
0.000762
0.000883
-0.000011
-0.000106
-0.000085
-0.000111
0.000175
-0.000228
0.000381
0.000865
0.000337
-0.000057
-0.000004
0.000424
0.000522
0.000167
-0.000560
-0.000226
-0.000018
-0.000215
-0.000501
-0.000706
0.000257
0.000367
-0.000480
-0.000223
-0.000132
-0.000627
-0.000418
0.000382
0.000707
0.000168
0.000226
0.000094
-0.000083
0.000317
0.000323
0.000291
0.000209
0.000176
0.000037
0.000278
0.000652
0.000831
0.001057
0.001480
0.001111
0.000682
0.000137
-0.000472
-0.000057
0.000592
0.000293
-0.000424
-0.000112
0.000067
0.000772
0.000763
-0.000738
-0.000960
0.000102
0.000141
-0.000256
-0.000254
0.000179
0.000639
0.000259
0.000029
0.000185
0.000245
0.000651
-0.000037
0.000331
0.001145
0.000152
-0.000283
0.000240
0.000474
-0.000325
-0.000491
-0.000095
0.000288
0.000237
0.000668
0.000876
0.000791
0.000464
0.001243
0.001550
0.001064
0.001138
0.001167
0.001177
0.001147
0.000641
-0.000420
-0.000617
-0.000468
-0.000835
-0.001079
-0.000955
-0.000947
-0.001082
-0.000859
-0.000973
-0.001116
-0.000526
-0.000367
-0.000595
-0.000062
-0.000114
0.000497
0.000438
-0.000158
0.000028
-0.000340
-0.000495
0.000234
0.000318
-0.000532
-0.001179
-0.001036
-0.000857
-0.000739
-0.000069
0.000270
0.000070
0.000154
0.000980
0.001876
0.001806
0.001450
0.000839
0.000396
0.000302
0.000511
0.000989
0.001027
0.000178
-0.000066
0.000542
0.000326
-0.000416
0.000063
0.000327
-0.000301
-0.000224
0.000119
0.000331
0.000396
0.000462
-0.000048
0.000023
-0.000050
0.000110
0.000866
0.000906
0.000502
0.000759
0.001001
0.001016
0.000098
-0.000471
-0.000637
-0.000025
0.000423
-0.000300
-0.000731
-0.000154
0.000478
0.000491
-0.000109
-0.000693
0.000291
-0.000198
-0.000706
-0.000197
0.000102
0.000065
0.000529
0.000149
-0.000293
0.000226
0.000806
0.000953
0.000840
0.000957
0.000710
0.000463
0.000830
0.000646
0.000978
0.001015
0.000466
-0.000005
-0.000111
-0.000408
-0.000650
-0.000315
-0.000037
-0.000277
0.000275
-0.000130
-0.000630
0.000143
0.000994
0.000314
0.000520
0.000654
0.000656
0.000655
0.000017
-0.000429
-0.000654
-0.000121
-0.000281
-0.000341
0.000279
-0.000109
-0.000342
-0.000417
0.000737
0.001078
0.000210
0.000377
0.000722
0.000455
0.000084
-0.000008
-0.000354
-0.000123
0.000251
0.000074
-0.000544
-0.001382
-0.001324
-0.001020
-0.001044
-0.000472
-0.000101
-0.000457
0.000017
0.000436
0.000573
0.000068
0.000122
0.000410
0.000354
0.000122
0.000189
0.000554
0.000275
0.000649
0.000494
0.000658
0.000610
0.000212
0.000368
0.000207
0.000460
0.000535
0.000768
0.001443
0.001093
0.000588
0.000866
0.000282
-0.000476
-0.000576
-0.000772
-0.000599
-0.000647
-0.000472
-0.000235
-0.000188
-0.000591
-0.000441
0.000253
0.000452
0.000167
0.000290
0.000617
0.000600
0.000447
0.000127
0.000107
0.000363
-0.000043
-0.000893
-0.000506
-0.000250
-0.000684
-0.000790
-0.000617
-0.000188
-0.000050
-0.000510
-0.000199
0.000113
-0.000228
-0.000795
-0.000362
0.000049
-0.000101
-0.000114
0.000221
0.000725
-0.000227
0.000077
-0.000155
-0.000642
-0.000109
-0.000386
-0.000283
0.000179
0.000647
0.001206
0.000977
0.000931
0.001057
0.000873
0.001282
0.000492
0.000053
0.001173
0.001257
0.000975
0.000767
-0.000101
-0.000735
-0.000965
-0.000377
-0.000263
-0.000270
0.000167
0.001474
0.001534
0.001026
0.001272
0.001421
0.001121
0.000692
0.001148
0.000685
-0.000093
0.000272
-0.000074
-0.000548
-0.000040
-0.000605
-0.001322
-0.000897
-0.000831
-0.000764
-0.000173
-0.000065
-0.000191
-0.000154
0.000549
0.000365
-0.000378
-0.000015
0.001060
0.000781
-0.000276
-0.000342
0.000065
0.000118
-0.000628
-0.000019
0.000110
-0.000642
-0.000005
-0.000565
-0.001163
-0.000188
0.000149
-0.000543
0.000202
0.000760
0.000210
0.000112
0.000417
0.000638
0.000037
0.000064
0.000323
-0.000496
-0.000575
0.000088
0.000143
0.000215
0.000142
-0.000373
-0.000552
-0.000230
0.000040
0.000614
0.000684
0.000700
0.000414
0.000282
0.000879
0.001034
0.000745
0.000469
0.000045
-0.000465
-0.000651
-0.000469
-0.000560
-0.000683
-0.000417
-0.000262
0.000232
-0.000272
-0.000361
0.000239
-0.000057
-0.000217
-0.000033
0.000403
0.000953
0.000927
0.000609
0.000669
0.000436
0.000688
0.001017
-0.000226
-0.001199
-0.000632
-0.000386
-0.000691
0.000051
0.000168
-0.000608
-0.000722
-0.000196
0.000144
0.000473
0.000962
0.000604
0.000255
-0.000116
-0.000103
-0.000181
-0.000116
-0.000008
0.000178
0.000916
0.000542
0.000127
0.000861
0.000303
0.000122
0.000318
-0.000027
0.000156
-0.000014
-0.000806
-0.000861
-0.000980
-0.000736
-0.000741
-0.001045
-0.000593
0.000279
0.000417
0.000432
0.000192
0.000300
0.000843
0.001023
0.001030
0.000782
0.000582
-0.000412
-0.000162
-0.000272
-0.000218
0.000577
0.000370
0.000452
0.000805
0.001314
0.001358
0.001416
0.000823
0.000013
0.000012
0.000493
0.001082
0.000891
0.001042
0.000628
-0.000202
-0.000299
0.000130
0.000580
0.000870
0.000828
0.000221
-0.000345
0.000252
0.000317
-0.000499
-0.000579
-0.000253
-0.000234
0.000405
0.000037
-0.000674
-0.000035
-0.000312
-0.000355
0.000259
0.000595
0.000490
0.000557
0.001025
0.001117
0.000897
0.000055
-0.000316
-0.000761
-0.001394
-0.000494
0.000614
-0.000132
-0.000799
-0.000389
0.000462
0.000741
0.000199
0.000209
0.001571
0.001305
-0.000211
-0.000504
-0.000481
-0.000549
0.000002
0.000268
0.000155
-0.000552
-0.001114
-0.001185
-0.000940
-0.000728
0.000149
0.000274
0.000119
-0.000076
-0.000747
-0.000361
0.000213
0.000169
0.000195
0.000646
0.001527
0.001992
0.001295
0.000801
0.001416
0.000974
-0.000405
-0.000618
-0.000878
-0.001450
-0.001497
-0.001258
-0.000771
0.000436
0.000279
0.000250
0.000358
0.000647
0.001129
0.001073
0.001197
0.000492
0.000158
0.000144
-0.000624
-0.001515
-0.001273
-0.000975
-0.001178
-0.001412
-0.000841
-0.000789
-0.001020
-0.000446
0.000003
0.000178
0.000127
0.000086
0.000228
0.000878
0.001281
0.001612
0.001483
0.001050
0.001014
0.000826
-0.000012
-0.000768
-0.000935
-0.000837
0.000349
0.000867
-0.000023
-0.000612
-0.000522
-0.000212
0.000145
0.000716
0.000490
0.000128
0.000102
0.000339
0.000398
0.000314
0.000549
0.000440
0.000063
-0.000271
0.000261
0.000938
0.000650
0.000722
0.000624
-0.000056
-0.000284
-0.000369
-0.000606
-0.000761
-0.000285
0.000064
-0.000355
-0.000048
0.000295
0.000266
0.000528
0.000001
-0.000784
-0.001453
-0.001332
-0.000427
0.000309
0.000696
0.000587
0.000107
0.000043
0.000373
0.000624
0.000812
0.000557
0.000692
0.001535
0.001147
0.000171
0.000159
0.000261
0.000119
0.000103
-0.000338
-0.000299
0.000138
0.000427
0.000783
0.000177
-0.000196
0.000047
0.000015
0.000140
0.000434
-0.000318
-0.000712
-0.001137
-0.000655
-0.001221
-0.001502
-0.001326
-0.001242
-0.001012
-0.000754
-0.000838
-0.000784
-0.000333
-0.000013
0.000439
0.000599
0.000468
0.000495
0.001582
0.002072
0.001380
0.000749
0.000053
-0.000663
-0.000087
0.000688
0.000737
0.000418
0.000282
-0.000101
-0.000937
-0.000594
-0.000236
-0.000099
-0.000657
-0.000993
-0.000412
-0.000088
-0.000054
0.000141
0.000742
0.000687
0.000139
0.000236
0.000249
0.000556
0.000215
-0.000519
-0.000404
0.000440
0.000815
-0.000044
-0.000390
-0.000173
-0.000690
-0.000363
0.000098
-0.000137
-0.000999
-0.000568
-0.000068
-0.000882
-0.000714
-0.000298
-0.000694
-0.000926
-0.000646
-0.000558
0.000062
0.000855
0.001043
0.000659
0.000837
0.001322
0.001262
0.000527
-0.000595
-0.001168
-0.001464
-0.000972
-0.000812
-0.001039
-0.000639
0.000008
0.000320
-0.000239
0.000289
0.000619
0.000448
0.000429
0.000454
0.000048
-0.000752
-0.000886
-0.000305
0.000238
0.000431
0.000245
0.000061
-0.000226
-0.000297
0.000320
0.000547
-0.000104
-0.000294
-0.000184
-0.000516
-0.000678
-0.000396
0.000077
0.000186
-0.000183
-0.000143
0.000124
0.000033
0.000242
0.001064
0.001005
0.000440
0.000053
0.000157
0.000132
-0.000208
-0.000247
0.000571
0.001151
0.001246
0.000508
-0.000480
-0.000646
-0.000400
-0.000533
-0.001235
-0.000834
-0.000184
-0.000214
0.000198
0.000874
0.000928
0.000567
0.001157
0.001038
0.000159
0.000299
0.000762
0.000148
-0.000456
-0.000416
-0.000405
-0.000353
-0.000122
-0.000435
-0.000746
-0.000473
-0.000494
0.000155
0.000464
-0.000075
0.000062
0.000341
0.000483
-0.000076
-0.000331
-0.000518
-0.000653
0.000270
0.000342
0.000392
0.000093
-0.000345
-0.000375
-0.000963
-0.001203
-0.000952
-0.000479
-0.000495
-0.001494
-0.001659
-0.000853
-0.000039
0.000356
0.000375
0.000130
0.000181
0.000419
-0.000035
-0.000032
0.000421
0.000117
-0.000005
0.000357
-0.000066
-0.000842
-0.000840
-0.000503
0.000100
0.000718
0.000812
0.000683
0.000240
0.000488
0.000686
0.000258
-0.000641
-0.001244
-0.000705
-0.001113
-0.001156
-0.001190
-0.000739
-0.000027
-0.001147
-0.001058
0.000019
0.000158
-0.000566
-0.000675
0.000494
0.001293
0.000796
0.000322
-0.000025
-0.000065
0.000334
0.000416
-0.000420
-0.000990
-0.000733
-0.000464
-0.000415
-0.000234
0.000603
0.000666
0.000444
-0.000142
-0.000179
0.000322
0.000488
0.000431
0.000394
0.000947
0.001721
0.001847
0.001511
0.001357
0.000741
0.000539
0.000461
0.000526
-0.000258
-0.000925
-0.000299
0.000491
0.000271
-0.000260
-0.000336
-0.000335
-0.000658
-0.000706
-0.000381
-0.000356
0.000185
0.000394
0.000726
0.000343
-0.000206
0.000306
-0.000317
-0.000838
-0.000860
-0.000712
-0.001122
-0.001815
-0.001377
-0.001118
-0.001370
-0.001457
-0.000978
-0.000682
-0.000795
-0.000178
0.000729
0.001028
0.000409
-0.000282
-0.000292
0.000006
0.000428
0.000191
-0.000183
-0.000011
-0.000169
-0.000024
-0.000293
-0.000656
-0.000465
-0.000235
-0.000187
0.000354
0.001141
0.000567
0.000043
0.000535
0.000050
-0.000235
-0.000249
0.000139
-0.000178
-0.000770
-0.000813
-0.000356
0.000119
0.000334
0.000427
0.000160
0.000282
-0.000027
-0.000281
-0.000035
0.000208
-0.000082
-0.000083
-0.000100
0.000134
0.000163
-0.000022
-0.000202
-0.000595
-0.000728
-0.000310
0.000000
-0.000425
-0.000401
0.000275
0.000005
-0.000170
-0.000279
0.000127
0.000520
-0.000060
-0.000438
0.000027
0.000253
0.000798
0.000899
0.000083
-0.000092
-0.000420
-0.000471
0.000018
-0.000177
-0.000460
-0.000467
0.000342
0.001080
0.000038
-0.000184
0.000128
0.000151
0.000013
-0.000652
-0.000749
-0.000178
-0.000155
0.000125
0.000044
-0.000560
-0.000655
-0.000448
-0.000545
-0.000980
-0.000443
0.000433
-0.000152
-0.000016
0.000473
0.000814
0.001338
0.001006
0.000860
0.000610
0.001001
0.001242
0.000604
-0.000048
0.000249
-0.000013
0.000088
0.000426
0.000122
-0.000137
-0.000570
-0.000763
-0.000068
-0.000774
-0.001842
-0.001129
-0.000491
-0.000898
-0.001011
-0.000319
-0.000310
-0.000275
-0.000301
-0.000075
0.000550
0.000621
-0.000075
-0.000085
0.000066
0.000008
-0.000343
-0.000127
-0.000204
-0.000220
-0.000042
0.000194
0.000129
0.000363
0.000054
-0.000321
-0.000002
-0.000061
-0.000010
-0.000675
-0.001101
-0.000959
-0.000960
-0.000408
-0.000250
0.000369
0.000370
-0.000742
-0.000985
-0.000322
-0.000319
-0.000918
-0.000788
-0.000516
-0.000062
0.000147
0.000152
0.000538
0.001019
0.000654
-0.000790
-0.001246
-0.001009
-0.000836
-0.001108
-0.000579
-0.000717
-0.000752
-0.000653
-0.000144
0.000609
0.000356
-0.000322
-0.000587
-0.000225
0.000405
0.000252
0.000230
0.000222
0.000296
0.000526
0.000663
0.001113
0.000721
0.000326
-0.000491
-0.000371
-0.000080
-0.000120
0.000107
-0.000230
-0.000297
-0.000273
0.000267
0.000842
0.000525
0.000202
0.000294
0.000407
0.000504
0.000209
-0.000322
-0.000359
-0.000288
0.000077
0.000362
-0.000333
-0.000807
-0.000340
-0.000313
-0.000546
-0.000550
-0.000488
-0.000889
-0.001038
-0.000841
0.000037
0.000314
-0.000039
-0.000206
-0.001397
-0.001431
-0.001012
-0.001027
-0.000707
-0.000150
-0.000260
-0.000835
0.000119
0.000959
0.001012
0.000433
0.000169
0.000265
0.000552
0.000492
0.000122
0.000334
0.000177
-0.000483
-0.001367
-0.001761
-0.001468
-0.001038
-0.000851
-0.000510
-0.000066
0.000409
0.000424
0.000177
-0.000200
0.000070
0.000156
-0.000016
0.000030
0.000443
0.000534
0.000096
-0.000274
-0.000320
0.000150
-0.000613
-0.000747
-0.001037
-0.001119
-0.000975
-0.000418
0.000658
0.001370
0.000808
0.000240
0.001033
0.001418
0.001289
0.001354
0.001424
0.001460
0.000859
0.000540
0.000537
0.000259
-0.000589
-0.001029
-0.001317
-0.001488
-0.000874
-0.001012
-0.000997
-0.000078
-0.000284
-0.001039
-0.000591
-0.000434
-0.000483
-0.000082
0.000131
0.000571
0.000897
0.000276
-0.000265
0.000201
0.000345
0.000551
0.001196
0.000547
-0.000078
0.000305
