# STATIONID: 251
# STARTTIME: 1123739053.170000
# SAMPLERATE: 100
# NUMSAMPLES: 8105
0.006757
0.009172
0.008269
0.008752
0.008905
0.008620
0.007811
0.007760
0.005834
0.003791
0.002624
0.002371
0.001158
-0.001510
-0.002877
-0.003459
-0.003288
-0.003432
-0.003663
-0.003268
-0.003765
-0.003376
-0.001877
-0.001085
-0.001218
-0.001487
-0.001212
-0.001161
-0.001250
-0.001562
-0.003059
-0.004228
-0.003978
-0.003863
-0.004471
-0.005417
-0.006649
-0.007295
-0.008186
-0.008331
-0.008023
-0.008821
-0.009603
-0.009945
-0.009203
-0.006083
-0.003117
-0.002092
-0.001452
-0.000485
-0.001045
-0.000844
0.000280
0.000194
-0.000526
-0.000597
-0.000861
-0.001027
-0.000639
-0.000825
-0.000965
-0.000165
0.000354
-0.000014
-0.000813
-0.000692
0.000468
0.001468
0.002449
0.004213
0.006250
0.006289
0.006020
0.005718
0.005475
0.006610
0.008008
0.009871
0.010111
0.008602
0.007482
0.005583
0.004275
0.003731
0.003688
0.003462
0.002359
0.001461
-0.001065
-0.003058
-0.002953
-0.003106
-0.003848
-0.006052
-0.008235
-0.008170
-0.007586
-0.008352
-0.009417
-0.010434
-0.011711
-0.010880
-0.009432
-0.006861
-0.005092
-0.005436
-0.004636
-0.003424
-0.001570
0.000678
0.001438
0.000919
0.001062
0.002161
0.004173
0.005815
0.005990
0.005732
0.005264
0.004304
0.002918
0.002328
0.001614
-0.000626
-0.000920
0.000201
0.000568
-0.000455
-0.000988
-0.000975
-0.001388
-0.000741
0.001489
0.004044
0.005350
0.004612
0.004492
0.002809
0.001297
0.000057
-0.001998
-0.002284
-0.001580
-0.000879
-0.001427
-0.002179
-0.001643
-0.000259
0.002061
0.004037
0.004907
0.005499
0.006194
0.006578
0.008002
0.008685
0.008556
0.008739
0.007765
0.006603
0.006464
0.006481
0.006323
0.006660
0.008349
0.009572
0.009911
0.008624
0.006484
0.006314
0.006641
0.006498
0.006496
0.006210
0.004795
0.002323
-0.000992
-0.003824
-0.005956
-0.006676
-0.007243
-0.008297
-0.007844
-0.006810
-0.007914
-0.008966
-0.009020
-0.010269
-0.011499
-0.011787
-0.010088
-0.009945
-0.010793
-0.011420
-0.013147
-0.014626
-0.014856
-0.014736
-0.014983
-0.015035
-0.014677
-0.014559
-0.014814
-0.014801
-0.013510
-0.011167
-0.009549
-0.008634
-0.006658
-0.004408
-0.002693
-0.001770
-0.001596
-0.002020
-0.000672
0.001660
0.003403
0.005008
0.005186
0.005887
0.006907
0.007807
0.008891
0.007974
0.007733
0.009301
0.010365
0.012561
0.013927
0.014772
0.015761
0.016213
0.017249
0.018629
0.019386
0.019319
0.018855
0.018535
0.018648
0.017885
0.016110
0.014596
0.012858
0.012017
0.012564
0.012023
0.009627
0.007065
0.004340
0.001607
0.000366
0.000993
0.000220
-0.002692
-0.005294
-0.006641
-0.006700
-0.005712
-0.005201
-0.005402
-0.006319
-0.007825
-0.009628
-0.011244
-0.011145
-0.011250
-0.011671
-0.011375
-0.009595
-0.008339
-0.009024
-0.010213
-0.011388
-0.011789
-0.010447
-0.008896
-0.008152
-0.007517
-0.007150
-0.006310
-0.004536
-0.004015
-0.004600
-0.004585
-0.004257
-0.003986
-0.003739
-0.003465
-0.003086
-0.002849
-0.002392
-0.001727
-0.000206
0.002179
0.004286
0.005905
0.006070
0.005061
0.003840
0.003582
0.004141
0.005692
0.007043
0.006715
0.005170
0.004517
0.003964
0.002278
0.001787
0.002147
0.001774
0.002086
0.002776
0.001922
0.001090
0.000454
-0.000276
-0.001535
-0.004117
-0.005126
-0.003900
-0.001350
-0.000306
-0.001294
-0.002647
-0.003069
-0.003268
-0.002804
-0.002121
-0.000126
0.001886
0.001357
0.000159
-0.000648
-0.000276
0.000327
0.000394
0.002042
0.003729
0.003379
0.001894
0.001624
0.002718
0.003668
0.004421
0.006175
0.006588
0.005359
0.004653
0.004695
0.004863
0.005371
0.007107
0.008172
0.008166
0.007725
0.008182
0.008051
0.006473
0.004815
0.003853
0.003388
0.002584
0.002101
0.002041
0.001850
0.000462
-0.000349
-0.001056
-0.002404
-0.004037
-0.005682
-0.006536
-0.006478
-0.005334
-0.003444
-0.001881
-0.002368
-0.005384
-0.007413
-0.007768
-0.006818
-0.004526
-0.002666
-0.001457
-0.000849
0.000239
0.002804
0.004622
0.004086
0.003262
0.002720
0.002068
0.002225
0.002392
0.002623
0.003157
0.001321
-0.001541
-0.002637
-0.001544
-0.000795
-0.001407
-0.002832
-0.005456
-0.008098
-0.009833
-0.010998
-0.011047
-0.011022
-0.012003
-0.011913
-0.011430
-0.011495
-0.010925
-0.010191
-0.010023
-0.009619
-0.007749
-0.006646
-0.005452
-0.003974
-0.002800
-0.001493
-0.001043
-0.001193
0.000156
0.000600
0.000919
0.002301
0.003065
0.003635
0.004438
0.005802
0.006462
0.006720
0.007989
0.010311
0.011454
0.012621
0.014422
0.015179
0.015510
0.015177
0.013905
0.013246
0.013641
0.014979
0.015625
0.014831
0.013624
0.011564
0.008834
0.006421
0.004350
0.002731
0.001748
0.001213
0.000371
-0.001617
-0.003140
-0.005100
-0.007174
-0.007877
-0.007641
-0.006019
-0.003508
-0.001757
-0.001041
-0.000866
-0.000139
0.001750
0.002947
0.002839
0.001252
-0.000061
-0.000633
-0.000561
-0.000649
-0.000418
-0.000493
-0.000658
0.000102
0.001093
0.000412
-0.000322
-0.001790
-0.002857
-0.002934
-0.003054
-0.002269
-0.002980
-0.004201
-0.004859
-0.004298
-0.002752
-0.001866
-0.001812
-0.002852
-0.005181
-0.007494
-0.008289
-0.007926
-0.007205
-0.006551
-0.007397
-0.009067
-0.010173
-0.010506
-0.010374
-0.011046
-0.012311
-0.013460
-0.013441
-0.012827
-0.011282
-0.010232
-0.008791
-0.006754
-0.004803
-0.004057
-0.003921
-0.004669
-0.006463
-0.005698
-0.004370
-0.003118
-0.001485
0.000417
0.002386
0.005024
0.008149
0.010714
0.012710
0.014643
0.016284
0.016449
0.016692
0.017483
0.016777
0.016003
0.016489
0.015574
0.013922
0.014076
0.014628
0.014291
0.012256
0.010942
0.010950
0.010616
0.009796
0.008972
0.007093
0.003880
0.002000
0.002386
0.004036
0.004248
0.001821
0.000137
-0.001156
-0.002320
-0.002116
-0.002377
-0.003360
-0.004043
-0.005130
-0.006611
-0.007356
-0.008397
-0.009523
-0.009898
-0.009395
-0.007474
-0.005384
-0.004115
-0.005133
-0.006366
-0.005453
-0.003054
-0.001153
-0.000686
-0.000099
-0.000015
0.000243
0.001720
0.003641
0.004590
0.002941
-0.000195
-0.002950
-0.005019
-0.004948
-0.005034
-0.006232
-0.007594
-0.008614
-0.009001
-0.009431
-0.009678
-0.009301
-0.008838
-0.008215
-0.006365
-0.003542
-0.002267
-0.001190
-0.000039
-0.000171
0.000990
0.002614
0.002720
0.002752
0.003433
0.004467
0.004363
0.003929
0.003471
0.003120
0.002602
0.000832
-0.000971
-0.001242
-0.001327
-0.001465
-0.001670
-0.002095
-0.001582
-0.001314
-0.001015
0.000425
0.002379
0.003290
0.004676
0.006994
0.007842
0.007706
0.008443
0.010388
0.011548
0.011845
0.011837
0.013321
0.014381
0.014401
0.013075
0.009808
0.008785
0.008054
0.005757
0.004474
0.002595
0.000094
-0.001369
-0.003530
-0.006375
-0.007384
-0.007795
-0.007926
-0.007010
-0.006172
-0.006301
-0.006556
-0.006412
-0.006723
-0.006845
-0.006620
-0.006612
-0.006065
-0.005778
-0.005237
-0.004896
-0.004701
-0.003739
-0.002467
-0.002491
-0.002682
-0.002028
-0.001648
-0.001064
-0.000973
-0.000500
0.000265
0.000595
0.000919
0.000821
0.001860
0.002456
0.002128
0.002156
0.002964
0.003358
0.003071
0.002917
0.001288
-0.000387
-0.000292
-0.000143
-0.001213
-0.002872
-0.004378
-0.005232
-0.005799
-0.006303
-0.005491
-0.004890
-0.003698
-0.002874
-0.002628
-0.001556
0.000717
0.002602
0.002649
0.003489
0.005521
0.006280
0.006036
0.006760
0.007644
0.009078
0.010660
0.010481
0.008109
0.005173
0.003551
0.003474
0.004913
0.005984
0.006398
0.006511
0.004876
0.003925
0.005057
0.006442
0.007950
0.008732
0.006744
0.003589
0.001103
-0.000236
-0.001463
-0.002193
-0.002228
-0.002136
-0.004392
-0.007416
-0.009555
-0.012417
-0.013612
-0.013018
-0.012735
-0.012481
-0.011354
-0.009757
-0.008158
-0.006834
-0.006269
-0.006671
-0.006981
-0.005448
-0.003420
-0.003373
-0.003224
-0.002570
-0.002365
-0.001894
-0.002340
-0.001759
-0.000643
-0.000443
-0.000494
-0.000028
0.000196
0.000205
0.001681
0.003018
0.003985
0.005274
0.005576
0.005967
0.006162
0.006125
0.007230
0.008244
0.007903
0.007539
0.008481
0.008680
0.007715
0.007099
0.007307
0.008008
0.008178
0.007575
0.006951
0.005475
0.003730
0.002405
0.002333
0.002768
0.002400
0.002622
0.002674
0.002451
0.002455
0.002313
0.001239
0.000544
0.001202
0.002312
0.002466
0.000676
-0.002521
-0.004383
-0.004709
-0.004409
-0.004090
-0.004347
-0.004514
-0.003764
-0.003773
-0.004421
-0.004446
-0.004834
-0.005558
-0.006861
-0.006630
-0.004341
-0.002823
-0.001927
-0.002355
-0.003150
-0.002331
-0.002415
-0.003192
-0.002393
-0.001297
-0.001414
-0.002158
-0.003066
-0.004129
-0.004785
-0.003998
-0.002869
-0.002530
-0.002900
-0.002655
-0.002093
-0.002210
-0.001902
-0.002110
-0.002742
-0.000912
0.001805
0.002776
0.002672
0.001777
0.002525
0.005492
0.008402
0.010282
0.011464
0.011258
0.009533
0.009410
0.010684
0.009879
0.007896
0.006848
0.005674
0.004638
0.003026
0.001065
-0.000755
-0.001771
-0.002272
-0.003774
-0.006383
-0.006415
-0.004681
-0.003193
-0.000973
-0.000512
-0.001473
-0.001639
-0.002650
-0.004372
-0.004643
-0.002944
-0.000703
0.000831
0.000781
-0.000209
-0.001138
-0.001343
0.000205
0.001620
0.002696
0.002969
0.002981
0.003836
0.004421
0.004181
0.003450
0.002908
0.001531
0.000647
-0.000462
-0.002186
-0.002579
-0.003007
-0.004170
-0.004719
-0.004916
-0.004845
-0.003470
-0.003568
-0.004420
-0.004159
-0.004356
-0.005459
-0.005494
-0.004144
-0.003200
-0.003119
-0.003659
-0.003423
-0.002335
-0.001453
0.000182
0.000757
0.000123
-0.000512
-0.000673
0.000047
0.001220
0.003514
0.007006
0.008834
0.008591
0.007605
0.006740
0.005702
0.005153
0.005222
0.005017
0.004299
0.002618
0.000330
-0.001316
-0.001726
-0.001125
0.000219
0.002043
0.003523
0.004531
0.005417
0.006937
0.007420
0.006059
0.005721
0.006940
0.008063
0.008494
0.008759
0.008649
0.006268
0.003529
0.002370
0.002717
0.003159
0.002970
0.002375
0.000029
-0.002221
-0.003130
-0.003733
-0.004143
-0.004753
-0.005650
-0.006873
-0.006527
-0.005871
-0.005891
-0.005266
-0.005184
-0.005853
-0.006017
-0.005055
-0.006035
-0.007029
-0.006639
-0.006887
-0.007305
-0.008979
-0.010379
-0.010592
-0.012090
-0.013312
-0.013116
-0.012670
-0.011842
-0.009852
-0.007827
-0.006654
-0.005467
-0.004010
-0.002278
-0.001356
-0.000614
-0.000446
-0.001271
-0.000701
-0.000334
0.000082
0.001216
0.001700
0.001740
0.000977
0.001313
0.001753
0.001663
0.003062
0.004739
0.006576
0.008110
0.010365
0.012719
0.013645
0.013620
0.013606
0.014115
0.014836
0.014684
0.014595
0.013486
0.012267
0.013076
0.013486
0.013388
0.012672
0.010819
0.010555
0.011230
0.011568
0.011003
0.009532
0.007287
0.005320
0.004166
0.002755
0.001982
0.000161
-0.001797
-0.003091
-0.005421
-0.007502
-0.008751
-0.008082
-0.007498
-0.007471
-0.007919
-0.009614
-0.010937
-0.011200
-0.011155
-0.012028
-0.013147
-0.013807
-0.015432
-0.017586
-0.019630
-0.021552
-0.022495
-0.021563
-0.018981
-0.016681
-0.015036
-0.012949
-0.010337
-0.006420
-0.002146
0.001510
0.003024
0.004614
0.006137
0.005773
0.005840
0.006851
0.006962
0.007181
0.007819
0.007789
0.008019
0.009971
0.011153
0.010581
0.008988
0.008308
0.009719
0.010768
0.010140
0.009255
0.008075
0.007163
0.006755
0.006706
0.006994
0.007170
0.006648
0.005529
0.004203
0.002890
0.003061
0.003962
0.003808
0.002368
0.000761
0.000160
-0.000713
-0.002042
-0.002247
-0.001867
-0.000756
0.000412
0.000018
-0.000833
-0.001855
-0.002420
-0.002426
-0.002631
-0.003976
-0.005185
-0.005895
-0.006855
-0.006850
-0.006976
-0.006536
-0.006312
-0.006431
-0.007085
-0.007220
-0.007803
-0.009205
-0.009142
-0.008619
-0.008793
-0.009019
-0.009139
-0.007533
-0.005769
-0.004156
-0.002291
-0.001609
-0.002000
-0.002751
-0.002158
-0.000903
-0.000148
0.000963
0.002889
0.004430
0.006051
0.008092
0.010918
0.014002
0.015288
0.016516
0.017707
0.017205
0.015512
0.014582
0.013631
0.012491
0.013180
0.013917
0.013781
0.012580
0.011251
0.010246
0.008440
0.007180
0.006455
0.005082
0.004037
0.001927
-0.001294
-0.003729
-0.006041
-0.006344
-0.006560
-0.007819
-0.009852
-0.011211
-0.011261
-0.011982
-0.013127
-0.014695
-0.015503
-0.015578
-0.015310
-0.014451
-0.013037
-0.011211
-0.008978
-0.006464
-0.006351
-0.006846
-0.006338
-0.005200
-0.004445
-0.004521
-0.003718
-0.002020
-0.000819
-0.000380
-0.001477
-0.003335
-0.004959
-0.005657
-0.005049
-0.005244
-0.005849
-0.005603
-0.005114
-0.004155
-0.003421
-0.001782
0.001464
0.004205
0.005655
0.007322
0.010150
0.011503
0.011892
0.012211
0.011667
0.012084
0.013163
0.013579
0.014756
0.014739
0.013971
0.013289
0.012938
0.013634
0.013548
0.012999
0.014287
0.014777
0.013763
0.013616
0.012060
0.010434
0.010247
0.009897
0.009079
0.006828
0.003471
0.001049
-0.001121
-0.003091
-0.005066
-0.007622
-0.009658
-0.011708
-0.013101
-0.012598
-0.011986
-0.013378
-0.015901
-0.016579
-0.017034
-0.018052
-0.017941
-0.017823
-0.017093
-0.016468
-0.016216
-0.016182
-0.016202
-0.014431
-0.012115
-0.009261
-0.006297
-0.006067
-0.006526
-0.005758
-0.003012
-0.000432
0.000473
0.001281
0.001994
0.002018
0.002324
0.003105
0.004711
0.006371
0.007064
0.008524
0.009482
0.009414
0.009838
0.010265
0.011385
0.012201
0.013075
0.013683
0.012989
0.011673
0.010884
0.009476
0.007448
0.006779
0.006219
0.005955
0.005441
0.003099
0.000674
-0.000661
-0.001390
-0.001649
-0.001693
-0.001761
-0.001417
-0.000583
-0.000279
-0.000689
-0.001378
-0.001572
-0.001041
-0.000532
-0.000226
-0.001456
-0.003863
-0.004685
-0.004039
-0.003836
-0.003630
-0.004607
-0.005145
-0.005035
-0.005134
-0.004540
-0.003541
-0.002474
-0.002183
-0.002327
-0.002292
-0.002698
-0.001824
-0.001111
-0.000230
0.000455
-0.000023
0.001008
0.001783
0.001263
0.000994
0.001077
0.002132
0.003753
0.003810
0.002895
0.003195
0.005460
0.007010
0.006459
0.005902
0.003406
0.000027
-0.001835
-0.001402
-0.000152
0.000394
-0.000616
-0.001213
-0.001099
-0.000522
-0.000941
-0.001792
-0.003056
-0.003656
-0.003191
-0.002835
-0.003262
-0.003982
-0.003854
-0.003221
-0.000982
0.003311
0.005453
0.006443
0.007205
0.006893
0.005304
0.002582
0.000900
0.000832
0.000516
0.000296
0.000203
-0.000461
-0.000320
-0.000088
-0.000348
-0.000792
-0.001724
-0.002134
-0.002644
-0.002430
-0.001438
-0.001550
-0.001784
-0.002802
-0.003546
-0.004203
-0.006706
-0.008373
-0.008839
-0.009382
-0.009890
-0.009582
-0.008254
-0.007491
-0.008611
-0.009693
-0.009768
-0.008867
-0.006599
-0.002834
0.000392
0.001085
0.001952
0.002753
0.003844
0.006194
0.008629
0.010265
0.010453
0.010217
0.010814
0.010776
0.010629
0.011013
0.010482
0.009330
0.008850
0.008889
0.009109
0.009137
0.008913
0.009011
0.008412
0.007840
0.008455
0.008472
0.008508
0.008468
0.008467
0.008390
0.006894
0.004112
0.001884
0.000438
-0.001907
-0.003561
-0.004697
-0.006442
-0.008559
-0.010289
-0.010745
-0.010530
-0.009588
-0.008259
-0.007415
-0.007145
-0.006974
-0.007270
-0.007880
-0.007954
-0.007831
-0.007653
-0.007621
-0.008012
-0.008935
-0.009098
-0.008587
-0.008488
-0.009264
-0.009710
-0.009802
-0.009662
-0.008626
-0.007133
-0.006285
-0.005116
-0.002984
-0.001809
-0.000868
-0.000254
0.001396
0.003307
0.005042
0.007927
0.009879
0.010893
0.013151
0.014341
0.014533
0.015299
0.014854
0.014096
0.014128
0.015086
0.015250
0.013477
0.010774
0.009044
0.008448
0.007844
0.007587
0.008280
0.008797
0.008921
0.009479
0.008753
0.006858
0.005467
0.004348
0.003741
0.002668
0.001518
-0.000918
-0.005506
-0.007437
-0.008754
-0.011560
-0.014730
-0.018655
-0.020882
-0.020303
-0.018964
-0.018489
-0.018151
-0.017681
-0.017387
-0.016750
-0.015306
-0.013480
-0.012446
-0.013204
-0.013257
-0.011539
-0.010664
-0.009546
-0.009020
-0.009314
-0.009321
-0.008305
-0.006842
-0.005212
-0.002158
-0.000627
0.000606
0.003300
0.004149
0.004702
0.005423
0.006023
0.007974
0.010734
0.013013
0.013275
0.013140
0.014451
0.015558
0.016311
0.017561
0.018454
0.019787
0.021249
0.022079
0.021771
0.020961
0.021691
0.022609
0.022649
0.020312
0.016677
0.014600
0.012290
0.009973
0.008595
0.007153
0.004897
0.001654
-0.001144
-0.004252
-0.007406
-0.010168
-0.011983
-0.013194
-0.013538
-0.013116
-0.011968
-0.012515
-0.014072
-0.014188
-0.013999
-0.013048
-0.011946
-0.011666
-0.011798
-0.010094
-0.008774
-0.009851
-0.010287
-0.010532
-0.011052
-0.010871
-0.010384
-0.009296
-0.007972
-0.007122
-0.007219
-0.007176
-0.006422
-0.005119
-0.005074
-0.005646
-0.005148
-0.004354
-0.004409
-0.003117
-0.001045
-0.000344
-0.000649
-0.001435
-0.002285
-0.002443
-0.001470
-0.001586
-0.001052
0.000627
0.001127
0.001329
0.001345
0.001010
0.002443
0.004178
0.004941
0.005348
0.005595
0.005809
0.006353
0.006185
0.006085
0.006661
0.006960
0.007396
0.009332
0.010597
0.011424
0.011886
0.011243
0.010351
0.009255
0.007687
0.006989
0.005393
0.003455
0.002607
0.002096
0.001878
0.002434
0.003075
0.002910
0.003270
0.003425
0.003959
0.004744
0.006259
0.007569
0.007725
0.006280
0.003516
0.001549
0.000940
0.000792
-0.000290
-0.001410
-0.002042
-0.003545
-0.005020
-0.006556
-0.007176
-0.007050
-0.006981
-0.007031
-0.006818
-0.007213
-0.007799
-0.008295
-0.008904
-0.009060
-0.009764
-0.009546
-0.008970
-0.010368
-0.011515
-0.011122
-0.009739
-0.008544
-0.007585
-0.006897
-0.007372
-0.007339
-0.006272
-0.004265
-0.001053
0.000874
0.001581
0.002958
0.003688
0.003593
0.004111
0.005863
0.006937
0.007220
0.008427
0.009070
0.009014
0.009256
0.009114
0.007631
0.006792
0.007732
0.008100
0.008395
0.007034
0.004893
0.002561
0.000522
-0.000255
-0.001887
-0.003295
-0.004593
-0.006870
-0.008312
-0.007328
-0.005961
-0.004326
-0.001948
-0.001035
-0.000515
-0.000203
0.000811
0.002760
0.005327
0.008055
0.008936
0.007543
0.006198
0.004880
0.002591
0.001626
0.001606
0.001194
0.001772
0.002373
0.000786
-0.000320
0.000169
-0.000675
-0.001547
-0.000994
-0.000934
-0.000758
-0.000363
0.000213
-0.000084
-0.000573
-0.000891
-0.002321
-0.002650
-0.002037
-0.001975
-0.002392
-0.003592
-0.004656
-0.005802
-0.007085
-0.007602
-0.008601
-0.008754
-0.008979
-0.010536
-0.009879
-0.008265
-0.007774
-0.006373
-0.004430
-0.003483
-0.003100
-0.002284
-0.001058
0.000480
0.001777
0.002141
0.002844
0.003152
0.003437
0.004342
0.004053
0.003224
0.002971
0.002551
0.002307
0.002874
0.004398
0.004666
0.003270
0.002448
0.002801
0.004327
0.006462
0.008151
0.009091
0.009635
0.010678
0.010564
0.009662
0.009697
0.009320
0.008200
0.007387
0.007086
0.006780
0.006181
0.005338
0.004354
0.003075
0.003261
0.004118
0.004411
0.003512
0.002350
0.002251
0.001003
-0.000248
-0.000964
-0.001760
-0.002742
-0.003900
-0.004692
-0.005120
-0.006695
-0.009137
-0.010648
-0.010937
-0.009982
-0.010064
-0.011643
-0.013521
-0.015127
-0.015157
-0.014908
-0.014819
-0.014419
-0.013801
-0.013533
-0.013710
-0.012695
-0.010407
-0.008968
-0.008374
-0.007094
-0.004502
-0.001795
-0.000429
0.000031
0.001048
0.003684
0.005643
0.006439
0.007874
0.009133
0.009737
0.010548
0.012128
0.014454
0.015654
0.016150
0.016238
0.014244
0.012419
0.011865
0.011627
0.011325
0.010663
0.009956
0.008243
0.006333
0.005082
0.004901
0.004703
0.003493
0.003177
0.002970
0.001205
-0.000329
-0.000519
-0.000896
0.000487
0.001863
0.001930
0.001294
0.000098
-0.000274
-0.001469
-0.002210
-0.002183
-0.003114
-0.004594
-0.005331
-0.005299
-0.006127
-0.006366
-0.005865
-0.004343
-0.002601
-0.002738
-0.003822
-0.004280
-0.004130
-0.004813
-0.006967
-0.007810
-0.007588
-0.009072
-0.010259
-0.010940
-0.011543
-0.011399
-0.009997
-0.008736
-0.007967
-0.007907
-0.009030
-0.010728
-0.011833
-0.010877
-0.009709
-0.007983
-0.006724
-0.007750
-0.008670
-0.007910
-0.005673
-0.002639
-0.000384
0.000787
0.002255
0.003521
0.005425
0.006586
0.006813
0.008374
0.011211
0.012836
0.013231
0.013857
0.016729
0.019282
0.021497
0.023409
0.023299
0.022124
0.022047
0.022196
0.022393
0.020800
0.018854
0.019108
0.017812
0.016357
0.013599
0.009112
0.005552
0.002682
0.000093
-0.002393
-0.004443
-0.006176
-0.007729
-0.009080
-0.010591
-0.010638
-0.010262
-0.010782
-0.011886
-0.013224
-0.014418
-0.014653
-0.014541
-0.014528
-0.013699
-0.012608
-0.012025
-0.013277
-0.014292
-0.014572
-0.014092
-0.013212
-0.012072
-0.011629
-0.011416
-0.010179
-0.010278
-0.011012
-0.010511
-0.009052
-0.006826
-0.005849
-0.006184
-0.006842
-0.006271
-0.004442
-0.002815
-0.001199
0.000535
0.001328
0.001888
0.003374
0.005827
0.007164
0.007785
0.009379
0.010745
0.011518
0.012181
0.014153
0.015887
0.016132
0.016767
0.015838
0.014407
0.013969
0.012579
0.011385
0.012762
0.014077
0.014334
0.014061
0.012680
0.013435
0.015055
0.014137
0.011921
0.009430
0.006842
0.004447
0.003574
0.003335
0.001390
-0.002383
-0.005489
-0.007927
-0.009133
-0.010205
-0.011472
-0.012081
-0.013033
-0.014167
-0.014941
-0.016517
-0.017265
-0.017034
-0.017071
-0.017395
-0.017146
-0.016648
-0.015625
-0.013158
-0.012261
-0.010988
-0.008809
-0.008458
-0.008863
-0.008554
-0.006467
-0.003003
-0.000652
0.000733
0.001588
0.000724
0.000155
0.000192
-0.000668
0.000699
0.003795
0.005573
0.006945
0.007133
0.006440
0.007002
0.008945
0.009855
0.009604
0.009727
0.009712
0.009364
0.008778
0.008815
0.010114
0.009340
0.007531
0.007509
0.006274
0.005395
0.005344
0.004651
0.005449
0.007184
0.006955
0.005941
0.005501
0.005512
0.005134
0.004400
0.005211
0.006146
0.005601
0.005307
0.003973
0.001390
0.000441
-0.000595
-0.001710
-0.003036
-0.004838
-0.005264
-0.005203
-0.005339
-0.005009
-0.003681
-0.002684
-0.003245
-0.005116
-0.007835
-0.010078
-0.010400
-0.010370
-0.010349
-0.010310
-0.011157
-0.013213
-0.015385
-0.015183
-0.014084
-0.013042
-0.011513
-0.010964
-0.010693
-0.009805
-0.007965
-0.006548
-0.004821
-0.002202
-0.000550
-0.000321
0.000106
0.001400
0.002827
0.004401
0.005784
0.006862
0.008766
0.011014
0.011396
0.010969
0.011879
0.013386
0.012690
0.011255
0.010722
0.009634
0.008042
0.006864
0.006537
0.005939
0.004060
0.002759
0.002265
0.002328
0.002475
0.001829
0.001532
0.002034
0.002606
0.003012
0.002550
0.001587
0.002344
0.005075
0.007629
0.008611
0.007280
0.006737
0.007189
0.006429
0.005243
0.004345
0.003144
0.002235
0.000933
-0.001054
-0.000881
-0.000006
-0.000929
-0.002559
-0.004449
-0.005743
-0.005888
-0.005608
-0.006425
-0.007005
-0.007011
-0.008176
-0.008757
-0.008421
-0.009528
-0.011105
-0.011998
-0.012502
-0.011691
-0.010712
-0.010517
-0.010525
-0.011122
-0.010821
-0.010176
-0.009884
-0.009200
-0.009728
-0.010231
-0.008521
-0.005484
-0.002791
-0.001804
-0.002102
-0.000521
0.002320
0.004306
0.005677
0.006332
0.007579
0.009330
0.010264
0.009768
0.008369
0.007110
0.006778
0.006563
0.006002
0.006348
0.006438
0.005772
0.003847
0.003330
0.003339
0.002410
0.002738
0.001475
-0.000256
-0.000415
-0.000719
-0.000584
-0.000308
-0.000732
-0.000955
-0.001063
-0.000877
0.000204
0.001370
0.001514
0.001488
0.002738
0.003797
0.003999
0.004419
0.003884
0.003873
0.005131
0.006126
0.006718
0.006906
0.006618
0.006844
0.007829
0.007935
0.007265
0.005547
0.003260
0.000864
0.000054
-0.000491
-0.001476
-0.001554
-0.002170
-0.003915
-0.005285
-0.005591
-0.005939
-0.006501
-0.006126
-0.007419
-0.008724
-0.008410
-0.007517
-0.005988
-0.004937
-0.003379
-0.002389
-0.001597
-0.001485
-0.002544
-0.002739
-0.002065
-0.002156
-0.002155
-0.001914
-0.001773
-0.002887
-0.003780
-0.003635
-0.004236
-0.004939
-0.004891
-0.003161
-0.001798
-0.001190
0.000714
0.001967
0.001594
0.000771
0.001188
0.002212
0.003208
0.004366
0.003891
0.003052
0.004576
0.005157
0.004294
0.003843
0.002910
0.001630
0.000994
0.001200
0.000994
-0.000333
-0.002445
-0.003286
-0.002763
-0.001404
-0.001226
-0.001280
-0.001497
-0.002040
-0.002860
-0.003644
-0.003232
-0.003067
-0.002889
-0.001216
-0.000122
-0.000582
-0.000755
-0.001816
-0.002173
-0.002332
-0.002690
-0.001841
-0.000729
0.000222
0.002028
0.004633
0.006134
0.006426
0.006452
0.005738
0.005120
0.005993
0.006810
0.006612
0.005983
0.004527
0.002229
0.000514
-0.001086
-0.003035
-0.003754
-0.003621
-0.003713
-0.003228
-0.002713
-0.002721
-0.002591
-0.002097
-0.000769
-0.000219
-0.000782
-0.001571
-0.001801
-0.001205
-0.001004
-0.001237
-0.001906
-0.003859
-0.005753
-0.005949
-0.004668
-0.003278
-0.003155
-0.003401
-0.004417
-0.005189
-0.004872
-0.002661
-0.000259
0.000897
0.002394
0.004409
0.005977
0.006012
0.005500
0.005907
0.006086
0.007453
0.007795
0.006217
0.005175
0.004368
0.002970
0.001651
0.000134
-0.001629
-0.001886
-0.001210
-0.000388
-0.000447
-0.000343
-0.000445
-0.000438
0.001465
0.003545
0.003522
0.002041
0.001538
0.001952
0.001092
0.000406
0.000259
0.000198
0.000164
0.000634
0.000694
-0.000295
0.000155
0.000278
0.000771
0.001332
0.001101
0.001464
0.001043
0.000411
-0.000058
-0.001700
-0.002493
-0.002522
-0.002405
-0.002310
-0.003349
-0.004941
-0.005459
-0.005104
-0.004569
-0.004665
-0.005492
-0.006276
-0.006583
-0.006630
-0.007041
-0.008597
-0.009796
-0.011139
-0.011714
-0.010570
-0.010425
-0.011459
-0.012006
-0.011889
-0.011500
-0.010432
-0.008379
-0.006999
-0.004903
-0.002035
-0.000004
0.002278
0.004623
0.006319
0.007257
0.007785
0.008924
0.010163
0.012246
0.014581
0.015666
0.016964
0.017406
0.016828
0.016180
0.016772
0.017427
0.018439
0.020168
0.021406
0.021599
0.020239
0.018408
0.016877
0.015817
0.014377
0.011735
0.009408
0.006770
0.003433
0.000966
-0.000445
-0.002412
-0.004814
-0.006026
-0.007672
-0.008182
-0.008504
-0.010437
-0.011533
-0.011637
-0.012182
-0.013474
-0.013946
-0.015439
-0.016602
-0.016074
-0.015786
-0.015755
-0.015507
-0.016753
-0.017933
-0.018200
-0.018682
-0.018021
-0.016987
-0.016501
-0.015918
-0.015180
-0.014117
-0.013576
-0.012616
-0.010444
-0.008264
-0.005093
-0.002582
-0.001398
0.000470
0.001321
0.001765
0.003543
0.006692
0.008091
0.008166
0.008359
0.006900
0.005585
0.004930
0.004697
0.005249
0.007754
0.008839
0.009184
0.009760
0.009108
0.008310
0.008195
0.008398
0.007883
0.007348
0.007563
0.007920
0.007467
0.007141
0.007089
0.006383
0.007033
0.008311
0.008689
0.007605
0.006285
0.005507
0.005396
0.006611
0.006815
0.006511
0.006585
0.005812
0.005206
0.004953
0.004981
0.005087
0.006008
0.007724
0.008206
0.007651
0.006204
0.005727
0.005423
0.005886
0.006968
0.007132
0.006254
0.005031
0.005002
0.003877
0.002051
0.001949
0.000107
-0.002622
-0.003543
-0.003340
-0.005090
-0.007876
-0.007996
-0.008532
-0.010807
-0.012846
-0.013845
-0.015791
-0.016845
-0.016522
-0.016205
-0.015975
-0.015918
-0.015712
-0.015459
-0.015431
-0.015566
-0.014899
-0.014207
-0.012953
-0.010974
-0.009110
-0.008513
-0.007694
-0.007156
-0.006458
-0.004121
-0.001998
-0.002160
-0.002104
-0.002189
-0.001206
0.001435
0.002923
0.002586
0.002587
0.003468
0.003681
0.003569
0.005010
0.006353
0.005769
0.004972
0.003790
0.003022
0.003680
0.006324
0.007471
0.008489
0.008367
0.006219
0.005235
0.006216
0.008273
0.009435
0.009905
0.009393
0.008816
0.009006
0.009197
0.008376
0.006337
0.004378
0.003875
0.004809
0.005620
0.005752
0.005909
0.004329
0.001930
0.001330
0.001721
0.002087
0.001498
-0.000166
-0.001047
-0.002197
-0.003769
-0.003968
-0.003922
-0.005434
-0.007590
-0.007818
-0.007376
-0.006862
-0.005884
-0.004196
-0.002664
-0.001425
-0.000579
-0.000017
0.002257
0.004686
0.005830
0.007186
0.008040
0.009341
0.010061
0.010409
0.009268
0.007715
0.008014
0.008934
0.009096
0.008169
0.007444
0.006366
0.005843
0.005943
0.005356
0.004117
0.002641
0.002282
0.002676
0.002421
0.001060
-0.000111
-0.001213
-0.001385
-0.001783
-0.003598
-0.004583
-0.005331
-0.006030
-0.006190
-0.006929
-0.008179
-0.009509
-0.011593
-0.012839
-0.012307
-0.012047
-0.012670
-0.013676
-0.014869
-0.014902
-0.013657
-0.012686
-0.012147
-0.012788
-0.013402
-0.012913
-0.012739
-0.011710
-0.009647
-0.008205
-0.007121
-0.006201
-0.004580
-0.003245
-0.004376
-0.005795
-0.004672
-0.001404
0.000428
0.001158
0.003704
0.005192
0.004732
0.004994
0.006139
0.008284
0.009347
0.009108
0.009144
0.009231
0.008548
0.008278
0.008004
0.007263
0.007256
0.007041
0.007296
0.008124
0.008540
0.008612
0.007920
0.008147
0.009144
0.010179
0.011605
0.012540
0.014002
0.014476
0.013978
0.013253
0.013410
0.015116
0.015218
0.014490
0.014237
0.013380
0.012716
0.011988
0.011399
0.010713
0.009590
0.008941
0.008331
0.006484
0.004137
0.002092
0.001201
0.001166
0.000435
-0.001072
-0.003222
-0.005116
-0.008043
-0.011783
-0.013397
-0.015270
-0.016397
-0.017323
-0.019846
-0.020246
-0.020367
-0.021021
-0.021531
-0.021715
-0.021402
-0.022096
-0.022472
-0.022914
-0.023578
-0.021767
-0.019625
-0.018494
-0.017376
-0.018233
-0.018486
-0.015222
-0.011693
-0.009575
-0.006922
-0.003449
-0.000385
0.002861
0.004811
0.005643
0.008094
0.011200
0.013028
0.015104
0.017003
0.018015
0.018397
0.018026
0.017755
0.018116
0.018271
0.017870
0.017774
0.017711
0.017011
0.015203
0.012912
0.011624
0.010126
0.009392
0.008814
0.007111
0.005501
0.003563
0.001406
-0.000039
-0.000337
-0.000629
-0.001466
-0.002576
-0.003675
-0.005977
-0.008733
-0.010496
-0.010834
-0.010786
-0.011656
-0.012734
-0.013563
-0.014121
-0.013588
-0.013031
-0.013060
-0.013541
-0.013826
-0.013354
-0.011468
-0.008572
-0.005326
-0.003088
-0.001724
-0.000469
0.001676
0.004293
0.007058
0.009385
0.010897
0.013938
0.017087
0.019032
0.020711
0.021053
0.020932
0.021242
0.020594
0.019811
0.019212
0.018136
0.016115
0.013485
0.010989
0.008468
0.006617
0.006443
0.005285
0.003357
0.001030
-0.001127
-0.001531
-0.001499
-0.001768
-0.003011
-0.004164
-0.005790
-0.006784
-0.006968
-0.007546
-0.007193
-0.006780
-0.007433
-0.008580
-0.009177
-0.009571
-0.009761
-0.009306
-0.008678
-0.009680
-0.011431
-0.011764
-0.012273
-0.014039
-0.015528
-0.016151
-0.017246
-0.018538
-0.019426
-0.019272
-0.018901
-0.019351
-0.021064
-0.022242
-0.019862
-0.011700
-0.005921
-0.007841
-0.009674
-0.008162
-0.007258
-0.010829
-0.003704
0.005468
0.007284
0.014435
0.019252
0.015640
0.005201
0.006645
0.015514
0.019558
0.023319
0.028811
0.024965
0.013688
0.011039
0.011715
0.012547
0.013958
0.018168
0.021372
0.020582
0.018230
0.013994
0.005198
-0.001895
-0.001510
-0.001561
0.003225
0.008977
0.007416
0.003155
-0.000789
-0.004684
-0.012574
-0.015910
-0.011680
-0.005545
-0.000193
0.007350
0.009871
0.006405
-0.001132
-0.007239
-0.006866
-0.000542
0.004724
0.002808
-0.001430
-0.002267
-0.004795
-0.006700
-0.000825
0.008819
0.011791
0.011295
0.013304
0.012980
0.006749
0.002820
0.004502
0.008281
0.009957
0.013445
0.015821
0.013077
0.008974
0.009011
0.007330
0.003618
0.001172
-0.002120
-0.005964
-0.008916
-0.012008
-0.018634
-0.024617
-0.024230
-0.019699
-0.017384
-0.015836
-0.015405
-0.018305
-0.021085
-0.024636
-0.028269
-0.030711
-0.028655
-0.022771
-0.021453
-0.018338
-0.014731
-0.017203
-0.018774
-0.014405
-0.004587
0.000302
-0.000081
0.000269
-0.000826
-0.001314
0.002727
0.009918
0.013050
0.010757
0.006232
0.002604
0.002855
0.006345
0.010382
0.016525
0.022837
0.025741
0.025826
0.026133
0.026047
0.026150
0.026654
0.025954
0.020748
0.016242
0.016526
0.015118
0.011545
0.010533
0.010205
0.009023
0.005709
0.000918
-0.004452
-0.012615
-0.020791
-0.025510
-0.030741
-0.038776
-0.041428
-0.033351
-0.015688
0.002406
0.011969
0.014669
0.016540
0.021965
0.028385
0.026140
0.010242
-0.009560
-0.015517
-0.004801
0.015437
0.029791
0.032001
0.024551
0.006287
-0.012647
-0.022671
-0.024838
-0.024866
-0.021055
-0.007913
0.007481
0.014627
0.014912
0.014779
0.015800
0.020589
0.023221
0.017592
0.001501
-0.012529
-0.012759
-0.002133
0.005096
0.009768
0.012915
0.007911
-0.009055
-0.030698
-0.048267
-0.055063
-0.053791
-0.041662
-0.019722
0.004407
0.019998
0.020631
0.007428
-0.006760
-0.011420
-0.004724
0.012770
0.031739
0.036821
0.024530
0.003409
-0.006508
0.000136
0.018621
0.028698
0.016144
-0.016864
-0.055032
-0.077993
-0.080106
-0.062962
-0.041196
-0.028002
-0.024477
-0.022985
-0.009391
0.015665
0.037821
0.045421
0.036540
0.017827
-0.001668
-0.009864
-0.001596
0.016727
0.032522
0.043213
0.048210
0.046126
0.034642
0.018119
0.001272
-0.013103
-0.025763
-0.034200
-0.034437
-0.022488
-0.000430
0.016666
0.020116
0.008567
-0.014696
-0.031440
-0.029866
-0.006697
0.025020
0.046484
0.052310
0.043325
0.024173
0.004113
-0.004857
-0.005122
-0.004721
-0.001404
0.010457
0.034017
0.062541
0.074825
0.063748
0.036197
0.003815
-0.019300
-0.030919
-0.039904
-0.054472
-0.064815
-0.061617
-0.043808
-0.018100
0.009094
0.025641
0.025136
0.009171
-0.007574
-0.011121
-0.012605
-0.017728
-0.022875
-0.015947
0.006585
0.031744
0.043486
0.039216
0.021945
0.000711
-0.013274
-0.020619
-0.030572
-0.054654
-0.078618
-0.082343
-0.062461
-0.027737
0.003629
0.028632
0.040875
0.042012
0.034630
0.021774
0.010990
0.004786
-0.001394
-0.014871
-0.032144
-0.043241
-0.038535
-0.018075
0.013616
0.036028
0.036257
0.018931
-0.001608
-0.006715
0.008438
0.041159
0.061919
0.057718
0.034508
0.004883
-0.015582
-0.022742
-0.021546
-0.016400
-0.012354
-0.013735
-0.022468
-0.030432
-0.027653
-0.017349
-0.005655
0.001484
0.001634
-0.001102
-0.000957
0.006226
0.016961
0.023287
0.027752
0.037117
0.050968
0.059398
0.054828
0.034670
0.006074
-0.015420
-0.021238
-0.012914
0.001555
0.005257
-0.003935
-0.022561
-0.033705
-0.034123
-0.029669
-0.028155
-0.032245
-0.036367
-0.031053
-0.015039
0.006064
0.019743
0.022192
0.016068
0.000217
-0.017646
-0.028429
-0.024329
-0.008067
0.006108
0.007989
0.003055
0.000803
0.010351
0.031988
0.050526
0.055437
0.046146
0.021749
-0.009151
-0.040987
-0.066031
-0.080012
-0.078690
-0.061980
-0.033830
-0.002400
0.023806
0.043817
0.056741
0.060791
0.058823
0.050200
0.040217
0.036845
0.040975
0.048994
0.049174
0.037791
0.015039
-0.010165
-0.030889
-0.045603
-0.055345
-0.057928
-0.052013
-0.037616
-0.019590
0.000603
0.018285
0.029325
0.030539
0.021781
0.005947
-0.009501
-0.022587
-0.037092
-0.054097
-0.071427
-0.080671
-0.075808
-0.054240
-0.026402
0.001449
0.027626
0.048854
0.063316
0.070960
0.070652
0.059368
0.039139
0.017569
-0.000059
-0.012076
-0.016963
-0.017310
-0.017658
-0.023044
-0.035803
-0.053716
-0.061524
-0.055006
-0.033340
-0.007351
0.014454
0.031978
0.047005
0.058999
0.066131
0.067729
0.063695
0.054990
0.045783
0.035875
0.022153
0.004731
-0.012032
-0.023428
-0.029713
-0.034245
-0.035389
-0.031062
-0.020055
-0.004307
0.014105
0.028687
0.031407
0.022719
0.003333
-0.017505
-0.032934
-0.038685
-0.037697
-0.033957
-0.030782
-0.029606
-0.026893
-0.018694
-0.005818
0.007982
0.019176
0.026286
0.027139
0.021260
0.014624
0.010067
0.007607
0.006829
0.005170
0.000319
-0.006425
-0.011002
-0.011525
-0.006301
0.002262
0.010644
0.013967
0.011770
0.004592
-0.004334
-0.013378
-0.020966
-0.027573
-0.031619
-0.031268
-0.024640
-0.011852
0.002955
0.015442
0.022283
0.023437
0.022561
0.023702
0.027379
0.029262
0.026936
0.018032
0.003572
-0.010766
-0.019001
-0.019969
-0.013513
-0.005729
-0.002905
-0.002657
-0.003566
-0.006850
-0.009940
-0.010116
-0.004489
0.004395
0.010926
0.013294
0.011948
0.006293
0.000567
-0.002264
-0.005060
-0.010030
-0.018008
-0.028466
-0.036391
-0.038869
-0.035097
-0.025517
-0.011032
0.006682
0.022643
0.032296
0.035326
0.034788
0.030699
0.023298
0.014825
0.005922
-0.002707
-0.008433
-0.010852
-0.010275
-0.006287
-0.000680
0.003974
0.007432
0.009107
0.010766
0.013875
0.018527
0.023647
0.027047
0.026627
0.023755
0.021205
0.019406
0.017743
0.014617
0.008715
-0.000617
-0.011527
-0.019833
-0.023058
-0.019467
-0.011999
-0.003701
0.000378
-0.003074
-0.011569
-0.018871
-0.020828
-0.018071
-0.014807
-0.014993
-0.018221
-0.021132
-0.019199
-0.014153
-0.008661
-0.005907
-0.005970
-0.008744
-0.011791
-0.013763
-0.011337
-0.002186
0.010736
0.021564
0.025110
0.020870
0.012126
0.003480
0.000079
0.002699
0.008028
0.012262
0.013028
0.009997
0.004165
-0.002229
-0.007421
-0.009966
-0.011197
-0.011354
-0.009167
-0.006340
-0.004943
-0.005015
-0.006733
-0.009324
-0.013087
-0.015919
-0.013925
-0.006465
0.005936
0.018509
0.024843
0.020640
0.005962
-0.014116
-0.029360
-0.034336
-0.027061
-0.009277
0.009379
0.021947
0.025601
0.023490
0.018097
0.014408
0.013817
0.015429
0.017350
0.017708
0.016213
0.012727
0.010017
0.008666
0.009137
0.009427
0.009239
0.008525
0.006422
0.003862
0.000253
-0.003294
-0.003915
-0.002328
0.002306
0.006931
0.010062
0.012027
0.012566
0.013525
0.014756
0.013880
0.009036
-0.001100
-0.014656
-0.027415
-0.036710
-0.040209
-0.039837
-0.037184
-0.034006
-0.029679
-0.022632
-0.015357
-0.005426
0.007073
0.018564
0.026313
0.028608
0.026829
0.021685
0.017595
0.013167
0.007510
-0.000095
-0.009823
-0.021121
-0.030262
-0.030974
-0.024526
-0.010635
0.007574
0.022276
0.028591
0.025081
0.012428
-0.002010
-0.013821
-0.019284
-0.019996
-0.019057
-0.018902
-0.019311
-0.018365
-0.014010
-0.006381
0.001882
0.008971
0.011404
0.010393
0.007485
0.001576
-0.004442
-0.006778
-0.007446
-0.007290
-0.005905
-0.002796
0.002723
0.010541
0.019646
0.026779
0.027557
0.021607
0.009020
-0.004383
-0.014244
-0.016732
-0.011447
-0.001841
0.009450
0.018048
0.018722
0.012891
0.004291
-0.003695
-0.007787
-0.006714
-0.000191
0.008561
0.016046
0.021672
0.025419
0.026868
0.027258
0.025815
0.019863
0.010295
-0.001389
-0.014666
-0.026848
-0.033879
-0.035198
-0.030832
-0.019383
-0.003870
0.010119
0.021708
0.031236
0.036050
0.035756
0.031713
0.024963
0.014628
0.003740
-0.005870
-0.014360
-0.020752
-0.023271
-0.023239
-0.022713
-0.023204
-0.025450
-0.025862
-0.023752
-0.020159
-0.016984
-0.014437
-0.012736
-0.011341
-0.008436
-0.005749
-0.003332
0.001215
0.006463
0.010814
0.014521
0.014879
0.012202
0.008881
0.005191
0.002014
0.000327
-0.000510
-0.002660
-0.006386
-0.009955
-0.013887
-0.016413
-0.016292
-0.012706
-0.004520
0.003976
0.011983
0.018255
0.020025
0.020126
0.018778
0.013324
0.007751
0.003280
-0.000313
-0.001847
-0.002308
-0.001988
-0.002196
-0.004168
-0.007391
-0.011720
-0.013541
-0.012660
-0.008822
-0.002174
0.004980
0.010877
0.014746
0.016934
0.017009
0.014281
0.011112
0.006583
-0.002781
-0.014431
-0.026965
-0.036622
-0.039886
-0.037656
-0.028846
-0.014698
0.001461
0.014713
0.021410
0.022370
0.019299
0.014467
0.009716
0.007071
0.006960
0.008013
0.010746
0.014570
0.019132
0.022963
0.025301
0.025631
0.022567
0.015681
0.007582
0.002077
-0.001583
-0.004017
-0.002960
-0.000952
-0.001358
-0.003227
-0.004358
-0.003251
-0.000646
0.004062
0.010625
0.017767
0.025421
0.030601
0.031492
0.027954
0.019331
0.008397
-0.002035
-0.010371
-0.017526
-0.022383
-0.023997
-0.023587
-0.022777
-0.020915
-0.019919
-0.019895
-0.021683
-0.023960
-0.025924
-0.027079
-0.027196
-0.027458
-0.025948
-0.022759
-0.018305
-0.015470
-0.013985
-0.012020
-0.009496
-0.007469
-0.005642
-0.002657
-0.000269
0.002034
0.006582
0.010466
0.013063
0.014360
0.014119
0.011589
0.008749
0.005728
0.002276
0.001282
0.000460
-0.000289
-0.000492
-0.001310
-0.001919
-0.000815
0.001284
0.004482
0.009130
0.013501
0.015503
0.015407
0.015914
0.014662
0.012356
0.013111
0.014636
0.016159
0.018621
0.020501
0.020531
0.017811
0.012253
0.004909
-0.002346
-0.007341
-0.010902
-0.013571
-0.014230
-0.012165
-0.008912
-0.005346
-0.001055
0.001739
0.002420
0.001780
0.000390
-0.001759
-0.005162
-0.007897
-0.007488
-0.005644
-0.002624
0.002087
0.005983
0.007385
0.007370
0.005625
0.000952
-0.004286
-0.010061
-0.017240
-0.022910
-0.024520
-0.022807
-0.016761
-0.008612
-0.000358
0.008120
0.013798
0.015782
0.014707
0.010682
0.007623
0.004036
-0.000781
-0.004253
-0.006455
-0.007292
-0.005915
-0.003198
0.000093
0.004573
0.008705
0.012357
0.014709
0.015287
0.014872
0.014567
0.015054
0.015071
0.013560
0.009906
0.006564
0.003455
0.000084
-0.001269
-0.001513
-0.001660
-0.003621
-0.005520
-0.004799
-0.002779
0.000651
0.003293
0.004573
0.005715
0.005885
0.003800
0.001287
-0.001080
-0.003819
-0.005812
-0.010071
-0.016607
-0.022886
-0.027501
-0.029795
-0.031058
-0.031189
-0.029941
-0.027486
-0.024722
-0.020759
-0.016751
-0.014684
-0.012931
-0.011517
-0.009933
-0.008837
-0.007976
-0.005666
-0.001964
0.002690
0.006208
0.009124
0.013623
0.016845
0.017690
0.018826
0.019650
0.019358
0.019182
0.019329
0.019355
0.019045
0.019070
0.019070
0.018036
0.014436
0.008735
0.002697
-0.002387
-0.005198
-0.005924
-0.003550
0.000722
0.004432
0.008683
0.013791
0.018543
0.021509
0.020784
0.017106
0.013582
0.012157
0.013040
0.015158
0.016322
0.016654
0.015907
0.012515
0.009447
0.006540
0.003426
0.001422
-0.000885
-0.003418
-0.004886
-0.005923
-0.006284
-0.005720
-0.005782
-0.007137
-0.008818
-0.011919
-0.015782
-0.019069
-0.022857
-0.026832
-0.029896
-0.031027
-0.029920
-0.025842
-0.020225
-0.016441
-0.012997
-0.010441
-0.010605
-0.013155
-0.016512
-0.019071
-0.020896
-0.020990
-0.018659
-0.015199
-0.009520
-0.003771
0.000229
0.004248
0.007675
0.009246
0.008985
0.009568
0.011583
0.013784
0.015046
0.014443
0.014621
0.015141
0.012942
0.009982
0.009136
0.009195
0.008272
0.007731
0.007630
0.008121
0.010703
0.013780
0.015222
0.015565
0.013744
0.010283
0.006031
0.002332
0.000865
0.000336
0.000735
0.000934
0.000572
0.000134
0.000466
0.000197
-0.000680
-0.000484
0.000133
0.000275
0.000212
-0.000725
-0.001895
-0.001687
-0.000980
-0.000808
-0.000666
-0.001942
-0.003638
-0.006026
-0.008673
-0.011133
-0.014378
-0.016193
-0.015453
-0.013574
-0.010581
-0.006632
-0.000947
0.003472
0.005091
0.005886
0.006541
0.007483
0.007818
0.008565
0.009746
0.009070
0.008303
0.008653
0.008414
0.008787
0.009950
0.009908
0.009211
0.007705
0.005334
0.003496
0.002779
0.001507
0.000412
-0.000505
-0.001147
-0.000339
0.000211
-0.000093
-0.000185
-0.002256
-0.004886
-0.005565
-0.004857
-0.004958
-0.005690
-0.006393
-0.006994
-0.006586
-0.005654
-0.005122
-0.004931
-0.004354
-0.001985
0.002346
0.004230
0.003967
0.002290
-0.000247
-0.002757
-0.005899
-0.008052
-0.010628
-0.013125
-0.013766
-0.014623
-0.015024
-0.014825
-0.014415
-0.013419
-0.011847
-0.009410
-0.006624
-0.004188
-0.001199
0.002731
0.004459
0.004013
0.002949
0.002003
0.001915
0.002698
0.003373
0.004186
0.004491
0.004412
0.005538
0.007478
0.008864
0.010589
0.012533
0.012938
0.011781
0.010316
0.010241
0.010859
0.010505
0.008540
0.006188
0.005105
0.005700
0.005814
0.005121
0.004520
0.004267
0.004120
0.004473
0.005346
0.006589
0.007188
0.006903
0.007094
0.006536
0.005563
0.004463
0.002242
-0.001378
-0.004507
-0.006561
-0.008103
-0.008026
-0.007192
-0.005352
-0.003277
-0.001698
-0.001715
-0.002733
-0.003344
-0.003568
-0.002260
0.000406
0.001782
0.003012
0.002674
0.001023
-0.000401
-0.001590
-0.002306
-0.003659
-0.004378
-0.005491
-0.007048
-0.006592
-0.005989
-0.006842
-0.006610
-0.006547
-0.007145
-0.008119
-0.009431
-0.011122
-0.013468
-0.015074
-0.015370
-0.014872
-0.014833
-0.013956
-0.011565
-0.008138
-0.005100
-0.002062
0.001618
0.003254
0.003816
0.005618
0.008693
0.011712
0.013972
0.016621
0.019679
0.020992
0.021360
0.021291
0.020054
0.018209
0.016540
0.014399
0.012572
0.011513
0.010405
0.009054
0.007713
0.005425
0.001174
-0.001851
-0.003931
-0.006126
-0.007458
-0.008286
-0.008898
-0.010666
-0.013861
-0.015208
-0.015370
-0.017128
-0.018281
-0.017642
-0.016230
-0.014320
-0.011311
-0.008875
-0.006576
-0.003325
-0.001981
-0.000938
0.000790
0.001172
0.000708
0.000404
-0.000257
-0.001844
-0.002327
-0.001508
-0.000503
0.001404
0.003837
0.005417
0.007527
0.010841
0.013195
0.013405
0.013840
0.014337
0.014783
0.014733
0.012193
0.009201
0.007063
0.006078
0.005667
0.005188
0.004399
0.003044
0.001823
0.001035
0.000662
0.000157
0.001068
0.002376
0.003551
0.005114
0.006635
0.007509
0.006276
0.003825
0.002640
0.002350
0.001394
-0.000771
-0.003605
-0.006478
-0.008262
-0.008546
-0.008601
-0.009601
-0.010132
-0.010766
-0.013097
-0.015844
-0.016887
-0.016887
-0.017237
-0.016509
-0.016227
-0.016173
-0.014791
-0.012475
-0.009011
-0.005251
-0.002589
-0.001373
0.000202
0.002185
0.003557
0.004134
0.004921
0.006009
0.003608
0.001737
0.002201
0.002969
0.003800
0.003706
0.002938
0.001296
0.000742
0.001573
0.002759
0.005864
0.008256
0.008333
0.009289
0.011312
0.012658
0.014042
0.015823
0.016175
0.016118
0.015549
0.015062
0.015206
0.014570
0.012739
0.009966
0.007095
0.003837
0.001024
-0.000921
-0.002567
-0.003955
-0.005017
-0.006193
-0.007015
-0.007191
-0.006669
-0.004569
-0.003553
-0.003706
-0.005179
-0.006334
-0.005433
-0.005127
-0.005759
-0.007401
-0.009002
-0.008542
-0.008480
-0.009205
-0.009940
-0.011336
-0.011594
-0.011028
-0.010934
-0.011163
-0.010490
-0.008083
-0.004974
-0.002779
0.000258
0.002981
0.003298
0.002922
0.001862
0.001750
0.001953
0.001953
0.000171
-0.001991
-0.002549
-0.002613
-0.001658
0.000103
0.001768
0.003528
0.005341
0.007099
0.007554
0.007424
0.007371
0.007087
0.006508
0.005440
0.005065
0.006093
0.007513
0.009361
0.011356
0.011980
0.010746
0.009946
0.008560
0.007772
0.008112
0.007356
0.006831
0.006708
0.006612
0.006855
0.004932
0.003101
0.002668
0.002024
0.001464
0.000421
-0.000695
-0.002620
-0.006510
-0.009804
-0.009752
-0.009423
-0.008535
-0.007525
-0.007477
-0.007807
-0.007496
-0.008094
-0.008203
-0.008147
-0.008243
-0.007173
-0.006728
-0.006499
-0.005952
-0.005352
-0.005094
-0.004786
-0.004088
-0.003344
-0.003240
-0.004026
-0.003674
-0.003471
-0.003322
-0.001315
0.000944
0.002167
0.002059
0.001132
0.001051
0.000495
-0.000348
-0.001349
-0.002947
-0.003090
-0.002552
-0.003244
-0.004225
-0.004189
-0.004006
-0.003013
-0.002262
-0.001224
0.000102
0.001062
0.001618
0.001364
0.001260
0.002381
0.003630
0.004606
0.006073
0.007963
0.009146
0.011200
0.013490
0.014639
0.015016
0.014959
0.015370
0.015318
0.013538
0.012581
0.011340
0.007922
0.005224
0.004559
0.004190
0.004431
0.005259
0.005676
0.005475
0.004939
0.003699
0.001253
-0.001114
-0.001992
-0.002852
-0.004929
-0.008076
-0.011033
-0.012145
-0.012993
-0.013258
-0.013077
-0.013584
-0.014623
-0.015219
-0.015102
-0.014638
-0.013729
-0.012059
-0.010881
-0.009490
-0.009039
-0.009561
-0.009940
-0.009882
-0.007753
-0.003385
-0.001651
-0.001954
-0.002426
-0.001555
0.000430
0.000310
0.000152
0.000100
0.000237
0.001373
0.002396
0.003601
0.005172
0.006692
0.007093
0.007397
0.008289
0.008940
0.009908
0.010867
0.011115
0.010238
0.008165
0.006273
0.005393
0.005656
0.005622
0.006203
0.007950
0.007802
0.005979
0.003937
0.002637
0.000085
-0.001689
-0.001790
-0.001436
-0.001240
-0.002028
-0.001769
-0.000220
0.001025
0.000879
0.000735
0.001570
0.003296
0.004487
0.005273
0.005351
0.004213
0.003184
0.002473
0.002153
0.001818
0.001505
0.002928
0.003731
0.001178
-0.001329
-0.003113
-0.003747
-0.004053
-0.005858
-0.006528
-0.006049
-0.005917
-0.007438
-0.008833
-0.008596
-0.007740
-0.007910
-0.008083
-0.008158
-0.008637
-0.008396
-0.007851
-0.006298
-0.004529
-0.004665
-0.006015
-0.006888
-0.006063
-0.003750
-0.001675
-0.000626
0.001526
0.003785
0.005669
0.006786
0.006576
0.007481
0.009510
0.011120
0.011438
0.010692
0.009489
0.008773
0.007016
0.004948
0.003253
0.002696
0.002285
0.001508
0.001594
0.002098
0.002408
0.002199
0.000982
0.000686
0.001203
0.001475
0.002335
0.002780
0.002091
0.000703
-0.000244
-0.000051
-0.001088
-0.002390
-0.001794
-0.001485
-0.001087
0.000259
0.001152
0.002278
0.001945
0.000848
0.000975
0.000782
0.000589
0.000492
-0.000937
-0.002626
-0.004211
-0.005957
-0.007931
-0.009696
-0.010733
-0.011554
-0.011413
-0.009582
-0.008794
-0.009280
-0.008995
-0.008918
-0.008270
-0.006125
-0.005042
-0.004231
-0.003720
-0.004829
-0.005678
-0.005411
-0.004665
-0.003082
-0.001896
-0.001991
-0.003788
-0.004865
-0.003675
-0.002859
-0.002494
-0.001609
0.000376
0.003307
0.005778
0.007393
0.007882
0.008376
0.009625
0.011037
0.012133
0.013934
0.015649
0.016141
0.015032
0.013474
0.014062
0.013996
0.012608
0.012446
0.013464
0.013874
0.013012
0.012529
0.012519
0.011701
0.011542
0.010913
0.009786
0.010224
0.010314
0.008512
0.005269
0.001256
-0.001203
-0.001772
-0.001622
-0.001419
-0.003383
-0.006495
-0.007284
-0.007704
-0.007315
-0.006398
-0.006700
-0.007975
-0.009825
-0.011330
-0.010971
-0.011386
-0.012681
-0.013645
-0.015040
-0.016685
-0.016821
-0.016913
-0.017183
-0.017616
-0.018251
-0.016862
-0.014344
-0.012279
-0.010423
-0.009705
-0.007233
-0.003724
-0.000907
0.002184
0.004329
0.004125
0.003661
0.004996
0.006446
0.007672
0.008533
0.007646
0.006095
0.005527
0.001217
0.001910
0.002902
0.003091
0.004360
0.003927
0.004209
0.005058
0.004554
0.003351
0.002925
0.002672
0.002348
0.001515
0.000353
-0.000592
-0.000733
-0.001000
-0.000576
0.000331
0.000024
0.000338
0.000964
0.002459
0.004392
0.005689
0.007560
0.008300
0.009085
0.010167
0.009879
0.007968
0.005598
0.004528
0.004818
0.004562
0.002147
-0.000616
-0.001133
0.000237
0.001059
0.000304
-0.000358
-0.001110
-0.001577
-0.001041
-0.000906
-0.000802
-0.000198
0.000068
-0.000241
-0.000750
-0.000313
0.000243
-0.000424
-0.000924
-0.000392
-0.000897
-0.001859
-0.002380
-0.002376
-0.002403
-0.002599
-0.002694
-0.002515
-0.002351
-0.002316
-0.002161
-0.002390
-0.002108
-0.002054
-0.002614
-0.003429
-0.003649
-0.002586
-0.000710
0.001479
0.003373
0.003589
0.003578
0.004769
0.005921
0.005661
0.003974
0.003973
0.004939
0.004633
0.002650
0.001492
0.001377
0.000071
-0.000383
-0.000371
-0.000070
0.000844
-0.000060
-0.002047
-0.003381
-0.004492
-0.004623
-0.005014
-0.006328
-0.006558
-0.007025
-0.007624
-0.008787
-0.009686
-0.009713
-0.009695
-0.008856
-0.007723
-0.005703
-0.004661
-0.003971
-0.002822
-0.001568
0.000655
0.002399
0.003857
0.004117
0.003682
0.004230
0.005260
0.006809
0.008418
0.008593
0.007342
0.007262
0.008235
0.008900
0.009119
0.008864
0.008621
0.008016
0.007483
0.007080
0.004619
0.002972
0.002782
0.001521
0.000531
0.001456
0.001352
0.000423
0.000321
0.000069
-0.000926
-0.001232
-0.001859
-0.003445
-0.003760
-0.004360
-0.005481
-0.006265
-0.007205
-0.008186
-0.008641
-0.008270
-0.007541
-0.006106
-0.004781
-0.003532
-0.002590
-0.001863
-0.000986
-0.000694
0.000282
0.001285
0.000976
0.001945
0.003676
0.004485
0.004382
0.003198
0.001896
0.001821
0.002295
0.002372
0.002681
0.002403
0.001408
0.000025
-0.000112
0.000687
0.000406
0.000356
0.001540
0.002293
0.003676
0.005178
0.005593
0.005577
0.005177
0.004638
0.004378
0.003966
0.004300
0.005304
0.004314
0.001674
-0.000819
-0.002541
-0.002568
-0.002339
-0.003104
-0.004988
-0.006202
-0.006545
-0.005259
-0.003004
-0.002629
-0.002800
-0.002507
-0.002937
-0.002396
-0.001187
-0.000870
-0.000598
-0.001282
-0.002315
-0.002371
-0.002712
-0.002948
-0.003731
-0.004749
-0.004987
-0.004010
-0.001456
0.000040
-0.001140
-0.003410
-0.005074
-0.005777
-0.005819
-0.005711
-0.005555
-0.006142
-0.007434
-0.007627
-0.007087
-0.005547
-0.003349
-0.002266
-0.001848
-0.000914
-0.000188
0.002539
0.004776
0.005087
0.006049
0.007728
0.008753
0.010678
0.012110
0.012658
0.013066
0.013841
0.015800
0.017167
0.016259
0.013787
0.012182
0.011076
0.010123
0.009385
0.008695
0.007796
0.006094
0.004470
0.003711
0.002464
0.000135
-0.001080
-0.002006
-0.003112
-0.004873
-0.006202
-0.008381
-0.011420
-0.012106
-0.010988
-0.010392
-0.010315
-0.009777
-0.009894
-0.009822
-0.009929
-0.010765
-0.010144
-0.008239
-0.005946
-0.004263
-0.002720
-0.001482
-0.000829
-0.000650
-0.002004
-0.002946
-0.002105
-0.001842
-0.002106
-0.002252
-0.002264
-0.001767
-0.001547
-0.002292
-0.003580
-0.004097
-0.004194
-0.003806
-0.002379
-0.001384
-0.001291
-0.000505
0.000268
0.000401
0.001139
0.003184
0.005087
0.006513
0.006030
0.005566
0.006419
0.007126
0.007988
0.008160
0.008431
0.009876
0.010472
0.010120
0.010620
0.010402
0.009392
0.009370
0.008573
0.006938
0.006491
0.006087
0.004457
0.002916
0.002740
0.002274
0.000829
0.000040
0.000186
0.000813
-0.000017
-0.001894
-0.002888
-0.003974
-0.004805
-0.004718
-0.004027
-0.004528
-0.006023
-0.006405
-0.006907
-0.007404
-0.008536
-0.008998
-0.008726
-0.008850
-0.009297
-0.009583
-0.009719
-0.010934
-0.011185
-0.010645
-0.009194
-0.008011
-0.008386
-0.007656
-0.005689
-0.004457
-0.004855
-0.005930
-0.005650
-0.004751
-0.003601
-0.001970
-0.001536
-0.001639
-0.000398
0.001971
0.004155
0.005192
0.005744
0.006418
0.008142
0.010866
0.013278
0.014870
0.014677
0.013559
0.013370
0.013837
0.013886
0.012752
0.010161
0.008388
0.008395
0.009108
0.010340
0.010508
0.009889
0.009478
0.008535
0.007121
0.004622
0.003543
0.004114
0.004593
0.004333
0.004368
0.004882
0.004409
0.002516
0.000593
-0.000794
-0.002370
-0.003881
-0.005717
-0.007413
-0.009097
-0.011512
-0.012212
-0.012588
-0.013208
-0.013616
-0.013769
-0.012669
-0.012324
-0.012545
-0.012980
-0.012392
-0.011869
-0.012398
-0.012573
-0.012544
-0.012420
-0.012648
-0.012651
-0.012458
-0.012313
-0.011868
-0.010548
-0.009423
-0.009288
-0.007224
-0.004341
-0.002459
-0.000363
0.000779
0.001143
0.002771
0.004799
0.004802
0.004693
0.005815
0.006680
0.006980
0.007887
0.010873
0.012229
0.011976
0.011204
0.010978
0.011162
0.011171
0.012027
0.013177
0.015068
0.015712
0.014870
0.014279
0.014133
0.013056
0.012016
0.012200
0.011893
0.010312
0.008962
0.007705
0.005316
0.003800
0.002645
0.001600
0.000863
-0.000315
-0.002424
-0.004017
-0.005177
-0.006820
-0.007097
-0.007478
-0.007406
-0.007233
-0.007786
-0.008398
-0.008331
-0.007464
-0.007464
-0.007769
-0.008078
-0.008100
-0.007394
-0.006653
-0.006779
-0.006860
-0.006648
-0.006180
-0.005826
-0.005910
-0.006011
-0.006585
-0.006842
-0.006964
-0.006341
-0.003425
-0.001203
-0.000504
0.000237
0.000403
0.000190
0.002421
0.003683
0.003554
0.003896
0.003472
0.004170
0.005755
0.005958
0.006193
0.006368
0.006978
0.006701
0.005786
0.004909
0.003680
0.002974
0.002661
0.001666
0.000665
0.000235
0.000979
0.002328
0.002273
0.001725
0.001225
0.000766
-0.000354
-0.000561
0.000545
0.000528
-0.000342
-0.000275
-0.000111
-0.000702
-0.000941
0.000637
0.002409
0.002074
0.001086
-0.000084
-0.000824
-0.000983
-0.000959
-0.001213
-0.002252
-0.003419
-0.002504
-0.001851
-0.001765
-0.001530
-0.002453
-0.003553
-0.004621
-0.004505
-0.003657
-0.003507
-0.003617
-0.003193
-0.003787
-0.003452
-0.001873
-0.000812
-0.001156
-0.001123
-0.000453
-0.000118
0.000153
0.001034
0.001949
0.001499
0.001707
0.002689
0.003760
0.003571
0.002497
0.002317
0.002211
0.003415
0.004475
0.004904
0.005281
0.004605
0.003095
0.002544
0.001786
0.000847
0.000476
0.000727
-0.000013
-0.000851
0.000458
0.000473
-0.000386
-0.000512
-0.000615
-0.000362
0.000560
0.000403
-0.000110
-0.000707
-0.001896
-0.001654
-0.000819
-0.001714
-0.001803
-0.001227
-0.000980
-0.000609
0.000063
0.001443
0.002570
0.003838
0.005216
0.006338
0.005923
0.005187
0.005826
0.007284
0.008122
0.006789
0.004461
0.002238
-0.000202
-0.001543
-0.001686
-0.002059
-0.003819
-0.005881
-0.008057
-0.008487
-0.007547
-0.007164
-0.005818
-0.003752
-0.003461
-0.004075
-0.005001
-0.005255
-0.004227
-0.002993
-0.003914
-0.005194
-0.006495
-0.007857
-0.007385
-0.006117
-0.004777
-0.003097
-0.001624
-0.000409
0.000059
0.000055
0.000771
0.001858
0.002838
0.003545
0.004243
0.004267
0.004641
0.006274
0.006312
0.006275
0.006147
0.005999
0.006958
0.007791
0.007433
0.006485
0.005548
0.004646
0.004843
0.003918
0.002376
0.003004
0.004415
0.005419
0.005319
0.004883
0.004401
0.002629
0.000917
0.000911
0.001075
0.001186
0.001727
0.001667
-0.000226
-0.001493
-0.000917
-0.000784
-0.001916
-0.003244
-0.004568
-0.006028
-0.005743
-0.005058
-0.006136
-0.007030
-0.007010
-0.008145
-0.008958
-0.007699
-0.006623
-0.006509
-0.007065
-0.006769
-0.005644
-0.005307
-0.004621
-0.004784
-0.005323
-0.005116
-0.005090
-0.005505
-0.005619
-0.005035
-0.003767
-0.002591
-0.002137
-0.001216
0.000059
0.000028
-0.000061
0.000476
0.001233
0.003474
0.005840
0.007010
0.007277
0.007615
0.009474
0.009984
0.010448
0.011861
0.012521
0.013952
0.015671
0.016511
0.017447
0.018978
0.018533
0.016774
0.015940
0.014476
0.012243
0.010828
0.009134
0.006258
0.002761
-0.000133
-0.001323
-0.001889
-0.002368
-0.003684
-0.006068
-0.007990
-0.009481
-0.010825
-0.012826
-0.014450
-0.014824
-0.014907
-0.015740
-0.016012
-0.015713
-0.015831
-0.015640
-0.016283
-0.017041
-0.016105
-0.014045
-0.011206
-0.009583
-0.008952
-0.007642
-0.005642
-0.002646
0.000275
0.003323
0.006259
0.007229
0.007548
0.008718
0.010519
0.012132
0.013297
0.014117
0.014258
0.014285
0.014333
0.013912
0.013408
0.011854
0.009779
0.009019
0.008304
0.007851
0.007672
0.005626
0.002562
0.000606
-0.000854
-0.001357
-0.001303
-0.002690
-0.004701
-0.006852
-0.008806
-0.010270
-0.010988
-0.010899
-0.011432
-0.011621
-0.011168
-0.011269
-0.011955
-0.011768
-0.011998
-0.012388
-0.010932
-0.009272
-0.007535
-0.005919
-0.005507
-0.005215
-0.004854
-0.003727
-0.001889
-0.001751
-0.002100
-0.000771
0.000398
0.001849
0.004809
0.007053
0.008614
0.010058
0.011130
0.011902
0.012581
0.013434
0.013946
0.015555
0.017113
0.016115
0.014401
0.013688
0.012572
0.012143
0.013222
0.011769
0.009771
0.009726
0.009546
0.009756
0.008577
0.006408
0.004898
0.003834
0.002994
0.001681
-0.000253
-0.003859
-0.006720
-0.008268
-0.011165
-0.012891
-0.011934
-0.010040
-0.009518
-0.010507
-0.011247
-0.011288
-0.012521
-0.013765
-0.012612
-0.011013
-0.009784
-0.009901
-0.011898
-0.012647
-0.012334
-0.012291
-0.012258
-0.010887
-0.009541
-0.009380
-0.008088
-0.006441
-0.005178
-0.003400
0.000213
0.003869
0.005322
0.005058
0.004547
0.006029
0.008874
0.010741
0.012217
0.013230
0.012927
0.013326
0.014614
0.016093
0.016655
0.016378
0.016478
0.014618
0.012551
0.011119
0.009158
0.007919
0.006191
0.003606
0.001436
0.000370
0.000593
-0.000325
-0.002346
-0.003651
-0.005677
-0.006308
-0.005602
-0.005074
-0.005336
-0.004998
-0.003778
-0.003477
-0.004834
-0.006388
-0.006610
-0.006607
-0.006308
-0.005533
-0.005494
-0.006546
-0.007319
-0.009308
-0.012094
-0.011668
-0.010589
-0.010016
-0.008947
-0.008462
-0.007989
-0.006945
-0.005420
-0.003252
-0.001249
0.000983
0.003170
0.003474
0.003874
0.004514
0.004817
0.005705
0.007101
0.007422
0.007266
0.007563
0.007331
0.006660
0.006087
0.005488
0.003967
0.002785
0.002831
0.002244
0.001766
0.002541
0.003515
0.004179
0.003409
0.001827
0.001076
-0.000228
-0.001662
-0.002401
-0.001789
-0.000659
0.001447
0.001798
-0.000579
-0.000522
0.000245
0.000597
0.000648
0.000247
-0.000516
-0.001135
0.000542
0.001998
0.000716
-0.001335
-0.001949
-0.001504
-0.001237
-0.001230
-0.000499
0.000501
0.000552
-0.001359
-0.003101
-0.003240
-0.001511
0.000898
0.002238
0.003401
0.003680
0.003498
0.002828
0.001864
0.002563
0.003571
0.004545
0.005958
0.007145
0.009231
0.010202
0.009925
0.010049
0.009965
0.008768
0.006234
0.003801
0.002715
0.002408
0.002858
0.002917
0.002393
0.000990
-0.001042
-0.003241
-0.005818
-0.007815
-0.009271
-0.011715
-0.013182
-0.013055
-0.011917
-0.011062
-0.011163
-0.010483
-0.009720
-0.009901
-0.010250
-0.010900
-0.012477
-0.013972
-0.014070
-0.013166
-0.011331
-0.010702
-0.011095
-0.009434
-0.008511
-0.008722
-0.008552
-0.008272
-0.007164
-0.005278
-0.003275
-0.002421
-0.002311
-0.001703
-0.000160
0.002177
0.005220
0.007723
0.008818
0.009353
0.008879
0.008479
0.009652
0.010971
0.011152
0.010926
0.011745
0.012128
0.012323
0.012150
0.012224
0.012653
0.012028
0.010313
0.010662
0.011999
0.012898
0.012317
0.011567
0.011558
0.012261
0.012919
0.011982
0.009713
0.007566
0.006804
0.006727
0.005883
0.004321
0.002351
0.000698
-0.000855
-0.001191
-0.001319
-0.001455
-0.001014
-0.001479
-0.001628
-0.001155
-0.001640
-0.003183
-0.005376
-0.007742
-0.008825
-0.009572
-0.010090
-0.011402
-0.012672
-0.012147
-0.012005
-0.011507
-0.010742
-0.010769
-0.011472
-0.012634
-0.012402
-0.010084
-0.007483
-0.006034
-0.004756
-0.004695
-0.005727
-0.005020
-0.004368
-0.004288
-0.002980
-0.002397
-0.001891
-0.000793
-0.000089
0.000949
0.000674
-0.000006
0.001298
0.003066
0.004577
0.005001
0.004248
0.003846
0.003894
0.005135
0.005382
0.004638
0.004056
0.003704
0.002513
0.001557
0.001556
0.000566
-0.000214
0.000669
0.000242
-0.001463
-0.001951
-0.001738
-0.001582
-0.002025
-0.001754
-0.001200
-0.001349
-0.000448
0.000757
0.000336
0.000259
-0.000430
-0.001326
-0.001155
-0.000153
0.001423
0.002789
0.004101
0.004907
0.004099
0.003452
0.004078
0.004384
0.004163
0.002704
0.001151
0.000602
0.000534
0.000668
0.000744
0.002718
0.005351
0.006864
0.007263
0.006986
0.006512
0.006783
0.006197
0.004946
0.004095
0.003027
0.003142
0.003946
0.004592
0.004841
0.004618
0.003827
0.001775
0.000433
0.000058
-0.000493
-0.000348
-0.000249
-0.000488
0.000048
0.000531
0.001177
0.002391
0.002081
0.000840
-0.000026
-0.000623
-0.000735
-0.000462
-0.000606
-0.001246
-0.002238
-0.004020
-0.005983
-0.006198
-0.005970
-0.005985
-0.006181
-0.006850
-0.007920
-0.007942
-0.007792
-0.008755
-0.008911
-0.006969
-0.004687
-0.003824
-0.004806
-0.006283
-0.006869
-0.006837
-0.004814
-0.003310
-0.003289
-0.003536
-0.003783
-0.003115
-0.001818
-0.001128
-0.000799
-0.000875
-0.001219
-0.001034
-0.000762
0.000195
0.002251
0.002965
0.002386
0.001821
0.001736
0.001317
0.001235
0.002386
0.004094
0.005306
0.005158
0.004715
0.004395
0.004573
0.006266
0.007412
0.006733
0.005375
0.003709
0.001907
0.001796
0.002168
0.002856
0.002369
0.000208
-0.000910
-0.000572
0.000648
0.001108
0.002152
0.003139
0.003690
0.006170
0.006881
0.006408
0.006158
0.005622
0.005370
0.005016
0.005254
0.005555
0.005123
0.004894
0.005773
0.006515
0.006912
0.007646
0.008372
0.007937
0.006660
0.005751
0.004668
0.003063
0.001792
0.001163
0.000256
-0.001336
-0.003035
-0.004171
-0.004185
-0.004541
-0.006065
-0.007616
-0.009461
-0.009685
-0.009242
-0.010062
-0.011970
-0.013411
-0.013648
-0.013247
-0.012310
-0.011471
-0.011453
-0.011123
-0.009996
-0.009436
-0.009649
-0.009849
-0.007681
-0.004074
-0.003758
-0.004313
-0.002937
-0.000969
0.001821
0.004365
0.006052
0.006308
0.005879
0.005596
0.005667
0.006561
0.007530
0.008707
0.009109
0.009313
0.009840
0.009974
0.009892
0.010078
0.011437
0.012358
0.011861
0.011679
0.009463
0.007850
0.007216
0.006082
0.005374
0.004043
0.002958
0.002824
0.002515
0.000773
-0.001241
-0.003632
-0.005068
-0.006780
-0.008787
-0.010566
-0.011941
-0.011233
-0.010340
-0.010663
-0.010088
-0.008823
-0.008393
-0.008341
-0.008417
-0.008920
-0.009467
-0.008968
-0.006291
-0.005237
-0.006237
-0.005172
-0.004169
-0.003995
-0.004361
-0.004415
-0.004060
-0.003136
-0.002421
-0.000995
0.000705
0.001903
0.002371
0.003022
0.004083
0.007164
0.009715
0.010375
0.011066
0.011832
0.013363
0.015169
0.015419
0.014409
0.012942
0.012412
0.013102
0.014261
0.014270
0.013037
0.012297
0.012635
0.013951
0.014285
0.015481
0.016631
0.015750
0.015122
0.013434
0.010789
0.009220
0.008082
0.006276
0.004033
0.002285
0.000456
-0.001398
-0.003663
-0.005345
-0.007526
-0.009370
-0.011906
-0.015022
-0.017255
-0.018174
-0.019583
-0.020903
-0.021646
-0.022734
-0.023337
-0.022352
-0.021679
-0.022356
-0.023575
-0.024219
-0.025289
-0.025992
-0.025077
-0.024276
-0.022854
-0.020004
-0.016046
-0.013319
-0.012209
-0.011383
-0.009559
-0.006269
-0.001971
0.002628
0.005428
0.007468
0.008532
0.009526
0.011900
0.014257
0.016340
0.018399
0.018098
0.017569
0.017915
0.017963
0.018055
0.018590
0.018431
0.016984
0.016230
0.016626
0.017811
0.019325
0.020495
0.021401
0.021467
0.020783
0.020620
0.019811
0.018583
0.017730
0.016572
0.015966
0.014863
0.012856
0.011121
0.009042
0.006207
0.004756
0.002567
-0.000283
-0.002396
-0.004952
-0.006907
-0.008475
-0.010952
-0.012642
-0.014291
-0.016960
-0.018023
-0.018618
-0.018336
-0.017197
-0.017088
-0.017277
-0.018832
-0.020413
-0.020380
-0.019503
-0.017587
-0.017163
-0.017230
-0.016377
-0.015535
-0.014790
-0.013090
-0.012523
-0.011124
-0.008013
-0.005878
-0.003871
-0.002086
-0.001214
0.000913
0.003557
0.005054
0.006788
0.008154
0.008675
0.009657
0.009948
0.009967
0.010149
0.010698
0.011461
0.011332
0.010393
0.009718
0.010227
0.010457
0.010019
0.009289
0.008233
0.007422
0.006058
0.005189
0.005051
0.004187
0.004126
0.004686
0.003625
0.002181
0.002909
0.005751
0.006593
0.006518
0.005875
0.004825
0.004574
0.004950
0.005172
0.004522
0.003936
0.002217
0.000562
-0.000854
-0.001434
-0.000720
-0.001446
-0.004258
-0.006852
-0.008055
-0.008216
-0.007525
-0.007375
-0.008539
-0.009576
-0.009955
-0.010489
-0.011037
-0.010449
-0.009527
-0.007875
-0.005324
-0.004238
-0.004316
-0.003234
-0.001636
-0.000953
0.000168
0.000724
0.001075
0.001053
0.000956
0.001295
0.001930
0.002509
0.002406
0.001013
-0.000802
-0.001182
-0.000475
0.000147
0.000673
0.000793
-0.000713
-0.002574
-0.003792
-0.003622
-0.002403
-0.001709
-0.001159
-0.001305
-0.001454
-0.001766
-0.002538
-0.002784
-0.001461
0.000260
0.000147
-0.000518
-0.000778
0.000214
0.001213
0.001921
0.002929
0.003036
0.003340
0.004349
0.004453
0.004540
0.005937
0.006507
0.006567
0.007126
0.009916
0.012859
0.012840
0.012918
0.013481
0.013205
0.013447
0.013822
0.013782
0.013044
0.011605
0.010850
0.010169
0.009073
0.007733
0.005009
0.002580
0.000656
-0.000494
-0.000841
-0.001932
-0.004786
-0.006453
-0.006093
-0.005923
-0.005643
-0.005676
-0.006303
-0.007449
-0.008043
-0.007925
-0.007863
-0.009002
-0.010769
-0.011362
-0.011339
-0.011208
-0.011647
-0.012122
-0.013053
-0.013461
-0.012577
-0.012395
-0.011335
-0.009939
-0.010001
-0.009967
-0.009685
-0.009950
-0.009688
-0.009169
-0.008985
-0.008777
-0.008187
-0.006057
-0.004422
-0.003189
-0.002994
-0.001690
-0.000102
0.000667
0.001675
0.003435
0.006120
0.007762
0.008559
0.009715
0.009175
0.008782
0.010310
0.011239
0.013201
0.014862
0.014725
0.014654
0.014043
0.013678
0.014007
0.014914
0.015401
0.015145
0.013764
0.011275
0.010899
0.011413
0.010564
0.009424
0.007540
0.006268
0.006013
0.005276
0.004076
0.003087
0.002297
0.002212
0.002508
0.002486
0.001528
-0.000630
-0.002509
-0.004921
-0.006742
-0.007752
-0.008401
-0.009181
-0.010889
-0.013032
-0.015372
-0.016028
-0.015530
-0.015660
-0.015473
-0.014303
-0.013270
-0.012622
-0.011926
-0.011790
-0.010601
-0.008171
-0.006374
-0.005529
-0.003271
-0.002175
-0.002690
-0.001483
-0.000352
0.001364
0.003144
0.004936
0.005836
0.005464
0.004939
0.004661
0.004430
0.003875
0.004464
0.006130
0.007887
0.009123
0.009454
0.009685
0.010151
0.009928
0.008953
0.009283
0.010312
0.010608
0.010323
0.009315
0.008624
0.010054
0.011047
0.010015
0.008992
0.009231
0.008427
0.007120
0.005265
0.002949
0.002066
0.001337
-0.000473
-0.002617
-0.005571
-0.009222
-0.012185
-0.013517
-0.014210
-0.014801
-0.015065
-0.015260
-0.015664
-0.016810
-0.017353
-0.017016
-0.016985
-0.016410
-0.014998
-0.014548
-0.014544
-0.013625
-0.010893
-0.008796
-0.007220
-0.006482
-0.006445
-0.005659
-0.004538
-0.002484
-0.000826
-0.000327
0.001233
0.003245
0.004422
0.006005
0.007504
0.009327
0.009533
0.009008
0.009587
0.009631
0.009655
0.010635
0.011473
0.011989
0.012610
0.011591
0.010074
0.009786
0.011564
0.014274
0.014973
0.014694
0.013536
0.012832
0.012414
0.012695
0.011996
0.010220
0.008395
0.005319
0.002339
0.001923
0.002902
0.002918
0.001381
-0.000802
-0.002273
-0.003543
-0.004444
-0.004817
-0.005099
-0.004360
-0.004040
-0.005551
-0.007243
-0.007928
-0.007217
-0.006041
-0.005149
-0.003040
-0.002324
-0.002645
-0.002474
-0.002662
-0.002520
-0.002404
-0.002436
-0.001313
-0.000280
-0.000526
-0.001951
-0.003481
-0.004217
-0.004229
-0.003736
-0.003509
-0.002764
-0.001632
-0.001435
-0.002138
-0.002211
-0.002447
-0.002661
-0.002534
-0.003335
-0.004741
-0.006606
-0.007200
-0.007213
-0.007639
-0.007736
-0.007629
-0.007847
-0.006515
-0.004217
-0.003853
-0.003364
-0.002000
-0.000569
0.002166
0.004304
0.004659
0.004926
0.005082
0.005175
0.005091
0.003575
0.002316
0.001702
0.000943
-0.000077
-0.001183
-0.001108
-0.001378
-0.002533
-0.004054
-0.006389
-0.008968
-0.009880
-0.007996
-0.006748
-0.005984
-0.004956
-0.002826
-0.000393
-0.000485
-0.000426
0.000131
0.001963
0.004783
0.005729
0.005862
0.006420
0.006611
0.007200
0.009349
0.011141
0.011581
0.011277
0.012406
0.014120
0.014522
0.014632
0.014844
0.014233
0.013323
0.012581
0.012475
0.013335
0.012822
0.012523
0.012648
0.011346
0.009847
0.008148
0.005741
0.003811
0.001813
0.000370
-0.000267
-0.002088
-0.002767
-0.003121
-0.004844
-0.006052
-0.006354
-0.006614
-0.007617
-0.008998
-0.010851
-0.012083
-0.011672
-0.010565
-0.010528
-0.011099
-0.011954
-0.012919
-0.013111
-0.013248
-0.013450
-0.012185
-0.011506
-0.011021
-0.009795
-0.009420
-0.009622
-0.009055
-0.007597
-0.005385
-0.003795
-0.003299
-0.001946
-0.001400
-0.001387
-0.001010
0.000148
0.001334
0.002132
0.002890
0.002953
0.002459
0.002621
0.001851
0.001551
0.003045
0.003144
0.000978
-0.000325
-0.000710
-0.001067
0.000519
0.002950
0.003635
0.002284
0.000139
-0.000814
-0.000576
0.001189
0.003307
0.004187
0.004085
0.003915
0.002250
0.000955
0.001258
0.002041
0.000671
-0.000898
-0.000626
0.000547
0.002197
0.002857
0.003676
0.004332
0.005062
0.005926
0.005878
0.004356
0.004580
0.005807
0.005400
0.004527
0.004717
0.006380
0.006879
0.006530
0.007580
0.007766
0.007473
0.006866
0.005808
0.004608
0.003064
0.002915
0.004012
0.002996
0.000883
-0.000547
-0.000496
-0.000093
0.000339
0.000364
0.000213
-0.000175
-0.001891
-0.003322
-0.002931
-0.002895
-0.002697
-0.002360
-0.001193
-0.000665
-0.002114
-0.002520
-0.002234
-0.001094
-0.000360
-0.000786
-0.001629
-0.002809
-0.003378
-0.003230
-0.004314
-0.005528
-0.005549
-0.006482
-0.008171
-0.008704
-0.009273
-0.008645
-0.007547
-0.007881
-0.007859
-0.007906
-0.007845
-0.007795
-0.007173
-0.005785
-0.004422
-0.003507
-0.003528
-0.003363
-0.003130
-0.003183
-0.002208
-0.000939
-0.000082
0.000658
0.001407
0.001850
0.002273
0.003748
0.004945
0.005155
0.005735
0.005480
0.005061
0.005564
0.005135
0.004241
0.003226
0.002703
0.002260
0.001702
0.001662
0.001632
-0.000331
-0.002159
-0.002049
-0.001891
-0.001462
-0.001009
0.000721
0.001346
0.000616
0.000849
0.001122
0.001337
0.001800
0.001573
0.001487
0.001973
0.001473
0.000950
0.001087
0.001904
0.002660
0.002913
0.003435
0.002950
0.002595
0.004414
0.006787
0.007636
0.008076
0.007686
0.007310
0.006049
0.004659
0.004849
0.004870
0.004740
0.005393
0.005096
0.003589
0.003399
0.002806
0.001595
0.002084
0.001932
0.001598
0.002275
0.001805
0.001308
0.001955
0.002250
0.002882
0.004410
0.004490
0.003270
0.002207
0.002307
0.004149
0.004771
0.003531
0.002188
0.000913
-0.000364
-0.001613
-0.002805
-0.004051
-0.005288
-0.006125
-0.007427
-0.009966
-0.012625
-0.014511
-0.014612
-0.013859
-0.012748
-0.012841
-0.014116
-0.014448
-0.014881
-0.015872
-0.016067
-0.015192
-0.015081
-0.015736
-0.015729
-0.015852
-0.015365
-0.012774
-0.009695
-0.007607
-0.005247
-0.001836
0.000744
0.003151
0.004755
0.005497
0.007165
0.009142
0.010868
0.011734
0.011797
0.011094
0.010484
0.012234
0.013130
0.012318
0.011477
0.011154
0.011442
0.011861
0.012583
0.012481
0.010078
0.007495
0.005743
0.004034
0.003342
0.004212
0.005037
0.005742
0.006157
0.006105
0.005564
0.003900
0.002846
0.003630
0.005792
0.006510
0.005482
0.003728
0.002079
0.001006
-0.000157
-0.001309
-0.001637
-0.001517
-0.000606
0.000059
-0.000072
-0.000482
-0.000540
-0.000438
0.000101
0.000635
0.001123
0.001917
0.001269
-0.000167
-0.000690
-0.001072
-0.000914
0.000175
0.000063
-0.002751
-0.004403
-0.006165
-0.007245
-0.007383
-0.008532
-0.008505
-0.008559
-0.010222
-0.012541
-0.013108
-0.012447
-0.013007
-0.011862
-0.010376
-0.009986
-0.010133
-0.009557
-0.007784
-0.005701
-0.002911
-0.000794
0.000497
0.002593
0.004764
0.005880
0.006944
0.007796
0.007973
0.007737
0.008585
0.009100
0.009566
0.009932
0.010460
0.010424
0.010510
0.010194
0.010112
0.010490
0.011324
0.011692
0.011078
0.009865
0.008008
0.006859
0.006299
0.005164
0.003626
0.000897
-0.001422
-0.003281
-0.004405
-0.005428
-0.007000
-0.007294
-0.007610
-0.008796
-0.009928
-0.011072
-0.011682
-0.011762
-0.011657
-0.012015
-0.013029
-0.012512
-0.012199
-0.012275
-0.011280
-0.008408
-0.005700
-0.004847
-0.004772
-0.004179
-0.002284
-0.000711
-0.000278
-0.000500
0.000056
0.001756
0.002782
0.001618
0.000213
-0.001098
-0.001010
0.000472
0.002367
0.004316
0.005915
0.007209
0.009653
0.012720
0.015352
0.016292
0.016997
0.017510
0.016520
0.015872
0.015395
0.014938
0.013621
0.010719
0.008968
0.009001
0.008393
0.007378
0.006465
0.004915
0.003734
0.003163
0.001248
-0.000859
-0.001620
-0.002467
-0.003335
-0.003612
-0.004415
-0.005656
-0.006288
-0.006480
-0.007920
-0.009137
-0.008626
-0.009029
-0.010035
-0.010918
-0.011937
-0.010820
-0.009979
-0.009922
-0.009248
-0.010000
-0.009421
-0.008224
-0.008049
-0.007163
-0.006171
-0.004775
-0.002751
-0.002003
-0.002104
-0.002153
-0.001380
-0.000057
-0.000298
-0.000816
-0.000191
0.000834
0.001103
0.001941
0.002685
0.002489
0.003974
0.005622
0.006488
0.006774
0.006862
0.008110
0.010687
0.012182
0.013674
0.013920
0.012966
0.013505
0.013756
0.012349
0.010128
0.008646
0.007565
0.005593
0.003595
0.000248
-0.003984
-0.007187
-0.009999
-0.011775
-0.012426
-0.012488
-0.013268
-0.012991
-0.011513
-0.012663
-0.014358
-0.014392
-0.014064
-0.013349
-0.012304
-0.010078
-0.007294
-0.005731
-0.004074
-0.002940
-0.001673
0.000419
0.001351
0.002126
0.003038
0.002269
0.000363
0.000217
0.001503
0.002875
0.003099
0.003242
0.004046
0.004798
0.005922
0.007025
0.007548
0.008440
0.009342
0.010402
0.010913
0.010861
0.010144
0.009716
0.010612
0.010990
0.010733
0.009749
0.009495
0.009112
0.008063
0.006973
0.003924
0.001502
0.001155
0.001035
0.000510
-0.000087
0.000733
0.001610
0.001998
0.002352
0.001771
0.001432
0.001598
0.001566
0.001138
0.000417
-0.000319
-0.002347
-0.003939
-0.004389
-0.005079
-0.005735
-0.006059
-0.006217
-0.007457
-0.007607
-0.008274
-0.010622
-0.012819
-0.013926
-0.013361
-0.012094
-0.011177
-0.011202
-0.012018
-0.013038
-0.013163
-0.011262
-0.010240
-0.010648
-0.010670
-0.010739
-0.011040
-0.010149
-0.009484
-0.009170
-0.007084
-0.004109
-0.001207
0.001373
0.004258
0.006240
0.007761
0.009244
0.009899
0.011311
0.014330
0.015492
0.015026
0.013626
0.010681
0.010123
0.012421
0.013187
0.012512
0.010920
0.009371
0.008466
0.007940
0.009149
0.010629
0.010555
0.008762
0.007427
0.007654
0.008080
0.008200
0.007630
0.004777
0.002788
0.002542
0.002296
0.003315
0.003689
0.002399
0.000925
-0.001594
-0.002459
-0.003107
-0.004255
-0.004637
-0.004186
-0.003653
-0.004600
-0.006036
-0.007101
-0.008457
-0.009266
-0.008902
-0.008925
-0.008837
-0.008303
-0.008598
-0.008936
-0.009631
-0.009972
-0.009254
-0.007886
-0.006969
-0.006322
-0.005772
-0.005120
-0.004180
-0.003416
-0.003688
-0.003615
-0.002325
-0.001704
-0.001887
-0.001198
0.000015
0.001182
0.003312
0.005533
0.007613
0.009318
0.010022
0.009944
0.009043
0.008312
0.007867
0.008042
0.007021
0.005776
0.004688
0.003224
0.002502
0.003157
0.003397
0.002047
0.000767
-0.000885
-0.002989
-0.003343
-0.001838
0.000064
0.000242
-0.000737
-0.002961
-0.006142
-0.007233
-0.005781
-0.003794
-0.002630
-0.003056
-0.002537
-0.001189
-0.000585
-0.000561
-0.000193
0.000109
0.001266
0.002277
0.002172
0.001555
0.001821
0.002077
0.002892
0.003781
0.003584
0.003170
0.001611
-0.000526
-0.001237
-0.001553
-0.001063
-0.000664
-0.001112
-0.002163
-0.003770
-0.005368
-0.006493
-0.007040
-0.006758
-0.004415
-0.002516
-0.002282
-0.004030
-0.007411
-0.008075
-0.007751
-0.005695
-0.002137
-0.000485
-0.000238
0.000026
0.000830
0.002540
0.004017
0.004111
0.004548
0.006238
0.007915
0.007932
0.008365
0.009792
0.009734
0.008527
0.008386
0.008783
0.008321
0.007917
0.007723
0.007424
0.006827
0.006641
0.006782
0.006007
0.004715
0.003664
0.003456
0.005088
0.006467
0.006349
0.005582
0.004035
0.003092
0.003489
0.003062
0.000210
-0.002479
-0.003647
-0.004737
-0.005334
-0.006149
-0.007946
-0.009143
-0.009800
-0.010356
-0.011619
-0.012103
-0.011910
-0.011448
-0.010590
-0.009886
-0.009402
-0.009695
-0.009848
-0.009179
-0.007824
-0.005847
-0.003773
-0.002763
-0.002385
-0.001850
-0.001753
-0.001041
0.001252
0.004783
0.006732
0.005687
0.005650
0.005871
0.005185
0.004867
0.004750
0.005489
0.007524
0.008534
0.007112
0.004351
0.002637
0.001452
0.000229
-0.000411
-0.000792
-0.002077
-0.003134
-0.003533
-0.004095
-0.003288
-0.002151
-0.002931
-0.003921
-0.004401
-0.004636
-0.004939
-0.004326
-0.002090
-0.000254
0.001230
0.002613
0.002738
0.003177
0.004057
0.003927
0.004001
0.004769
0.006167
0.007150
0.007707
0.008380
0.007509
0.004621
0.003561
0.004604
0.005665
0.005939
0.005376
0.004368
0.004477
0.004847
0.005681
0.006098
0.005533
0.004009
0.002448
0.000956
-0.000064
-0.000218
0.000060
-0.000605
-0.003302
-0.005826
-0.007244
-0.006685
-0.005347
-0.005361
-0.006404
-0.007118
-0.007344
-0.007964
-0.008002
-0.007110
-0.006588
-0.005936
-0.005579
-0.005451
-0.004271
-0.003224
-0.002362
-0.001680
-0.001378
-0.001145
-0.000178
0.002273
0.004336
0.005185
0.006101
0.006693
0.006568
0.006070
0.006409
0.006428
0.005678
0.005764
0.005132
0.005291
0.005260
0.004771
0.005013
0.005614
0.005993
0.004707
0.003402
0.001736
0.000013
-0.001435
-0.002429
-0.002593
-0.001576
-0.001023
-0.002000
-0.003551
-0.005797
-0.006611
-0.006404
-0.006731
-0.007251
-0.007062
-0.006877
-0.008958
-0.010448
-0.011057
-0.011205
-0.010116
-0.009480
-0.009857
-0.009825
-0.009742
-0.009975
-0.009417
-0.007523
-0.006485
-0.005454
-0.003262
-0.002207
-0.001592
0.000402
0.002433
0.003057
0.002892
0.003930
0.004926
0.005741
0.006093
0.004820
0.004722
0.005442
0.005672
0.007026
0.008824
0.009111
0.008616
0.007945
0.007782
0.008117
0.008451
0.008937
0.008558
0.008034
0.008670
0.009797
0.010352
0.010591
0.010556
0.010145
0.010511
0.011215
0.010370
0.009446
0.010262
0.010926
0.010281
0.008360
0.007115
0.007431
0.007340
0.006647
0.005010
0.002558
0.001133
-0.001911
-0.004344
-0.005406
-0.006704
-0.008879
-0.010812
-0.012179
-0.013694
-0.014932
-0.015887
-0.016888
-0.016874
-0.017691
-0.019056
-0.019399
-0.019811
-0.019601
-0.018951
-0.018584
-0.017700
-0.015175
-0.012687
-0.010850
-0.008946
-0.007570
-0.005076
-0.001691
0.000662
0.001804
0.003536
0.004916
0.005814
0.006915
0.008916
0.011216
0.011808
0.012130
0.013055
0.013568
0.012385
0.010638
0.009173
0.008222
0.008096
0.008138
0.007047
0.005347
0.004513
0.003814
0.003857
0.003703
0.003852
0.004400
0.004868
0.004735
0.003959
0.003819
0.004178
0.004671
0.004606
0.003612
0.002522
0.001405
0.000302
-0.001415
-0.003917
-0.004284
-0.003942
-0.003324
-0.002145
-0.002500
-0.003886
-0.004722
-0.004646
-0.004496
-0.005430
-0.005927
-0.006058
-0.006310
-0.006676
-0.007665
-0.008568
-0.008108
-0.007500
-0.006964
-0.007259
-0.007773
-0.005984
-0.003680
-0.002923
-0.002515
-0.000830
0.000786
0.001611
0.002060
0.002787
0.004247
0.004409
0.004061
0.004601
0.005065
0.004325
0.004540
0.005183
0.005620
0.006587
0.006944
0.006246
0.004605
0.003867
0.004028
0.003478
0.002211
0.002207
0.001548
0.000751
0.001436
0.001849
0.002480
0.002942
0.003948
0.005806
0.007446
0.007548
0.006814
0.006078
0.004908
0.002732
0.001041
-0.000215
-0.001384
-0.002412
-0.003463
-0.003845
-0.003990
-0.004925
-0.005647
-0.005943
-0.006252
-0.005819
-0.004079
-0.002784
-0.002780
-0.002682
-0.002377
-0.001514
0.000751
0.000882
-0.000011
-0.000753
-0.002488
-0.003486
-0.003558
-0.003110
-0.002700
-0.003783
-0.005939
-0.005383
-0.003803
-0.004643
-0.005711
-0.006067
-0.006662
-0.007295
-0.007270
-0.007316
-0.007945
-0.007499
-0.007150
-0.007485
-0.007994
-0.008999
-0.008847
-0.007037
-0.005198
-0.003661
-0.002196
-0.001097
0.000397
0.002490
0.003366
0.002517
0.002544
0.003343
0.003340
0.004856
0.006703
0.007419
0.008066
0.009319
0.011273
0.013476
0.015800
0.017020
0.016523
0.015551
0.014333
0.014086
0.013111
0.012480
0.007646
