# STATIONID: 207
# STARTTIME: 1123745610.050000
# SAMPLERATE: 100
# NUMSAMPLES: 8269
0.001298
0.001746
0.000621
0.000119
-0.000293
-0.000780
-0.000761
-0.000791
0.000283
0.001599
0.001655
0.001418
0.000671
-0.000706
-0.001725
-0.002538
-0.003225
-0.003522
-0.003011
-0.001109
0.000412
0.001765
0.002607
0.003495
0.004202
0.004461
0.003710
0.001236
-0.001664
-0.002985
-0.003686
-0.002987
-0.002031
-0.001362
-0.000256
0.000736
0.000348
-0.000055
-0.000548
-0.000542
0.000237
0.001698
0.001517
0.001628
0.001425
0.001400
0.001652
0.001217
0.000858
0.001296
0.001621
0.001662
0.000443
-0.002101
-0.003745
-0.003693
-0.002856
-0.001667
-0.000658
-0.000183
0.000288
0.001432
0.002612
0.002733
0.002062
0.001390
0.000384
0.000433
0.001643
0.001984
0.001170
-0.000837
-0.001838
-0.002108
-0.002548
-0.002013
-0.000055
0.002269
0.003160
0.003219
0.001430
-0.001363
-0.002549
-0.003127
-0.001679
0.000901
0.002451
0.002519
0.002142
0.001965
0.002414
0.003406
0.002776
0.001119
-0.000471
-0.002003
-0.002829
-0.003995
-0.005181
-0.003952
-0.000901
0.002391
0.005226
0.006559
0.005437
0.003142
0.001512
-0.000254
-0.001738
-0.002829
-0.003616
-0.003761
-0.002687
-0.001090
-0.000118
0.000946
0.001592
0.002242
0.002845
0.002762
0.001492
0.000243
-0.000508
-0.001296
-0.000996
-0.000227
-0.000596
-0.000925
-0.001008
-0.000223
0.000492
0.000718
0.000958
0.000192
0.000060
0.000682
0.001554
0.002651
0.002812
0.002414
0.000652
-0.002492
-0.003826
-0.004124
-0.003923
-0.002364
-0.000501
0.001172
0.002110
0.002579
0.003333
0.002888
0.002102
0.000860
-0.000510
-0.000652
-0.001074
-0.001167
0.000104
0.001029
0.001284
0.002026
0.001315
0.000915
0.000842
-0.000278
-0.000603
-0.000869
-0.001371
-0.002149
-0.002611
-0.002400
-0.000625
0.001604
0.002593
0.003274
0.003898
0.004070
0.004431
0.003638
0.001046
-0.001965
-0.004073
-0.004592
-0.003597
-0.002971
-0.002536
-0.000835
0.000722
0.002187
0.003349
0.003709
0.003021
0.001827
0.000663
-0.000961
-0.002863
-0.003786
-0.004047
-0.003597
-0.001746
-0.000597
0.001119
0.002472
0.002657
0.003438
0.005012
0.005333
0.005175
0.003958
0.001607
-0.000411
-0.002313
-0.004491
-0.005418
-0.005019
-0.004123
-0.002522
-0.000014
0.002561
0.004487
0.005312
0.004979
0.004828
0.003272
0.000977
-0.001060
-0.003047
-0.004444
-0.004846
-0.004504
-0.003440
-0.001999
-0.000267
0.001412
0.002447
0.002699
0.002664
0.002525
0.001944
0.001475
0.001504
0.000112
-0.001902
-0.002847
-0.003382
-0.003735
-0.003059
-0.001725
-0.000568
0.000633
0.002414
0.003270
0.003333
0.002963
0.001459
0.000346
0.000299
-0.000073
-0.000531
-0.000273
-0.000104
-0.000482
-0.000840
-0.000764
-0.001344
-0.001629
-0.001147
-0.001651
-0.001935
-0.001622
-0.000392
0.001277
0.003520
0.005598
0.005923
0.004773
0.003081
0.000801
-0.001692
-0.003710
-0.004534
-0.004032
-0.003355
-0.001705
0.000245
0.002209
0.002752
0.002686
0.002621
0.001922
0.000437
-0.000614
-0.000807
-0.001151
-0.001269
0.000208
0.001325
0.001886
0.001955
0.001842
0.001483
0.001001
0.000638
-0.000328
-0.001046
-0.001619
-0.002283
-0.002015
-0.000960
-0.000725
0.000184
0.001687
0.002648
0.003966
0.004073
0.004067
0.003746
0.002640
0.000938
-0.001595
-0.003148
-0.003913
-0.004505
-0.004299
-0.003261
-0.001150
0.001291
0.002296
0.003036
0.003980
0.003681
0.004002
0.003799
0.002172
-0.000291
-0.001793
-0.003617
-0.005305
-0.005661
-0.004078
-0.003089
-0.001107
0.001163
0.002187
0.003557
0.004456
0.004698
0.004550
0.003795
0.002077
0.000464
-0.000776
-0.002403
-0.003608
-0.004341
-0.003673
-0.002759
-0.001688
-0.000167
0.001502
0.002970
0.003869
0.003922
0.003309
0.002261
0.000774
-0.001221
-0.002233
-0.003274
-0.003960
-0.003455
-0.001947
-0.000137
0.000817
0.002276
0.003727
0.004109
0.003807
0.002297
0.000694
-0.001168
-0.001889
-0.001768
-0.001343
-0.000371
-0.000218
-0.000254
-0.000234
-0.000138
0.000757
0.001673
0.001583
0.001548
0.000874
0.000504
0.000703
0.000932
0.002064
0.002203
0.001627
0.001353
0.000706
-0.000270
-0.000477
-0.000454
-0.000037
0.000061
0.000427
0.000591
-0.000810
-0.001862
-0.001722
-0.000976
-0.000301
0.000250
0.001460
0.002270
0.002745
0.003065
0.002190
0.001325
0.000330
-0.001584
-0.002374
-0.001956
-0.000920
-0.000408
0.000503
0.002368
0.002920
0.002950
0.002605
0.001337
-0.000512
-0.001516
-0.002283
-0.002690
-0.002303
-0.002851
-0.002269
0.000355
0.002263
0.002936
0.003427
0.003428
0.001959
0.000062
-0.001641
-0.003041
-0.003754
-0.003357
-0.002239
-0.001373
-0.000070
0.001508
0.003100
0.004906
0.005567
0.004635
0.002355
-0.000672
-0.002665
-0.003265
-0.003338
-0.002575
-0.001553
-0.000970
0.000409
0.001179
0.000932
0.001083
0.001039
0.000468
-0.000456
-0.001107
-0.001672
-0.001915
-0.001978
-0.000860
0.000716
0.001330
0.001404
0.002490
0.002824
0.002571
0.002543
0.001640
0.000039
-0.000975
-0.001372
-0.002174
-0.003416
-0.003377
-0.002182
-0.001448
-0.000353
0.000502
0.001657
0.003077
0.003934
0.004424
0.003283
0.002178
0.000897
-0.000394
-0.001149
-0.002401
-0.003702
-0.004013
-0.003598
-0.001972
0.000324
0.002396
0.004680
0.005751
0.005356
0.004149
0.002241
-0.000094
-0.001706
-0.001904
-0.001943
-0.001903
-0.001866
-0.001841
-0.001333
-0.000536
-0.000557
0.000521
0.001602
0.002528
0.003255
0.003139
0.002824
0.002056
0.000690
-0.000903
-0.001841
-0.002186
-0.002336
-0.002391
-0.001749
-0.000234
0.000598
0.000676
0.000487
0.000643
-0.000036
-0.000946
-0.000871
-0.001203
-0.000981
-0.001244
-0.001164
-0.000826
-0.000521
0.000536
0.001268
0.001807
0.002122
0.001147
-0.000149
-0.000404
-0.000487
-0.000138
0.000073
0.000799
0.001247
0.000462
-0.000166
-0.000007
-0.000433
-0.000867
-0.001226
-0.001552
-0.001321
-0.001372
-0.001146
-0.000601
0.000921
0.002087
0.001990
0.002448
0.001961
0.000862
0.000228
-0.000264
-0.001078
-0.001703
-0.001595
-0.001313
-0.000800
0.000154
0.001876
0.002953
0.003360
0.003007
0.003213
0.002938
0.001357
-0.000470
-0.001660
-0.001800
-0.002316
-0.002333
-0.001940
-0.001519
-0.001122
-0.000584
0.000773
0.001393
0.001157
0.001570
0.001437
0.000666
0.000304
-0.000443
-0.000254
0.000027
-0.000394
0.000029
-0.000240
-0.000237
0.000170
0.000167
0.000172
-0.000455
-0.000526
0.000430
0.000808
0.000868
0.000995
0.001544
0.001922
0.001714
0.001885
0.001804
0.000855
0.000317
-0.000827
-0.001933
-0.002710
-0.002801
-0.002630
-0.002576
-0.001193
0.000911
0.001896
0.002109
0.002019
0.002111
0.002116
0.001278
0.000689
0.000056
-0.000580
-0.000342
-0.000642
-0.000826
-0.001176
-0.001067
-0.000374
-0.000539
-0.000505
-0.000649
-0.000580
0.000220
0.000199
0.000525
0.001374
0.002258
0.002817
0.002585
0.002124
0.000980
0.000504
0.000547
-0.000169
-0.000771
-0.001283
-0.001170
-0.001985
-0.001919
-0.000894
-0.000706
-0.000138
0.000553
0.000638
0.000352
0.000571
0.000951
0.001198
0.002028
0.001749
0.001217
0.000894
0.000235
0.000344
-0.000213
-0.001006
-0.001419
-0.001507
-0.001177
-0.001438
-0.001158
-0.000934
-0.001060
-0.000442
0.000168
0.000625
0.000544
0.000359
0.000907
0.001098
0.001070
0.001288
0.001284
0.000562
-0.000516
-0.000701
-0.000489
-0.000165
0.000412
0.000597
0.000968
0.000828
0.000678
0.000980
0.000442
0.000453
0.000203
-0.000050
0.000279
0.000394
0.000200
-0.000062
-0.000160
0.000122
0.000327
-0.000368
-0.000467
-0.000232
-0.000436
-0.000650
-0.000893
-0.000680
0.000525
0.001218
0.001509
0.001648
0.002063
0.002508
0.002034
0.001683
0.000544
-0.000306
-0.000796
-0.002119
-0.002579
-0.002463
-0.002194
-0.001771
-0.000781
0.000101
0.001293
0.002499
0.002897
0.002780
0.002393
0.002112
0.000682
-0.000351
-0.000835
-0.001367
-0.001716
-0.001891
-0.002002
-0.001567
-0.001133
-0.001180
-0.000078
0.001097
0.001213
0.000548
0.000320
0.000014
-0.000972
-0.001500
-0.001529
-0.000940
-0.000410
0.000192
0.000650
0.001032
0.001232
0.001302
0.001943
0.002456
0.002565
0.001816
0.001000
0.000151
-0.000269
-0.000186
-0.000542
-0.000318
-0.000345
-0.000499
-0.000374
-0.000483
-0.000459
-0.000433
-0.000507
-0.000383
-0.000112
-0.000212
-0.000155
-0.000440
-0.000442
-0.000506
-0.000232
0.000465
0.000531
0.000795
0.000687
0.000575
0.000397
0.000409
0.000337
0.000654
0.001071
0.001632
0.002107
0.001926
0.001732
0.001639
0.001080
0.000557
0.000263
-0.000600
-0.001740
-0.002455
-0.002354
-0.001773
-0.001044
-0.000464
-0.000252
0.000647
0.001975
0.002794
0.002210
0.001901
0.001882
0.001592
0.001831
0.001549
0.000532
-0.000223
-0.000948
-0.001584
-0.001970
-0.002215
-0.001703
-0.001275
-0.001626
-0.001375
-0.001405
-0.000486
0.000337
0.000173
0.000895
0.001754
0.002034
0.002526
0.003245
0.003492
0.002536
0.002173
0.001467
-0.000230
-0.001399
-0.001779
-0.002842
-0.003145
-0.002660
-0.001476
-0.000843
-0.000286
0.000875
0.001498
0.001572
0.001865
0.001672
0.001157
0.000575
0.000378
0.000381
0.000099
-0.000315
-0.000068
0.000633
0.001241
0.001518
0.001093
0.000764
0.000717
-0.000129
-0.000804
-0.001055
-0.001688
-0.001886
-0.002398
-0.002055
-0.001191
-0.000435
0.000291
0.001644
0.003053
0.003618
0.003812
0.002959
0.002338
0.001886
0.000734
-0.000507
-0.000738
-0.001484
-0.001999
-0.001184
-0.000868
-0.001066
-0.000511
-0.000304
0.000303
0.000693
0.000868
0.002011
0.003081
0.002792
0.002759
0.002510
0.001501
0.000544
-0.000814
-0.001780
-0.002125
-0.002509
-0.002495
-0.002239
-0.001848
-0.001751
-0.000826
0.000877
0.001365
0.002045
0.003154
0.003432
0.003659
0.002610
0.001267
0.000552
-0.000687
-0.000916
-0.001044
-0.002047
-0.002939
-0.003152
-0.002943
-0.002988
-0.002890
-0.002003
-0.001044
0.000098
0.001238
0.002021
0.002983
0.003780
0.003987
0.003779
0.003603
0.003333
0.002788
0.002201
0.001040
-0.000255
-0.001650
-0.002451
-0.002438
-0.002870
-0.003067
-0.002546
-0.002759
-0.002651
-0.001928
-0.001904
-0.001343
-0.000591
0.000203
0.001549
0.002142
0.002599
0.003310
0.003835
0.004125
0.003502
0.002518
0.001764
0.000565
-0.000420
-0.001182
-0.001982
-0.002360
-0.002543
-0.002468
-0.001751
-0.001168
-0.000565
0.000032
0.000462
0.000790
0.001190
0.001059
0.000667
0.000421
-0.000099
-0.000367
-0.000394
-0.000245
0.000658
0.001665
0.001988
0.001688
0.002282
0.002956
0.002369
0.001766
0.001540
0.000486
-0.000298
-0.000334
-0.001179
-0.001812
-0.002105
-0.002314
-0.001702
-0.001242
-0.000547
0.000249
0.000748
0.002129
0.002548
0.002377
0.001970
0.001502
0.001538
0.000696
-0.000336
-0.000535
-0.000335
-0.001589
-0.002248
-0.001662
-0.001375
-0.000676
-0.000153
0.000358
0.001697
0.002226
0.002340
0.002227
0.001662
0.000599
-0.000159
-0.000543
-0.000712
-0.001232
-0.002290
-0.002639
-0.002133
-0.002095
-0.000650
0.000792
0.001573
0.002061
0.002549
0.002527
0.002551
0.002372
0.001884
0.000872
0.000165
0.000013
0.000000
-0.000219
-0.000719
-0.000979
-0.001151
-0.000643
0.000206
-0.000063
-0.000251
-0.000148
-0.000461
-0.000642
0.000154
0.000870
0.000799
0.000661
0.000712
0.000376
0.000270
0.000338
0.000470
0.000205
-0.000505
-0.000516
-0.000739
-0.000937
0.000470
0.001118
0.001300
0.001579
0.001093
0.000706
0.001106
0.001132
0.000929
0.000319
-0.000185
-0.000528
-0.001304
-0.001110
-0.000506
0.000009
0.000380
0.000501
0.000684
0.001324
0.001392
0.000774
0.000803
0.000892
0.000256
-0.000442
-0.000615
-0.000002
0.000181
0.000296
0.000346
0.000370
0.001414
0.001085
0.001157
0.001668
0.001227
0.000361
0.000084
0.000045
-0.000474
-0.000378
-0.000878
-0.001531
-0.001492
-0.001079
-0.000496
-0.000668
-0.000156
0.000528
0.000679
0.001190
0.000897
0.000977
0.001227
0.001036
0.001363
0.001866
0.001395
0.000684
0.000462
0.000433
-0.000587
-0.000892
-0.001379
-0.002463
-0.002333
-0.002056
-0.001043
-0.000253
-0.000156
-0.000153
0.000338
0.000722
0.000900
0.001549
0.002366
0.002532
0.002237
0.002343
0.002043
0.001369
0.000818
-0.000136
-0.001130
-0.001446
-0.001317
-0.001319
-0.001044
-0.000882
-0.000753
-0.000490
0.000253
0.001008
0.001093
0.001699
0.001586
0.000895
0.000846
0.000698
0.000687
0.000792
0.000716
0.000086
-0.000279
-0.000556
-0.000516
-0.000996
-0.001161
-0.001336
-0.001434
-0.000699
-0.000590
-0.000460
-0.000307
-0.000649
-0.000443
0.000376
0.000034
0.000411
0.000612
0.001242
0.002305
0.002134
0.002216
0.002258
0.002539
0.002406
0.002243
0.001707
0.000948
0.000847
0.000317
-0.000434
-0.000199
0.000239
-0.000306
-0.001006
-0.001341
-0.001614
-0.001162
-0.001252
-0.001709
-0.000755
0.000423
0.000450
-0.000050
0.000163
0.000695
0.000990
0.001696
0.002233
0.002691
0.002473
0.001984
0.001918
0.000916
0.000388
-0.000250
-0.001503
-0.001613
-0.001577
-0.001839
-0.001774
-0.001525
-0.001284
-0.000512
-0.000138
0.000243
0.000885
0.001596
0.002223
0.002166
0.001955
0.001700
0.001318
0.000832
0.000613
0.000490
0.000021
-0.000559
-0.000869
-0.000969
-0.001151
-0.001269
-0.001271
-0.000941
-0.000393
0.000123
0.000139
0.000513
0.000709
0.000309
0.000700
0.000247
-0.000286
-0.000282
-0.000560
-0.000496
0.000051
0.000556
0.000561
0.000841
0.001407
0.001474
0.001395
0.001570
0.001039
0.000790
0.000884
0.000212
0.000283
0.000821
0.000297
0.000009
0.000018
-0.000147
-0.000315
-0.000910
-0.000454
-0.000151
-0.000139
0.000564
0.000982
0.000921
0.000794
0.000427
0.000124
0.000768
0.001699
0.001899
0.001950
0.001157
0.000628
0.001465
0.000670
0.000363
0.000470
0.000030
0.000094
-0.000359
-0.000250
-0.000251
-0.000634
-0.000430
-0.000059
0.000352
0.000145
-0.000029
0.000130
0.000541
0.000994
0.001573
0.001966
0.002037
0.002137
0.001722
0.001581
0.001206
0.000530
-0.000284
-0.000609
-0.001236
-0.001874
-0.001403
-0.000543
-0.000809
-0.001479
-0.000340
0.000377
0.000691
0.001846
0.002392
0.002360
0.002662
0.003056
0.002234
0.001141
0.000195
-0.000221
-0.000170
-0.000750
-0.001347
-0.001453
-0.001473
-0.001555
-0.001810
-0.001226
-0.000898
-0.000835
-0.000256
0.000082
0.000605
0.001320
0.001236
0.001469
0.001590
0.001377
0.001286
0.001147
0.000908
0.000521
0.000269
0.000433
-0.000093
-0.000243
0.000348
0.000933
0.000426
0.000739
0.000564
0.000326
0.000588
0.000164
-0.000457
-0.000330
-0.000330
-0.000356
-0.000236
0.000073
0.000862
0.001290
0.001015
0.002392
0.002603
0.001883
0.001433
0.001038
0.000470
0.000730
0.000251
0.000004
-0.000034
0.000440
-0.000026
-0.000773
-0.000924
-0.001518
-0.001195
-0.000735
-0.000526
-0.000450
-0.000267
0.000308
0.000523
0.000206
0.000144
0.000826
0.001126
0.001379
0.001595
0.001552
0.000962
0.000686
0.000687
0.000936
0.001143
0.001217
0.000412
0.000183
0.000698
0.000161
-0.000625
-0.001054
-0.001692
-0.002182
-0.002049
-0.001286
-0.001132
-0.000908
-0.000212
0.000206
0.000023
0.000191
0.000777
0.000979
0.001213
0.001918
0.002110
0.002144
0.001957
0.001708
0.001293
0.000440
0.000211
0.000128
-0.000528
-0.000277
-0.000154
-0.000782
-0.000587
-0.000245
-0.000213
0.000631
0.000894
-0.000111
-0.000248
-0.000215
-0.000710
-0.000816
-0.000803
-0.000519
0.000400
0.001349
0.002081
0.002545
0.003108
0.003983
0.003455
0.002852
0.002539
0.001822
0.000910
0.000047
-0.001388
-0.002391
-0.002844
-0.003133
-0.001892
-0.001105
-0.000582
0.000724
0.001160
0.001354
0.001387
0.001684
0.001790
0.000937
0.000301
-0.000252
-0.000340
-0.000226
-0.000554
-0.001049
-0.001139
-0.000780
-0.000379
0.000288
0.000710
0.000797
0.001455
0.000814
0.000087
0.000088
-0.000331
-0.000439
-0.000388
-0.000641
-0.001067
-0.001036
-0.000818
0.000155
0.001271
0.002311
0.002443
0.002314
0.002774
0.002297
0.001465
0.000953
0.000541
0.000365
-0.000565
-0.001001
-0.001368
-0.001852
-0.002473
-0.002176
-0.001350
-0.001129
-0.000100
0.000577
0.001575
0.001578
0.001585
0.002121
0.002311
0.002582
0.002236
0.001789
0.000931
-0.000501
-0.001264
-0.001106
-0.000974
-0.001170
-0.000910
-0.000596
-0.000234
0.000222
0.000234
0.000038
0.000612
0.000831
0.001191
0.001394
0.001044
0.000181
0.000097
0.000667
0.000202
-0.000311
-0.000721
-0.001081
-0.001425
-0.001333
-0.000441
0.000915
0.001040
0.000354
0.001077
0.001212
0.001228
0.001171
0.000535
0.000407
0.000424
0.000032
-0.000607
-0.000538
0.000325
0.000585
0.000239
0.000027
0.000365
0.000344
0.000330
0.000695
0.000866
0.000272
0.000738
0.000996
0.000646
0.000284
0.000288
0.000400
-0.000118
-0.000331
-0.000250
-0.000337
-0.000117
0.000452
0.000928
0.000987
0.000774
0.001040
0.002019
0.002226
0.001825
0.001663
0.001057
0.000987
0.000988
0.000373
-0.000296
0.000694
0.001201
0.000440
-0.000033
-0.000273
-0.000538
-0.000555
0.000116
-0.000256
-0.000316
-0.000082
-0.000033
-0.000197
-0.000102
0.000266
0.001104
0.001791
0.002400
0.002558
0.002393
0.002204
0.000999
-0.000114
0.000171
0.000311
-0.000966
-0.001983
-0.002504
-0.002257
-0.002063
-0.002101
-0.001139
-0.000698
-0.000837
-0.000269
0.000370
0.001046
0.001126
0.000893
0.001680
0.001864
0.001018
0.000793
0.001289
0.001413
0.001617
0.001701
0.001048
0.000605
0.000087
-0.000806
-0.000739
-0.000702
-0.001293
-0.001980
-0.001892
-0.001950
-0.001945
-0.001105
0.000532
0.001535
0.001879
0.002422
0.002428
0.002084
0.002558
0.002454
0.001749
0.001680
0.001387
0.001029
0.000422
-0.000125
-0.000669
-0.001043
-0.001008
-0.000760
-0.000623
-0.000718
-0.000740
-0.001205
-0.001050
-0.000271
0.000015
-0.000418
-0.000940
-0.000730
-0.000292
0.000214
0.000675
0.000648
0.000935
0.001508
0.002363
0.003117
0.004097
0.004853
0.004047
0.003021
0.001863
0.000202
-0.000958
-0.002169
-0.001944
-0.002231
-0.002981
-0.002541
-0.001757
-0.001174
-0.000507
0.000178
0.000731
0.000669
0.001598
0.002756
0.002127
0.001418
0.000937
0.000131
-0.000418
-0.000341
-0.000336
-0.000113
0.000383
0.000602
0.000662
0.000507
0.001494
0.001071
-0.000250
-0.000221
-0.000659
-0.000864
-0.000424
-0.000661
-0.001472
-0.001379
-0.000920
-0.000532
-0.000371
-0.000629
-0.000170
0.000967
0.000778
0.000924
0.001418
0.001007
0.000440
0.000567
0.000954
0.000931
0.000282
0.000202
-0.000104
-0.000555
-0.000155
-0.000152
-0.000150
0.000612
0.000745
0.000809
0.001179
0.000917
0.001037
0.001313
0.001484
0.001705
0.000681
-0.000078
-0.000035
-0.000703
-0.001041
-0.001363
-0.001169
-0.000541
0.000477
0.000996
0.000898
0.001249
0.001689
0.001540
0.001261
0.001326
0.000853
0.000467
-0.000176
-0.000765
-0.001776
-0.001880
-0.001526
-0.001248
-0.000409
-0.000026
0.000600
0.001513
0.002025
0.001735
0.001361
0.002113
0.002191
0.000893
0.000569
0.000575
0.000429
0.000213
0.000368
0.000552
0.000371
0.000439
0.000363
0.000001
-0.000401
-0.000402
0.000109
0.000199
0.000344
0.001478
0.001560
0.000955
0.000861
0.000864
0.000397
-0.000117
-0.000384
-0.000704
-0.001353
-0.001669
-0.001624
-0.001376
-0.001065
-0.000996
-0.000758
-0.000035
0.000456
0.001882
0.002752
0.002168
0.001420
0.000938
-0.000001
-0.000390
-0.000256
0.000359
0.000628
0.000163
0.000295
0.000520
0.000890
0.001694
0.001697
0.001938
0.001163
-0.000018
-0.000707
-0.001519
-0.002258
-0.002564
-0.002009
-0.001681
-0.001530
-0.001127
-0.000992
0.000021
0.000977
0.001225
0.001763
0.002049
0.002236
0.002955
0.002999
0.001936
0.000503
0.000095
-0.000320
-0.001286
-0.001518
-0.001186
-0.000758
-0.000958
-0.000864
0.000297
0.000724
0.000408
0.001183
0.001912
0.001410
0.000725
0.000006
-0.001414
-0.002488
-0.002681
-0.002851
-0.002814
-0.001687
-0.000127
0.000817
0.002113
0.003102
0.003213
0.002843
0.002338
0.001398
0.000064
-0.000044
0.000028
-0.000549
-0.000858
-0.000464
0.000467
0.000362
0.001024
0.001208
0.000669
-0.000261
-0.000643
-0.000346
-0.000271
0.000273
0.000369
0.000262
0.001052
0.001406
0.001449
0.001391
0.000701
0.001123
0.001373
0.000429
-0.000566
-0.000810
-0.000558
-0.001033
-0.001635
-0.001580
-0.001328
-0.001346
-0.000238
0.000522
0.000788
0.000697
0.000579
0.001099
0.001245
0.000607
0.000977
0.000459
-0.000419
-0.000165
-0.000742
-0.001718
-0.001705
-0.001283
-0.000938
-0.000731
-0.000994
-0.001362
-0.000655
-0.000559
-0.001022
-0.000681
-0.000105
0.000588
0.001372
0.001894
0.001946
0.001287
0.000927
0.000407
-0.000105
-0.000376
-0.000403
-0.000613
-0.000848
-0.001133
-0.000508
-0.000150
-0.000449
0.000073
0.000260
0.000488
0.001355
0.000825
0.000600
0.000856
0.001142
0.001139
0.000077
-0.000596
-0.000311
-0.000289
-0.000453
-0.000837
-0.001012
-0.001036
-0.000784
0.000182
0.000533
0.001806
0.002083
0.001967
0.002588
0.002717
0.002029
0.000586
0.000616
0.000003
-0.000292
-0.000700
-0.001726
-0.001489
-0.000858
-0.000110
0.000129
0.000195
0.001076
0.001032
0.000960
0.000583
-0.000034
-0.000472
-0.000725
-0.000800
-0.000700
-0.000485
-0.001100
-0.001092
0.000094
0.000563
0.000567
0.000469
0.000555
0.000773
0.000460
0.000150
-0.000940
-0.001406
-0.001150
-0.001556
-0.001531
-0.000921
0.000054
0.000785
0.001116
0.001632
0.002301
0.002647
0.003166
0.003202
0.002231
0.001529
0.000791
-0.000606
-0.000696
-0.001641
-0.002658
-0.003075
-0.003773
-0.003229
-0.002109
-0.001595
-0.000614
0.001244
0.002406
0.003244
0.003971
0.004367
0.003767
0.002923
0.002072
0.000722
-0.000439
-0.002184
-0.003294
-0.003344
-0.003127
-0.002615
-0.001253
-0.000396
0.000043
0.000842
0.001345
0.001649
0.001558
0.001658
0.001534
0.001316
0.000822
0.000341
0.000342
-0.000103
-0.000160
0.000091
0.000412
0.000386
0.000152
0.000398
0.001002
0.000734
0.000572
0.000937
0.000344
-0.000574
-0.000535
-0.000337
-0.000684
-0.000075
0.000057
-0.000381
-0.000137
0.000139
0.000289
0.000839
0.001264
0.001584
0.002159
0.002673
0.001785
0.001213
0.000605
0.000084
0.000059
-0.000722
-0.001706
-0.001942
-0.001447
-0.001594
-0.001713
-0.001220
0.000094
0.001060
0.000819
0.001474
0.002444
0.002494
0.002753
0.002850
0.002385
0.002094
0.001585
0.001208
0.001050
0.000620
-0.000217
-0.000935
-0.000863
-0.001493
-0.001890
-0.001038
-0.001174
-0.000994
0.000064
0.000313
0.000655
0.001197
0.001135
0.000794
0.000849
0.000409
0.000131
0.000350
0.000005
-0.000480
-0.000268
-0.000210
-0.000357
0.000510
0.000988
0.000811
0.000495
0.000396
0.000555
0.000162
-0.000440
-0.000817
-0.000900
-0.000691
0.000268
0.000347
0.000138
0.000709
0.001016
0.000988
0.000648
0.000461
0.000905
0.000476
0.000497
0.000458
-0.000286
0.000145
0.000222
0.000552
0.000915
0.000746
0.001316
0.001539
0.001338
0.001081
0.000843
0.000517
0.000572
-0.000201
-0.000559
0.000223
0.000083
-0.000338
-0.000612
0.000086
0.001097
0.001743
0.001550
0.001571
0.001918
0.001593
0.001220
0.000782
0.000008
0.000064
-0.000082
-0.000867
-0.001464
-0.001103
-0.001945
-0.001695
-0.000270
0.000320
0.000450
0.000670
0.001479
0.001365
0.000923
0.000470
0.000172
-0.000510
-0.001045
-0.001048
-0.000913
-0.000746
-0.000900
-0.000596
0.000019
0.000790
0.001636
0.002024
0.002138
0.002379
0.002157
0.001372
0.000168
-0.000894
-0.001276
-0.001512
-0.001235
-0.001229
-0.001916
-0.001283
0.000296
0.000827
0.000939
0.001067
0.001540
0.002188
0.002326
0.002454
0.002506
0.002025
0.000714
-0.000265
-0.001065
-0.001314
-0.001501
-0.002101
-0.001491
-0.001211
-0.000475
-0.000142
0.000091
0.000800
0.001155
0.001275
0.001389
0.001826
0.001428
0.001456
0.001135
0.000463
0.000094
-0.000179
-0.000020
0.000022
-0.000085
-0.000332
-0.000130
0.000178
0.000118
0.000873
0.001098
0.000503
0.000473
0.001216
0.000499
-0.000676
-0.000893
-0.000870
-0.000484
0.000135
0.000069
-0.000931
-0.000471
0.000733
0.000736
0.001020
0.001459
0.001793
0.001664
0.001378
0.001714
0.001832
0.001645
0.000615
0.000023
-0.000335
-0.000729
-0.000403
-0.000922
-0.001298
-0.000799
-0.000309
0.000326
0.000450
0.000162
0.000139
0.000358
0.000270
0.000063
0.000263
0.000046
0.000413
0.000742
0.000341
0.000328
0.000823
0.001236
0.001137
0.000710
0.000729
0.000323
0.000201
0.000732
0.000501
-0.000061
-0.000183
0.000600
0.000253
-0.000392
0.000091
0.000542
0.000492
0.000417
0.000473
0.000369
-0.000350
0.000110
-0.000980
0.000749
-0.002385
0.004469
-0.005201
0.010307
-0.014877
0.027604
-0.140472
-0.185321
0.025739
-0.014546
0.009455
-0.005381
0.004585
-0.001719
0.002055
-0.000039
0.001639
0.001246
0.000819
0.001100
0.000380
0.000111
-0.000170
-0.001204
-0.001463
-0.001119
-0.000615
-0.000529
-0.000280
0.000157
-0.000147
-0.000100
0.000191
0.000725
0.000506
-0.000383
-0.000258
-0.000160
-0.000310
-0.000314
0.000168
0.000192
-0.000105
-0.000239
-0.000138
0.000820
0.001070
0.000969
0.001165
0.001019
0.000507
0.000445
0.000051
-0.000125
-0.000246
-0.000838
-0.001459
-0.001697
-0.001669
-0.001349
-0.000780
0.000713
0.001140
0.001398
0.001073
0.001411
0.002160
0.002066
0.001827
0.001707
0.001592
0.000784
0.000634
0.000450
-0.000529
-0.000626
0.000060
-0.000017
-0.000342
0.000865
0.001394
0.000373
-0.000174
0.000278
0.000321
-0.000544
-0.000566
-0.000201
-0.001205
-0.001821
-0.001364
-0.001239
-0.001231
-0.000390
0.000409
0.000460
0.001004
0.001685
0.001539
0.001550
0.001416
0.001232
0.001397
0.001091
0.000419
-0.000595
-0.001127
-0.001408
-0.001700
-0.001813
-0.001776
-0.001005
-0.000772
0.000131
0.000746
0.000691
0.000897
0.001180
0.001606
0.001701
0.001081
0.000588
0.000650
0.000632
-0.000156
-0.000865
-0.000595
-0.000480
-0.000289
0.000202
0.000221
0.000533
0.000828
0.000775
0.001299
0.001500
0.001650
0.001635
0.001338
0.000531
-0.000399
-0.001129
-0.001632
-0.001784
-0.001465
-0.001233
-0.000798
-0.000225
0.000338
0.001192
0.001503
0.001825
0.001963
0.001401
0.001107
0.000942
0.000725
0.000755
-0.000645
-0.001486
-0.001640
-0.001560
-0.001082
-0.001188
-0.000706
0.000590
0.001239
0.001762
0.001765
0.002090
0.002763
0.002035
0.000688
0.000370
0.000426
0.000299
-0.000052
-0.000666
-0.000697
-0.000586
-0.000735
0.000053
0.000868
0.000721
-0.000205
-0.000301
0.000414
0.000675
0.000730
0.000556
0.000555
0.000300
0.000109
0.000640
0.000601
-0.000069
0.000298
0.000682
0.001174
0.001061
0.000496
0.000799
0.000915
0.000439
-0.000682
-0.000337
0.000031
-0.000249
-0.000255
-0.000439
-0.000844
-0.000934
-0.000892
-0.000649
-0.000177
0.000132
0.000267
0.000778
0.001173
0.001044
0.000662
0.000670
0.001150
0.001153
0.000620
0.000037
-0.000324
-0.000070
-0.000413
-0.000482
-0.000540
0.000033
0.000412
0.000772
0.001129
0.001310
0.001975
0.002255
0.002130
0.001865
0.001486
0.001068
0.001069
0.000489
-0.000590
-0.001608
-0.001297
-0.000757
-0.000865
-0.001008
-0.000555
0.000587
0.000089
-0.000110
0.000605
0.001150
0.000849
0.000372
0.001340
0.001528
0.000598
0.000236
-0.000034
-0.000028
0.000016
0.000193
0.000330
0.000222
0.000105
-0.000346
-0.000696
-0.000714
-0.000431
-0.000385
-0.000247
0.000407
0.001105
0.001765
0.001712
0.001410
0.000966
-0.000102
-0.000324
-0.000545
-0.000449
-0.000162
-0.000389
-0.000820
-0.001055
-0.000718
-0.000052
0.000036
-0.000217
0.000365
0.001321
0.001513
0.001349
0.001118
0.001230
0.001025
0.000327
0.000311
0.000253
0.000031
0.000121
-0.000252
-0.000416
-0.000451
-0.000249
0.000134
0.000468
0.000732
0.000434
-0.000004
0.000037
0.000198
0.000190
0.000438
0.001289
0.000796
0.000098
0.000509
0.000084
0.000340
0.000482
0.000051
0.000234
0.000505
0.000538
0.000153
-0.000167
-0.000088
-0.000022
-0.000446
-0.000068
0.000127
-0.000329
-0.000230
-0.000135
0.000279
0.000507
0.000509
0.000789
0.000928
0.001567
0.001704
0.001732
0.000924
0.000296
0.000230
0.000188
-0.000115
-0.000507
-0.000740
-0.000511
-0.000704
-0.001294
-0.001372
-0.001641
-0.001436
-0.000740
-0.000245
0.000598
0.000613
0.000973
0.001206
0.001000
0.000839
0.000844
0.000850
0.000596
0.000368
0.000238
-0.000162
-0.000125
-0.000897
-0.001295
-0.000932
-0.000356
-0.000336
-0.000682
-0.000871
-0.000747
-0.000346
0.000061
0.000129
0.000258
0.000808
0.000738
0.000764
0.001311
0.000975
0.000627
-0.000101
-0.000670
0.000051
-0.000283
-0.001021
-0.000911
-0.000103
0.000156
0.000362
0.000649
0.000650
0.001210
0.001928
0.001250
0.001086
0.001130
0.000712
0.000599
0.000655
0.000068
-0.001041
-0.001349
-0.001175
-0.000419
-0.000251
-0.000522
-0.000106
0.000167
0.000343
0.001106
0.001035
0.000728
0.001006
0.001130
0.000149
0.000146
0.000220
-0.000056
0.000187
0.000100
-0.000266
-0.000454
-0.000498
0.000203
0.000674
0.000803
0.000696
0.000651
0.001031
0.000913
0.000729
0.000072
-0.000259
0.000136
-0.000193
0.000170
0.000649
0.000449
0.000275
0.000478
0.000700
0.000566
0.000957
0.001296
0.000226
0.000135
0.000217
-0.000141
0.000150
-0.000174
-0.000633
-0.000397
-0.001154
-0.001275
-0.000857
0.000113
0.000318
0.000554
0.001551
0.001417
0.001259
0.001335
0.001555
0.001465
0.001074
0.000839
0.000897
0.000842
0.000111
0.000325
0.000043
-0.000907
-0.000928
-0.000164
-0.000016
-0.000497
-0.001806
-0.003227
-0.004282
-0.004549
-0.002518
0.001252
0.004515
0.007141
0.007685
0.006356
0.004971
0.004513
0.004411
0.003271
-0.000032
-0.003946
-0.007726
-0.010355
-0.011290
-0.010905
-0.009205
-0.005747
0.000021
0.006044
0.009425
0.011989
0.015872
0.018105
0.015780
0.010055
0.004529
-0.000471
-0.006960
-0.014351
-0.019431
-0.021269
-0.019233
-0.013495
-0.008112
-0.001488
0.007075
0.015171
0.019158
0.020428
0.021319
0.020166
0.015179
0.007293
-0.001656
-0.010288
-0.017970
-0.022369
-0.022423
-0.019778
-0.016318
-0.013268
-0.010276
-0.005403
0.001959
0.010623
0.018155
0.020545
0.020355
0.021081
0.021792
0.021201
0.017311
0.009724
0.000368
-0.010623
-0.020563
-0.027272
-0.029237
-0.027180
-0.023010
-0.019006
-0.014710
-0.008657
-0.003056
0.002263
0.011292
0.022051
0.030796
0.035589
0.036345
0.032570
0.023046
0.009931
-0.004058
-0.016876
-0.027275
-0.033924
-0.034693
-0.027450
-0.013985
-0.000759
0.010893
0.016860
0.016710
0.015203
0.015509
0.020516
0.023759
0.020635
0.006717
-0.017828
-0.044132
-0.063149
-0.067323
-0.054137
-0.028233
0.001630
0.028411
0.049851
0.063694
0.067426
0.064763
0.054453
0.037717
0.018058
-0.004536
-0.029588
-0.052116
-0.065010
-0.066216
-0.058495
-0.041912
-0.016265
0.011440
0.034347
0.049066
0.053220
0.047640
0.034030
0.014711
-0.004751
-0.022111
-0.036289
-0.041769
-0.039317
-0.028530
-0.012669
0.005048
0.024029
0.043174
0.060759
0.068967
0.061840
0.033488
-0.010146
-0.055767
-0.094378
-0.113825
-0.114310
-0.093077
-0.055913
-0.016686
0.020752
0.056960
0.089498
0.111528
0.118240
0.112367
0.090680
0.056149
0.014188
-0.028002
-0.063645
-0.086834
-0.096008
-0.096965
-0.091145
-0.074838
-0.042393
0.008736
0.066929
0.115828
0.138105
0.134221
0.106962
0.064826
0.019894
-0.023482
-0.064536
-0.102671
-0.135127
-0.156564
-0.163193
-0.153420
-0.123651
-0.078042
-0.026348
0.027631
0.083487
0.136112
0.180142
0.206854
0.213098
0.198658
0.160660
0.103848
0.036551
-0.032339
-0.095844
-0.146426
-0.175245
-0.182039
-0.172559
-0.150588
-0.120801
-0.083902
-0.041431
0.007123
0.053483
0.088435
0.104796
0.106144
0.096399
0.077916
0.057190
0.036665
0.017458
0.003421
-0.001574
0.001072
0.006958
0.011607
0.013091
0.010687
0.003082
-0.009661
-0.026896
-0.050988
-0.080368
-0.106514
-0.119866
-0.114103
-0.089724
-0.051647
-0.005768
0.043300
0.091298
0.135482
0.170163
0.186593
0.180129
0.149926
0.096998
0.030404
-0.041740
-0.109292
-0.165445
-0.203224
-0.217073
-0.207099
-0.170883
-0.111657
-0.036019
0.044569
0.117012
0.170591
0.196763
0.194241
0.166906
0.118223
0.060807
0.004108
-0.044783
-0.082293
-0.106802
-0.117657
-0.115348
-0.100168
-0.072539
-0.034525
0.008683
0.049689
0.081095
0.094534
0.089220
0.067674
0.035946
-0.000510
-0.035692
-0.066914
-0.087556
-0.092303
-0.083663
-0.058791
-0.024908
0.016086
0.056989
0.090621
0.111046
0.115677
0.106067
0.077601
0.036328
-0.013841
-0.063837
-0.106006
-0.131596
-0.136234
-0.123834
-0.091352
-0.046913
0.004454
0.055116
0.098059
0.126831
0.138766
0.134418
0.112488
0.076184
0.029762
-0.020983
-0.069392
-0.109485
-0.134701
-0.138990
-0.124604
-0.089858
-0.044031
0.002755
0.043096
0.072461
0.087386
0.089461
0.082063
0.065907
0.047307
0.026498
0.005114
-0.014139
-0.031309
-0.044035
-0.049819
-0.048455
-0.039603
-0.026216
-0.011814
0.001315
0.010950
0.015018
0.013936
0.008415
0.001232
-0.004352
-0.006333
-0.004368
0.001616
0.008195
0.014895
0.020436
0.024717
0.027098
0.027250
0.026216
0.022701
0.014276
0.001956
-0.014378
-0.032780
-0.050853
-0.065538
-0.072337
-0.071157
-0.059150
-0.037850
-0.010402
0.020459
0.051095
0.078221
0.098563
0.108151
0.107305
0.096599
0.076313
0.045670
0.005946
-0.040004
-0.085506
-0.124061
-0.149101
-0.154653
-0.141835
-0.111578
-0.069761
-0.021262
0.029102
0.075998
0.114578
0.141912
0.153213
0.149842
0.127188
0.089480
0.042833
-0.006904
-0.053310
-0.090178
-0.112993
-0.119889
-0.115580
-0.098790
-0.070979
-0.037297
-0.002616
0.027937
0.050650
0.065569
0.071064
0.069348
0.059667
0.042099
0.020164
-0.003371
-0.024266
-0.040226
-0.046873
-0.044711
-0.034489
-0.019705
-0.003259
0.012131
0.023334
0.030836
0.033412
0.031977
0.026479
0.018874
0.009444
0.000095
-0.006791
-0.011422
-0.014764
-0.017488
-0.019589
-0.022387
-0.025726
-0.027452
-0.026801
-0.024515
-0.020460
-0.015441
-0.008081
0.001229
0.012426
0.026028
0.040832
0.054059
0.062098
0.063707
0.057471
0.043404
0.025059
0.003640
-0.019258
-0.040857
-0.058960
-0.071280
-0.076164
-0.073562
-0.062599
-0.043423
-0.020583
0.003320
0.025798
0.044037
0.055254
0.057809
0.052274
0.041292
0.026850
0.010926
-0.002183
-0.012085
-0.017780
-0.019256
-0.017288
-0.012033
-0.004684
0.002414
0.008141
0.012992
0.015289
0.013838
0.010330
0.004697
-0.003809
-0.014214
-0.023762
-0.032281
-0.036881
-0.036327
-0.029123
-0.016257
-0.001954
0.011217
0.022295
0.029320
0.031895
0.032081
0.029001
0.023044
0.016610
0.008198
-0.000937
-0.008312
-0.013918
-0.016814
-0.015552
-0.012464
-0.007714
-0.002547
-0.000030
-0.000696
-0.003347
-0.007913
-0.010494
-0.010639
-0.008550
-0.003808
0.001611
0.006428
0.010576
0.013579
0.014841
0.015324
0.014374
0.011646
0.007762
0.002130
-0.005636
-0.012765
-0.017401
-0.018822
-0.015731
-0.008686
-0.000042
0.009071
0.015757
0.018044
0.016297
0.010064
0.000819
-0.009229
-0.018074
-0.024045
-0.026350
-0.024817
-0.019196
-0.009368
0.002942
0.016922
0.031458
0.041940
0.046999
0.045867
0.037922
0.022635
0.002806
-0.017540
-0.035409
-0.049299
-0.056771
-0.056122
-0.048654
-0.033993
-0.014225
0.007193
0.026719
0.041855
0.050622
0.051859
0.047203
0.035162
0.018822
0.001875
-0.013839
-0.026568
-0.035312
-0.039295
-0.037498
-0.030214
-0.019516
-0.005679
0.008255
0.019574
0.027168
0.030380
0.029582
0.024859
0.018166
0.010315
0.001880
-0.005991
-0.011886
-0.016619
-0.021629
-0.024419
-0.024569
-0.021955
-0.015286
-0.006251
0.004639
0.014745
0.023619
0.028924
0.029241
0.026816
0.019582
0.009227
-0.002313
-0.015380
-0.026632
-0.033712
-0.035660
-0.033014
-0.024331
-0.012240
0.001499
0.016117
0.029402
0.038039
0.042429
0.042001
0.035488
0.024386
0.010068
-0.005861
-0.019982
-0.032339
-0.039396
-0.039601
-0.035877
-0.028202
-0.017934
-0.006865
0.003771
0.011892
0.017238
0.020271
0.020777
0.019273
0.015163
0.010046
0.005413
0.003067
0.002382
0.002386
0.004828
0.008055
0.009483
0.009318
0.006532
0.001163
-0.006720
-0.016434
-0.026605
-0.034621
-0.039569
-0.040196
-0.034270
-0.022560
-0.006734
0.011621
0.030022
0.048064
0.061966
0.067770
0.067017
0.058231
0.041476
0.018818
-0.006756
-0.032998
-0.056098
-0.073600
-0.082136
-0.081617
-0.072442
-0.055674
-0.032827
-0.006522
0.019373
0.042889
0.061264
0.073111
0.076813
0.073068
0.060716
0.041646
0.019083
-0.005216
-0.027942
-0.045637
-0.056322
-0.059389
-0.056388
-0.045806
-0.029789
-0.011690
0.007376
0.024616
0.037536
0.044364
0.045240
0.040833
0.031367
0.017669
0.002640
-0.011569
-0.024622
-0.036242
-0.042740
-0.043508
-0.039564
-0.030577
-0.016998
-0.001866
0.013472
0.027563
0.038079
0.044534
0.046384
0.042932
0.034431
0.023107
0.008914
-0.006905
-0.021315
-0.032807
-0.041561
-0.045237
-0.043396
-0.036485
-0.023957
-0.008338
0.006534
0.019961
0.030751
0.037366
0.039058
0.035787
0.028645
0.019532
0.009512
-0.000983
-0.011603
-0.020662
-0.027480
-0.031710
-0.032402
-0.029535
-0.023497
-0.016018
-0.007588
0.001266
0.009023
0.015999
0.022441
0.026902
0.029564
0.030298
0.030273
0.027650
0.021526
0.015004
0.006392
-0.004038
-0.014371
-0.024666
-0.033209
-0.040329
-0.044203
-0.044060
-0.039652
-0.029599
-0.015626
0.001498
0.020236
0.036971
0.050560
0.057905
0.057409
0.051431
0.039817
0.024066
0.006017
-0.012405
-0.030061
-0.044297
-0.054148
-0.058413
-0.056554
-0.048736
-0.035536
-0.017964
0.002543
0.023401
0.040274
0.052411
0.058181
0.058475
0.052446
0.039532
0.022617
0.004069
-0.013984
-0.029954
-0.041921
-0.047801
-0.049358
-0.045540
-0.036107
-0.022629
-0.007228
0.008549
0.021971
0.030883
0.034994
0.034402
0.029944
0.023045
0.013376
0.002505
-0.006755
-0.013674
-0.017622
-0.018582
-0.016923
-0.013055
-0.009043
-0.004802
-0.000682
0.002437
0.004771
0.006679
0.007449
0.007641
0.007407
0.006593
0.005254
0.003887
0.002824
0.002716
0.002190
0.001220
0.000812
-0.000452
-0.002033
-0.003526
-0.005859
-0.009005
-0.011776
-0.013285
-0.013287
-0.012053
-0.009718
-0.005098
0.000196
0.005771
0.011458
0.016768
0.021059
0.023701
0.023965
0.021380
0.015427
0.007166
-0.003107
-0.013555
-0.022689
-0.029449
-0.032112
-0.031166
-0.025884
-0.016445
-0.005116
0.006630
0.017486
0.025764
0.030344
0.031215
0.028156
0.022033
0.014509
0.005945
-0.001545
-0.008711
-0.014230
-0.017667
-0.018788
-0.018195
-0.016645
-0.012754
-0.008233
-0.005551
-0.001924
0.000269
0.000808
0.001606
0.001937
0.001885
0.001318
0.001305
0.002415
0.004954
0.007824
0.010762
0.014251
0.016506
0.016516
0.015274
0.012412
0.007027
0.001164
-0.005522
-0.012393
-0.018342
-0.023467
-0.025928
-0.025436
-0.022428
-0.017145
-0.009886
-0.002027
0.006579
0.014264
0.020123
0.023388
0.023820
0.022267
0.019056
0.014491
0.008845
0.003457
-0.001484
-0.006373
-0.010704
-0.012709
-0.013434
-0.013558
-0.012664
-0.011052
-0.009636
-0.008080
-0.005668
-0.002568
-0.000642
0.000624
0.002244
0.003345
0.004641
0.006460
0.008283
0.010041
0.010380
0.010269
0.010461
0.010176
0.008841
0.007222
0.005095
0.002038
-0.001433
-0.005353
-0.009400
-0.012477
-0.015520
-0.018153
-0.018561
-0.016562
-0.013638
-0.008486
-0.001758
0.005093
0.011836
0.016873
0.020033
0.021525
0.020600
0.016484
0.010900
0.003878
-0.003468
-0.009906
-0.014771
-0.017076
-0.016954
-0.014114
-0.009979
-0.005121
-0.000409
0.004657
0.008703
0.010326
0.010219
0.008482
0.004970
0.000424
-0.004167
-0.007362
-0.009196
-0.009110
-0.007129
-0.003623
0.001176
0.007464
0.012617
0.016649
0.018522
0.017517
0.013306
0.007026
-0.000726
-0.009227
-0.017317
-0.023501
-0.027872
-0.029779
-0.027466
-0.021288
-0.012587
-0.001908
0.010411
0.021983
0.032080
0.039250
0.041444
0.040067
0.033739
0.023021
0.010076
-0.004767
-0.020122
-0.032675
-0.041864
-0.045906
-0.045601
-0.039729
-0.030287
-0.018218
-0.005034
0.008978
0.021576
0.030108
0.035240
0.037486
0.036616
0.031726
0.024210
0.015215
0.005071
-0.004850
-0.013444
-0.020795
-0.025117
-0.025890
-0.025338
-0.022013
-0.016404
-0.010522
-0.004057
0.002341
0.008024
0.012301
0.015070
0.016827
0.016459
0.015342
0.013307
0.009100
0.004340
-0.000464
-0.005938
-0.009866
-0.012097
-0.012917
-0.012237
-0.009962
-0.007504
-0.004222
-0.000503
0.002076
0.004741
0.007009
0.007637
0.007734
0.007267
0.006121
0.004693
0.003343
0.001972
0.001495
0.001115
0.000050
-0.001032
-0.002020
-0.003292
-0.005061
-0.007326
-0.008861
-0.010017
-0.010637
-0.008968
-0.005686
-0.001678
0.003661
0.009727
0.014443
0.017560
0.018912
0.016918
0.012971
0.008533
0.002474
-0.003854
-0.009264
-0.014683
-0.018263
-0.017760
-0.015999
-0.012536
-0.006858
-0.000776
0.005373
0.009545
0.011678
0.012389
0.011330
0.007816
0.004346
0.000430
-0.003477
-0.006155
-0.007886
-0.007955
-0.005991
-0.002437
0.001736
0.005113
0.007661
0.009659
0.010267
0.008567
0.005344
0.001589
-0.002330
-0.005442
-0.008525
-0.010073
-0.009545
-0.007461
-0.004572
-0.001360
0.002437
0.005742
0.007607
0.007980
0.007305
0.004489
0.000985
-0.002910
-0.007236
-0.010532
-0.011639
-0.011088
-0.009431
-0.006062
-0.000776
0.004928
0.011336
0.016051
0.018167
0.018658
0.016439
0.011957
0.007048
0.001502
-0.004764
-0.009802
-0.012939
-0.014393
-0.013464
-0.010399
-0.007297
-0.004482
-0.001529
0.000895
0.002491
0.002694
0.002129
0.000587
-0.001793
-0.002464
-0.002165
-0.002202
-0.001224
0.001717
0.005433
0.008982
0.011971
0.014369
0.014711
0.013898
0.012131
0.008059
0.002451
-0.002893
-0.008317
-0.013128
-0.017050
-0.018262
-0.017513
-0.016092
-0.012642
-0.008141
-0.003165
0.001659
0.006285
0.009431
0.011140
0.012420
0.011919
0.010189
0.007913
0.004672
0.001632
-0.000356
-0.002355
-0.003110
-0.002238
-0.001319
-0.000657
0.000916
0.002587
0.003033
0.002404
0.001670
-0.000615
-0.002761
-0.003945
-0.007192
-0.009496
-0.009770
-0.009096
-0.007201
-0.003694
0.001100
0.006249
0.010848
0.014100
0.016091
0.016050
0.013960
0.009873
0.003730
-0.002674
-0.009146
-0.014126
-0.017112
-0.017881
-0.017118
-0.014071
-0.008686
-0.002536
0.003711
0.009296
0.013216
0.015155
0.015568
0.014148
0.011581
0.007364
0.002764
-0.001354
-0.005322
-0.008012
-0.008969
-0.008900
-0.007769
-0.006133
-0.004896
-0.003747
-0.001553
-0.000242
0.000540
0.001049
0.001152
0.001127
0.001543
0.002029
0.002245
0.003957
0.005178
0.005176
0.005414
0.004883
0.003784
0.001962
-0.000914
-0.003401
-0.005103
-0.006361
-0.006348
-0.007012
-0.006779
-0.005543
-0.003843
-0.002094
0.000270
0.002345
0.003909
0.005704
0.007444
0.008494
0.009228
0.009476
0.008285
0.006605
0.004481
0.001954
-0.001347
-0.005107
-0.007974
-0.011122
-0.012534
-0.012188
-0.011181
-0.009419
-0.006487
-0.003125
0.000704
0.004350
0.007408
0.009906
0.010691
0.010728
0.010369
0.008961
0.007170
0.005576
0.003544
0.000724
-0.001602
-0.003449
-0.005048
-0.006553
-0.008253
-0.008736
-0.008512
-0.008719
-0.007329
-0.004145
-0.001622
0.001069
0.004210
0.006826
0.009384
0.010755
0.011130
0.010212
0.008341
0.004759
0.000295
-0.004351
-0.008913
-0.011790
-0.013202
-0.013953
-0.012490
-0.008759
-0.004845
0.000586
0.006451
0.010391
0.013444
0.014686
0.014893
0.013274
0.009485
0.004618
-0.000818
-0.006099
-0.010725
-0.014594
-0.016142
-0.016129
-0.014411
-0.010341
-0.004319
0.002202
0.008245
0.013539
0.016497
0.017708
0.016104
0.012770
0.008841
0.003056
-0.003021
-0.007989
-0.011395
-0.013823
-0.013411
-0.011450
-0.008652
-0.004662
0.000054
0.004077
0.007369
0.009025
0.009809
0.009496
0.007596
0.005788
0.003261
0.000558
-0.001505
-0.003653
-0.004720
-0.005052
-0.005135
-0.004502
-0.003524
-0.003225
-0.002497
-0.002483
-0.002180
-0.000943
-0.000312
0.000519
0.001523
0.002074
0.003343
0.004997
0.007082
0.007719
0.007732
0.007003
0.004741
0.002726
-0.000126
-0.003400
-0.005975
-0.007859
-0.008695
-0.008765
-0.007918
-0.005983
-0.004071
-0.001450
0.001571
0.004122
0.005585
0.006322
0.006596
0.005352
0.003941
0.002706
0.000547
-0.001545
-0.002872
-0.003792
-0.004006
-0.004115
-0.004095
-0.003058
-0.001321
-0.000147
0.000110
0.000834
0.001701
0.002288
0.002604
0.001755
0.001050
0.000527
0.000067
-0.000142
-0.001063
-0.001972
-0.002256
-0.001954
-0.000793
0.000360
0.001546
0.003164
0.005610
0.006509
0.006623
0.006512
0.004362
0.002939
0.001160
-0.002354
-0.004466
-0.006144
-0.008726
-0.009341
-0.008924
-0.007820
-0.004978
-0.001183
0.002868
0.006058
0.009102
0.009989
0.010210
0.010940
0.009166
0.006449
0.003681
-0.000066
-0.003596
-0.006614
-0.008745
-0.009338
-0.009402
-0.008928
-0.006661
-0.003710
0.000045
0.003791
0.006305
0.007716
0.008931
0.009261
0.008475
0.007752
0.005672
0.002748
-0.000093
-0.002507
-0.004242
-0.005739
-0.006835
-0.006711
-0.006078
-0.005371
-0.003758
-0.001601
-0.000080
0.001302
0.003246
0.005252
0.005771
0.005651
0.006149
0.006126
0.005521
0.004121
0.002274
0.000211
-0.000988
-0.002129
-0.004504
-0.006083
-0.006437
-0.006440
-0.006521
-0.005818
-0.004638
-0.002933
-0.000762
0.001598
0.002912
0.003866
0.004993
0.005382
0.004609
0.004256
0.003922
0.003643
0.002700
0.002250
0.002783
0.002584
0.002052
0.001831
0.000442
-0.001188
-0.001863
-0.003570
-0.006113
-0.007246
-0.007260
-0.007576
-0.007020
-0.004791
-0.001940
0.001748
0.005287
0.007787
0.009834
0.010727
0.010542
0.009899
0.007569
0.004156
0.000362
-0.003280
-0.006354
-0.008748
-0.010020
-0.009340
-0.008107
-0.006186
-0.003456
0.000378
0.002995
0.004834
0.006240
0.006724
0.006973
0.006319
0.004941
0.003521
0.001530
-0.000256
-0.001721
-0.002997
-0.003824
-0.003036
-0.002315
-0.002491
-0.002334
-0.001934
-0.001798
-0.001377
-0.000274
0.000753
0.001734
0.003040
0.004043
0.003847
0.003985
0.004157
0.003605
0.002939
0.001991
0.000506
-0.001804
-0.003468
-0.004275
-0.006105
-0.006884
-0.006119
-0.005987
-0.004357
-0.001521
0.000960
0.003293
0.005037
0.006685
0.007758
0.007178
0.005778
0.004264
0.002959
0.000629
-0.001641
-0.003923
-0.005686
-0.006197
-0.006315
-0.005355
-0.003494
-0.001787
0.000443
0.003010
0.005090
0.007230
0.008221
0.007316
0.006052
0.004830
0.002618
0.000420
-0.001431
-0.003581
-0.005980
-0.006832
-0.007106
-0.007148
-0.006313
-0.004818
-0.002800
-0.001504
0.000560
0.002459
0.004210
0.005960
0.006852
0.006476
0.005457
0.004470
0.002434
0.000425
-0.000875
-0.002132
-0.003201
-0.004135
-0.004002
-0.003147
-0.002399
-0.000820
0.000791
0.002228
0.003485
0.003783
0.002709
0.000495
-0.000528
-0.001832
-0.003063
-0.003956
-0.004765
-0.004804
-0.003897
-0.001957
-0.000620
0.001114
0.003784
0.005297
0.006890
0.008003
0.008699
0.008299
0.006522
0.003752
0.000594
-0.001788
-0.004344
-0.006877
-0.008971
-0.009612
-0.009005
-0.006958
-0.004909
-0.002318
0.001230
0.004316
0.006481
0.007659
0.007366
0.006475
0.005455
0.002555
0.000430
-0.002312
-0.005637
-0.007720
-0.008328
-0.007411
-0.006086
-0.004158
-0.001624
0.001815
0.004791
0.005845
0.006954
0.007237
0.005884
0.004149
0.002315
0.000236
-0.001966
-0.003830
-0.004749
-0.004975
-0.004753
-0.003486
-0.001670
-0.000159
0.000656
0.001777
0.003254
0.004156
0.004131
0.002993
0.001929
0.000342
-0.001067
-0.001999
-0.003019
-0.003519
-0.003970
-0.003900
-0.003149
-0.002473
-0.002339
-0.001184
0.000051
0.000819
0.001242
0.001192
0.001785
0.001975
0.001692
0.000684
0.000493
0.001130
0.001505
0.001693
0.001904
0.001744
0.000811
0.000563
0.000475
-0.000019
-0.000831
-0.001655
-0.002456
-0.002719
-0.002716
-0.003151
-0.003047
-0.001830
-0.001039
-0.000717
-0.000069
0.001527
0.002932
0.003940
0.004579
0.004756
0.004408
0.003938
0.003106
0.001856
0.000381
-0.001057
-0.001901
-0.003191
-0.004316
-0.004146
-0.003445
-0.002105
-0.000949
-0.000241
0.000691
0.001584
0.002579
0.002927
0.002333
0.001412
0.000016
-0.001326
-0.002760
-0.003468
-0.003890
-0.004058
-0.003195
-0.001513
0.000098
0.001650
0.003144
0.004706
0.005413
0.005161
0.004252
0.003680
0.003041
0.001039
-0.000794
-0.001864
-0.003238
-0.003832
-0.004715
-0.005557
-0.005331
-0.003746
-0.002453
-0.001834
-0.000187
0.001318
0.001830
0.002091
0.003601
0.004571
0.004291
0.004200
0.004769
0.004733
0.003331
0.002410
0.001373
-0.000073
-0.001050
-0.002002
-0.002796
-0.003437
-0.003854
-0.004083
-0.003675
-0.003131
-0.002482
-0.002100
-0.001769
-0.001403
-0.000880
0.000317
0.002013
0.003628
0.004012
0.004332
0.004652
0.004087
0.003608
0.003343
0.002666
0.001489
0.000127
-0.001003
-0.001584
-0.001700
-0.001948
-0.002540
-0.002519
-0.001662
-0.000978
-0.000520
0.000485
0.001216
0.000590
0.001627
0.002567
0.002195
0.002241
0.002647
0.002883
0.001875
0.001271
0.001068
0.000808
-0.000214
-0.001221
-0.001464
-0.001777
-0.001902
-0.002853
-0.002977
-0.002142
-0.001212
-0.000460
0.000312
0.001614
0.002741
0.003453
0.003893
0.004269
0.005070
0.004778
0.003598
0.002438
0.001001
-0.000293
-0.000900
-0.001377
-0.002518
-0.003501
-0.003670
-0.003929
-0.003833
-0.002605
-0.002142
-0.001684
-0.000607
-0.000382
0.000420
0.001617
0.002233
0.002587
0.002212
0.001580
0.001175
0.000795
0.000638
0.000754
0.001070
0.001327
0.001799
0.001535
0.001193
0.001170
0.001026
0.000281
-0.000467
-0.001426
-0.001664
-0.002150
-0.002913
-0.002972
-0.002972
-0.002320
-0.002514
-0.002309
-0.000669
0.001401
0.002572
0.003103
0.003672
0.003798
0.004385
0.003802
0.002775
0.002477
0.001741
0.000604
0.000067
-0.000260
-0.000481
-0.001439
-0.001393
-0.001056
-0.001464
-0.001073
-0.001397
-0.000972
-0.000252
-0.000281
-0.000241
-0.000127
0.000474
0.000848
0.001320
0.001240
0.001024
0.001010
0.001240
0.001264
0.000619
0.000957
0.000679
-0.000000
0.000108
0.000496
0.000883
0.000936
0.000675
-0.000223
-0.000617
-0.000694
-0.001299
-0.001488
-0.001416
-0.001578
-0.000943
-0.000552
-0.000012
0.001199
0.001881
0.002552
0.002869
0.003453
0.003396
0.002160
0.001640
0.000515
-0.000529
-0.001052
-0.001603
-0.002063
-0.003318
-0.004338
-0.004375
-0.003145
-0.002434
-0.001862
0.000083
0.001865
0.002760
0.003444
0.004223
0.004307
0.004069
0.003488
0.002145
0.000456
-0.001150
-0.002254
-0.003348
-0.004297
-0.004261
-0.003708
-0.002557
-0.000925
0.000148
0.001674
0.002306
0.002804
0.003711
0.003262
0.002329
0.001327
0.000543
0.000344
-0.000870
-0.002076
-0.002085
-0.002108
-0.002035
-0.000542
0.000339
0.001229
0.001820
0.002241
0.003404
0.004055
0.003828
0.002363
0.001245
0.000377
-0.000293
-0.000807
-0.001607
-0.002042
-0.001756
-0.000505
-0.000044
0.000250
0.000805
0.001111
0.001085
0.000970
0.000606
-0.001053
-0.001680
-0.002407
-0.002994
-0.002749
-0.001925
-0.001108
-0.000448
0.000926
0.001910
0.003172
0.003968
0.004098
0.004339
0.003882
0.002338
0.001156
-0.000020
-0.001720
-0.002801
-0.003696
-0.004195
-0.004153
-0.003866
-0.003817
-0.003129
-0.002150
-0.001707
-0.000627
0.001066
0.001797
0.002069
0.002952
0.003240
0.003365
0.003633
0.003777
0.003442
0.002279
0.001650
0.001046
0.000361
-0.000156
-0.000979
-0.001234
-0.002430
-0.002905
-0.002649
-0.002658
-0.002857
-0.002115
-0.001545
-0.000446
0.000890
0.001183
0.001516
0.002609
0.003097
0.002889
0.003150
0.002604
0.001180
0.000403
0.000454
0.000690
-0.000175
-0.001158
-0.001454
-0.001375
-0.001450
-0.002107
-0.001464
-0.000391
0.000042
0.000473
0.001006
0.001096
0.000999
0.000892
0.001202
0.001158
0.000720
0.000729
-0.000031
-0.000574
-0.000218
-0.000917
-0.001603
-0.001279
-0.001015
-0.001218
-0.000945
-0.000328
-0.000015
0.000717
0.001006
0.000904
0.000737
0.000884
0.001341
0.001354
0.001858
0.002428
0.001758
0.002072
0.002242
0.002556
0.002666
0.002143
0.001188
0.000513
-0.000638
-0.000781
-0.000927
-0.002196
-0.003628
-0.003185
-0.002594
-0.002221
-0.001663
-0.000640
0.001044
0.002569
0.003249
0.003911
0.004050
0.003282
0.002655
0.002129
0.001180
0.000449
-0.000057
-0.000263
-0.000740
-0.001578
-0.002188
-0.001666
-0.000905
-0.000494
0.000643
0.002567
0.002845
0.002541
0.002721
0.001740
0.000326
-0.000085
-0.000686
-0.001662
-0.002658
-0.003115
-0.002632
-0.002371
-0.002404
-0.001859
-0.000653
0.000788
0.002502
0.003180
0.003988
0.004206
0.002754
0.002611
0.002025
0.000797
-0.000199
-0.001005
-0.001599
-0.001566
-0.001206
-0.000736
0.000255
0.000393
0.000206
0.000877
0.001390
0.000860
0.000630
0.000602
-0.000047
-0.000524
-0.000828
-0.001311
-0.001753
-0.001442
-0.000006
0.001098
0.001546
0.002583
0.003518
0.003264
0.002888
0.002464
0.001845
0.001013
-0.000705
-0.001701
-0.002285
-0.002614
-0.002575
-0.001724
-0.000409
0.000457
0.001417
0.001726
0.001947
0.002192
0.002318
0.002217
0.001990
0.001507
0.000756
-0.000483
-0.001031
-0.000889
-0.001134
-0.001415
-0.001424
-0.000969
-0.000716
0.000126
0.001104
0.000960
0.001089
0.002051
0.002265
0.001739
0.001184
0.000324
-0.000113
0.000256
0.000120
-0.000066
-0.000002
-0.000705
-0.001059
-0.000467
-0.000043
0.000420
0.000727
0.000668
0.001012
0.001645
0.001533
0.000834
0.000298
0.000266
-0.000236
-0.000098
0.000516
0.000134
-0.000341
-0.001431
-0.001538
-0.001488
-0.001360
-0.000454
-0.000054
0.000328
0.001088
0.002175
0.002349
0.001624
0.001356
0.001237
0.000683
0.000618
0.001152
0.000127
-0.000575
-0.000336
-0.000206
-0.000273
-0.000612
-0.000357
-0.000025
0.000416
0.000647
0.000048
-0.000279
0.000432
0.000722
0.000553
-0.000140
-0.000488
-0.000049
0.000070
0.000389
0.000860
0.000514
0.000295
0.000719
0.000520
0.000620
0.000973
0.001094
0.001069
0.000295
0.000078
-0.000171
-0.000099
0.000275
0.000077
0.000613
0.000768
0.000569
0.000960
0.000659
0.000373
-0.000148
-0.001260
-0.000946
-0.000949
-0.001124
-0.000516
-0.000290
0.000333
0.000964
0.001305
0.001016
0.001264
0.002713
0.002567
0.002527
0.002025
0.001734
0.000912
0.000364
0.000520
0.000045
-0.000850
-0.001540
-0.001805
-0.001391
-0.001909
-0.001926
-0.001400
-0.000971
0.000748
0.002197
0.002429
0.003065
0.003587
0.003342
0.002178
0.001111
0.000484
0.000241
-0.000726
-0.001619
-0.001212
-0.001333
-0.001903
-0.001865
-0.000969
-0.000137
-0.000200
0.000211
0.000849
0.001503
0.002294
0.002601
0.002936
0.002499
0.001396
0.000991
0.000491
0.000231
0.000269
-0.000050
-0.000045
0.000171
0.000344
-0.000248
-0.001340
-0.001109
-0.000869
-0.001136
-0.001237
-0.001227
-0.000986
-0.000491
-0.000019
0.000714
0.001672
0.001443
0.002032
0.003113
0.003750
0.003206
0.002303
0.002207
0.001273
0.000807
-0.000256
-0.002387
-0.003496
-0.004160
-0.004629
-0.004298
-0.003741
-0.002926
-0.001978
-0.000330
0.001175
0.002382
0.003096
0.004099
0.004850
0.004651
0.003730
0.003369
0.002366
0.000299
-0.000716
-0.000882
-0.000702
-0.001115
-0.001528
-0.001361
-0.000647
-0.000338
-0.000164
0.000172
0.000700
0.001533
0.001574
0.001448
0.001407
0.001064
-0.000015
-0.000287
0.000103
-0.000405
-0.000733
0.000012
0.001138
0.000866
0.000784
0.001197
0.001926
0.002540
0.002224
0.001480
0.000339
-0.000599
-0.000776
-0.001382
-0.001637
-0.001049
-0.000672
0.000243
0.000902
0.000696
0.001164
0.001767
0.001752
0.001677
0.001599
0.001214
0.000637
0.000276
-0.000709
-0.001593
-0.001711
-0.001736
-0.001420
-0.000778
-0.000633
-0.000505
-0.000095
0.000445
0.001275
0.001224
0.001295
0.001448
0.001240
0.001374
0.001472
0.001393
0.001064
0.001010
0.001001
0.000716
0.000182
-0.000513
0.000154
0.000877
0.000314
0.000494
0.000760
0.000486
0.000262
0.000044
-0.000209
-0.000420
-0.000054
-0.000207
-0.001104
-0.000985
-0.000863
-0.000724
0.000021
0.000860
0.001381
0.001149
0.001396
0.002079
0.002237
0.002599
0.002445
0.002062
0.001588
0.001518
0.000833
-0.000420
-0.000624
-0.001650
-0.002268
-0.002201
-0.002165
-0.001655
-0.000876
-0.000486
0.000272
0.000800
0.000417
0.000390
0.001226
0.002045
0.002297
0.002301
0.002147
0.001175
-0.000083
-0.000418
-0.000362
-0.001153
-0.001443
-0.001131
-0.000680
-0.000224
0.000486
0.001149
0.001713
0.002227
0.002098
0.001852
0.002049
0.001915
0.001420
0.000467
0.000015
-0.000224
-0.000636
-0.001063
-0.001099
-0.001564
-0.001272
-0.000227
0.000866
0.001669
0.001909
0.002385
0.003108
0.003347
0.002811
0.001754
0.001059
-0.000074
-0.000919
-0.001254
-0.001981
-0.002589
-0.002191
-0.002073
-0.001182
-0.000174
0.000276
0.001387
0.001999
0.001907
0.001825
0.001398
0.000875
0.000624
0.000112
-0.000318
0.000142
-0.000231
-0.000902
-0.000862
-0.001124
-0.001276
-0.000215
0.001177
0.001148
0.001385
0.001876
0.001930
0.002008
0.001206
0.001138
0.001116
-0.000065
-0.001092
-0.001454
-0.001815
-0.002295
-0.002964
-0.003270
-0.002264
-0.000936
-0.000102
0.000475
0.001543
0.001901
0.002426
0.003240
0.003369
0.003265
0.002800
0.002392
0.001608
0.000883
0.000818
0.000281
-0.000364
-0.001003
-0.002008
-0.002475
-0.002156
-0.001844
-0.001584
-0.001595
-0.001009
-0.000299
0.000232
0.000956
0.000753
0.000970
0.000975
0.000934
0.000284
0.000432
0.000726
0.000790
0.000770
0.001252
0.000806
0.000429
0.001084
0.001422
0.000913
0.000412
0.000007
-0.000504
-0.000580
-0.000540
-0.001142
-0.001169
-0.001520
-0.001586
-0.001123
-0.001340
-0.000675
-0.000039
0.000274
0.001441
0.002289
0.002395
0.001869
0.001822
0.001613
0.000738
0.000237
-0.000008
-0.000165
-0.000476
-0.000649
-0.000800
-0.000484
-0.000193
-0.000382
0.000528
0.001378
0.001602
0.001195
0.000580
0.000461
-0.000170
0.000018
0.000691
0.000144
0.000174
-0.000304
-0.001079
-0.000378
0.000194
0.000774
0.001469
0.001299
0.001117
0.001457
0.001435
0.001281
0.001020
0.000415
0.000254
-0.000077
-0.000202
0.000043
-0.000405
-0.001011
-0.001440
-0.002114
-0.002070
-0.001513
-0.001225
-0.000469
0.000562
0.001510
0.001629
0.002007
0.002760
0.002869
0.002890
0.002273
0.001202
0.000672
0.000139
-0.000493
-0.001193
-0.001432
-0.001488
-0.001828
-0.002100
-0.001567
-0.000627
0.000385
0.001225
0.001919
0.002686
0.002864
0.002287
0.002075
0.002200
0.001153
0.000302
-0.000638
-0.001618
-0.001321
-0.001137
-0.001183
-0.000780
-0.000617
0.000082
0.000521
0.001382
0.001918
0.002208
0.002815
0.002243
0.001302
0.000969
0.000215
-0.000654
-0.000620
-0.000458
-0.000657
-0.001269
-0.001083
-0.000175
0.000667
0.001044
0.001178
0.001486
0.001873
0.001925
0.001113
0.000974
0.001202
0.000412
-0.000065
0.000025
-0.000258
-0.000706
-0.000495
0.000023
0.000210
0.000249
0.000434
0.000850
0.001071
0.000852
0.000956
0.001203
0.000893
-0.000176
-0.000327
-0.000800
-0.001553
-0.001901
-0.002348
-0.001671
-0.001200
-0.000154
0.000678
0.000731
0.001003
0.001550
0.002591
0.003000
0.002834
0.003334
0.003255
0.002023
0.000901
0.000078
-0.001344
-0.001976
-0.001855
-0.002111
-0.001951
-0.001374
-0.001301
-0.000611
0.000867
0.001543
0.001923
0.002425
0.002273
0.002366
0.002276
0.001549
0.000444
-0.000405
-0.000670
-0.000518
-0.000520
-0.001354
-0.001385
-0.001309
-0.000992
-0.000350
0.000350
0.000744
0.000833
0.001697
0.001937
0.001692
0.001658
0.001537
0.000921
0.000511
0.000365
-0.000157
-0.000302
-0.000910
-0.000849
-0.000709
-0.000919
-0.000719
-0.000062
-0.000317
0.000009
0.000606
0.000246
0.000084
0.000347
0.001210
0.001641
0.001567
0.001380
0.000957
0.000990
0.001043
0.001245
0.001288
0.001450
0.001161
0.000655
0.001062
0.000863
-0.000674
-0.001018
-0.000625
-0.001225
-0.002038
-0.001751
-0.000513
0.000451
0.001291
0.001031
0.000902
0.001265
0.001652
0.002442
0.002573
0.002236
0.002194
0.001281
0.000886
0.000323
-0.000479
-0.001256
-0.001870
-0.002199
-0.002153
-0.002547
-0.002069
-0.000554
-0.001283
-0.000635
0.000206
0.000319
0.000882
0.001785
0.002216
0.002571
0.002829
0.002661
0.001891
0.001398
0.001058
0.000762
-0.000106
-0.000629
-0.000458
-0.000677
-0.000629
-0.000310
-0.000846
-0.001129
-0.000466
0.000547
-0.000024
-0.000013
0.001160
0.001613
0.001708
0.001668
0.001567
0.001463
0.001427
0.001266
0.001250
0.001412
0.000997
0.000296
-0.000263
-0.000929
-0.001471
-0.001164
-0.001110
-0.000813
-0.000182
0.000240
0.000635
0.001331
0.001828
0.001956
0.001738
0.001253
0.001049
0.001223
0.000674
-0.000311
-0.000060
-0.000616
-0.001336
-0.001653
-0.002089
-0.001533
-0.000826
-0.000590
0.000206
0.000666
0.001201
0.001690
0.001773
0.001426
0.000870
0.001486
0.000994
-0.000214
-0.000127
-0.000510
-0.001624
-0.001995
-0.001703
-0.001378
-0.001330
-0.001233
-0.000515
0.000846
0.001132
0.000800
0.000741
0.001074
0.000861
0.000577
0.000450
0.000175
-0.000087
-0.000776
-0.000553
-0.000262
-0.000213
0.000693
0.001085
0.000639
0.000666
0.001012
0.000842
0.000572
-0.000118
-0.000692
-0.001020
-0.001447
-0.001451
-0.001058
-0.000168
0.000014
-0.000566
-0.000201
0.000379
0.001558
0.002738
0.002836
0.002584
0.002347
0.001906
0.001538
0.001205
0.000373
-0.000562
-0.001196
-0.001510
-0.001939
-0.001795
-0.001111
-0.000900
-0.000963
0.000026
0.001081
0.001337
0.001948
0.002376
0.002309
0.001876
0.000839
0.000699
0.000221
0.000182
0.000051
-0.000066
-0.000043
-0.000194
0.000801
0.000657
-0.000348
-0.000468
0.000407
0.000603
0.000775
0.000535
0.000329
0.000622
0.000447
0.000424
0.000543
0.000206
0.000191
0.000547
0.000350
0.000523
0.000556
0.000249
0.000212
0.000493
0.000552
-0.000603
-0.001089
-0.001486
-0.001529
-0.001152
-0.001119
-0.001007
-0.000360
0.000549
0.000843
0.001452
0.002267
0.003376
0.003865
0.003330
0.003216
0.002913
0.002011
0.000851
-0.000180
-0.000528
-0.001826
-0.002402
-0.001994
-0.002613
-0.002767
-0.001906
-0.001136
-0.000007
0.000858
0.000999
0.001079
0.002093
0.003012
0.003101
0.003129
0.002957
0.002635
0.002612
0.002274
0.000700
-0.000191
-0.000580
-0.001167
-0.000740
-0.001285
-0.001458
-0.001382
-0.001214
-0.000737
-0.000772
-0.000760
-0.000488
0.000078
0.000476
0.000858
0.001578
0.001135
0.001274
0.001464
0.000479
0.000595
0.000726
0.001139
0.000615
0.000129
-0.000218
-0.000503
-0.000368
-0.000358
-0.000131
-0.000554
-0.000408
0.000121
0.000984
0.001146
0.001129
0.001259
0.000989
0.001163
0.000791
0.000060
0.000214
-0.000085
-0.000778
-0.000800
-0.000371
-0.000088
-0.000257
-0.000082
0.000263
0.000892
0.001357
0.001628
0.002128
0.002221
0.002443
0.002329
0.001774
0.001360
0.000135
-0.001364
-0.001989
-0.001570
-0.001284
-0.001655
-0.001970
-0.001839
-0.000516
0.000465
0.000564
0.001147
0.001486
0.002410
0.003287
0.003284
0.002150
0.001354
0.001005
-0.000138
-0.000117
-0.000754
-0.001789
-0.001490
-0.001567
-0.001916
-0.001600
-0.001045
-0.000566
0.000297
0.001134
0.000373
0.000545
0.001422
0.001405
0.000843
0.000662
0.000594
0.000330
-0.000097
-0.000673
-0.001204
-0.000907
-0.000245
0.000014
0.000218
0.000436
0.001191
0.001788
0.001207
0.000851
0.000952
0.000479
-0.000518
-0.000522
0.000004
0.000007
-0.000189
-0.000037
0.000509
0.000547
0.000660
0.000403
0.001039
0.001642
0.001101
0.001254
0.000412
0.000648
0.000515
-0.000604
-0.000869
-0.000588
-0.000499
-0.000412
-0.000217
0.000435
0.000845
0.000900
0.001374
0.001060
0.000378
0.000728
0.000664
0.000275
0.000208
0.000131
0.000103
-0.000659
-0.001160
-0.000754
-0.000347
-0.000522
-0.000250
0.000072
0.000044
0.000756
0.000942
0.000914
0.001050
0.000389
-0.000200
0.000948
0.001322
0.000290
-0.000606
-0.000683
-0.001074
-0.001314
-0.001102
-0.000699
-0.000471
0.000048
0.000570
0.000303
0.000063
0.000222
0.001023
0.001224
0.001441
0.002101
0.002313
0.001338
0.000050
-0.000409
-0.000524
-0.000433
-0.000511
-0.000251
0.000204
0.000056
-0.000040
0.000871
0.000897
0.000854
0.001207
0.001322
0.000716
0.001108
0.001089
0.000667
0.000624
-0.000048
-0.000364
-0.000554
-0.000620
-0.000983
-0.000518
0.000581
0.000780
0.000808
0.000576
0.000172
0.001101
0.001979
0.001477
0.000997
0.000813
0.000458
-0.000622
-0.000807
-0.000786
-0.000617
-0.000841
-0.001333
-0.001027
-0.000724
-0.000228
0.000161
0.000532
0.000559
0.000996
0.001324
0.000737
0.001140
0.001087
0.000729
0.001063
0.000884
0.000067
-0.000154
0.000061
-0.000393
-0.000923
-0.001033
-0.000512
-0.000137
0.000701
0.001028
0.001504
0.001604
0.001110
0.001289
0.001299
0.001265
0.000999
0.000860
0.000294
-0.000335
-0.000611
-0.001171
-0.000795
-0.000381
-0.000104
-0.000200
0.000138
0.000534
0.000655
0.000959
0.000862
0.000732
0.001428
0.001713
0.001682
0.001498
0.001264
0.001051
0.001025
0.001016
0.001081
0.000968
0.001335
0.001178
0.000848
0.001095
0.000871
-0.000206
-0.000748
-0.001018
-0.000790
-0.001050
-0.001579
-0.001132
-0.000173
0.000118
0.000330
0.000282
0.000215
0.000930
0.001341
0.001868
0.001901
0.001697
0.001743
0.001541
0.001191
0.000862
-0.000189
-0.000516
-0.000484
-0.000087
0.000044
0.000195
0.000131
-0.000138
0.000009
0.000397
0.000199
0.000606
0.001581
0.000909
0.000603
0.000728
0.000452
0.000182
0.000448
0.000419
0.000257
0.000047
0.000262
0.000218
-0.000214
0.000008
0.000664
0.001119
0.000911
0.000734
0.000424
0.000219
0.000670
0.001125
0.000551
-0.000166
0.000536
0.000290
-0.000159
-0.000140
0.001016
0.001352
0.000876
0.000724
0.001288
0.001317
0.000816
0.001034
0.001668
0.001733
0.000929
-0.000173
-0.000417
-0.000796
-0.000965
-0.000954
-0.000739
-0.000299
-0.000210
-0.000567
-0.000171
0.000233
0.000470
0.001470
0.001675
0.001533
0.001919
0.001872
0.001065
0.000717
-0.000017
-0.000284
0.000014
-0.000642
-0.000793
0.000157
0.000639
0.000470
0.000769
0.001138
0.001116
0.000949
0.000807
0.000442
0.000148
-0.000009
0.000312
-0.000146
-0.000167
0.000263
-0.000316
0.000252
0.001075
0.000858
0.000904
0.001352
0.001344
0.001412
0.001825
0.001290
0.000619
-0.000004
-0.000928
-0.001302
-0.000958
-0.000917
-0.000691
-0.000155
-0.000203
0.000309
0.000795
0.000731
0.000630
0.000917
0.001357
0.000790
0.000216
0.000421
0.000340
-0.000303
0.000188
0.000428
0.001176
0.001417
0.001278
0.001124
0.000992
0.001621
0.001193
0.000184
-0.000117
-0.000412
-0.000727
-0.000183
-0.000763
-0.001012
-0.000991
-0.000767
-0.000329
-0.000238
0.000610
0.000997
0.001275
0.001493
0.001260
0.000623
0.000833
0.001083
0.000897
0.000460
0.000509
0.000689
0.000037
-0.000533
-0.001046
-0.001125
-0.000743
-0.000592
-0.000345
0.000066
0.000899
0.001528
0.001751
0.002259
0.001722
0.001248
0.001343
0.001103
0.000623
0.000356
-0.000072
-0.000477
-0.000503
-0.000131
0.001123
0.001542
0.000984
0.000418
0.000329
-0.000061
-0.000217
-0.000030
0.000191
0.000820
0.000784
0.000722
0.000907
0.000673
0.000467
0.000249
0.000506
0.000298
-0.000165
0.000178
-0.000085
-0.000569
-0.000609
-0.000314
0.000006
-0.000435
-0.000453
0.000513
0.000833
0.000882
0.001072
0.001145
0.002254
0.002318
0.001730
0.002088
0.002236
0.002217
0.001225
0.000131
-0.000261
-0.000372
-0.000382
-0.000760
-0.001453
-0.001391
-0.001078
-0.000571
-0.000196
-0.000382
-0.000071
0.001183
0.001480
0.001493
0.002102
0.002363
0.002221
0.001805
0.001147
0.000729
0.000645
0.000444
0.000370
0.000121
0.000106
-0.000471
-0.000702
0.000037
-0.000296
-0.000478
-0.000169
-0.000015
0.000092
-0.000019
0.000174
0.000226
0.000089
-0.000363
-0.000088
0.000167
0.000913
0.000978
0.000515
0.001259
0.001344
0.001080
0.001180
0.001527
0.001254
0.001299
0.001639
0.001198
0.001007
0.001190
0.000609
-0.000035
-0.000677
-0.000797
0.000098
0.000319
0.000096
0.000097
-0.000088
0.000463
0.001273
0.001407
0.001161
0.001226
0.000899
0.000508
0.000120
0.000133
0.000271
0.000107
0.000377
0.000390
-0.000267
-0.000470
-0.000004
0.000901
0.000915
0.000692
0.000837
0.000953
0.000693
0.000789
0.000353
0.000160
0.000206
-0.000016
-0.000155
-0.000174
-0.000308
0.000089
-0.000242
-0.001000
-0.000479
0.000001
-0.000075
0.000432
0.000697
0.000834
0.000815
0.000624
0.000239
-0.000140
0.000322
0.000321
-0.000372
0.000191
0.000427
-0.000047
-0.000125
0.000419
0.000529
0.000256
0.000143
-0.000349
-0.000770
-0.001043
-0.000477
0.000188
-0.000223
0.000108
0.000634
0.001467
0.001239
0.001203
0.001533
0.001139
0.001196
0.001545
0.001145
0.000189
-0.000240
-0.000497
-0.000926
-0.001074
-0.001171
-0.000326
-0.000390
-0.000814
-0.000475
0.000382
0.000338
0.000456
0.001014
0.000968
0.001028
0.001870
0.001524
0.001271
0.001140
0.001367
0.001026
0.000130
-0.000425
-0.000070
-0.000208
-0.000925
-0.000787
-0.000168
-0.000347
-0.000440
0.000152
0.000619
0.000427
0.000747
0.001377
0.001661
0.001566
0.001890
0.001126
0.000673
0.001048
0.000616
-0.000184
-0.000551
-0.000556
0.000395
0.000182
-0.000647
-0.000789
-0.000915
-0.001248
-0.000746
-0.000242
-0.000264
-0.000144
-0.000250
0.000014
0.000663
0.000527
0.000716
0.000720
0.001112
0.001214
0.001183
0.001124
0.000725
0.000996
0.000561
0.000079
-0.000196
-0.000330
-0.000401
-0.001051
0.000075
0.000725
0.000297
0.000548
0.000723
0.000357
0.000643
0.000869
0.000217
0.000014
0.000022
-0.000231
0.000036
0.000200
0.000366
-0.000106
-0.000157
0.000361
0.000293
0.000586
0.001667
0.002060
0.001933
0.001185
0.000628
-0.000076
-0.000600
-0.000206
-0.000425
-0.001271
-0.000749
-0.000304
-0.000364
-0.000759
-0.001164
-0.000724
-0.000563
-0.000062
0.001012
0.000960
0.000634
0.000662
0.000535
0.000063
-0.000090
-0.000328
0.000094
0.000507
0.000327
0.000867
0.000653
0.000345
0.000318
0.000696
0.000915
0.000341
0.000382
0.000555
0.000881
0.000635
0.000444
0.000436
-0.000157
0.000129
0.000751
0.000384
0.000171
0.000368
0.000637
0.001396
0.001652
0.002297
0.002739
0.002177
0.001796
0.000576
0.000011
0.000531
0.000508
0.000162
-0.000472
-0.000510
0.000268
0.000122
-0.000280
-0.000446
-0.000325
0.000395
0.000498
0.000720
0.000821
0.000560
-0.000054
-0.000784
-0.000943
-0.000839
-0.000949
-0.000654
-0.000031
0.000373
0.000756
0.001117
0.000974
0.000683
0.000940
0.000864
-0.000019
-0.000580
-0.000809
-0.001187
-0.001462
-0.000994
-0.000938
-0.001064
-0.000298
-0.000238
-0.000185
0.000139
0.000346
0.000232
0.000015
0.000360
-0.000147
-0.000014
-0.000356
-0.000899
-0.000807
-0.000967
-0.001226
-0.001442
-0.001090
-0.000212
0.000698
0.001270
0.001321
0.002428
0.002546
0.001713
0.001563
0.001319
0.000543
0.000848
0.000600
-0.000415
-0.001158
-0.001404
-0.001271
-0.001139
-0.001328
-0.001002
-0.000813
-0.000675
-0.000357
-0.000427
-0.000246
0.000102
0.000747
0.001612
0.001472
0.001106
0.001281
0.001715
0.001578
0.001131
0.000637
0.000373
0.000799
0.000276
0.000008
0.000369
-0.000181
-0.000557
-0.000877
-0.001084
-0.000865
-0.000857
-0.001145
-0.001071
-0.001072
-0.001720
-0.001530
0.000184
0.000892
0.000743
0.000948
0.001924
0.001994
0.001561
0.002251
0.002228
0.001746
0.001194
0.000074
-0.000672
-0.001790
-0.001747
-0.002026
-0.002796
-0.002346
-0.000891
0.000026
0.000649
0.000966
0.001248
0.001105
0.001106
0.001340
0.000669
-0.000003
-0.000017
-0.000351
-0.000906
-0.001095
-0.001328
-0.000983
-0.000281
-0.000162
0.000093
0.000156
0.000924
0.001424
0.001131
0.001235
0.000916
0.000893
0.000429
-0.000740
-0.000990
-0.000864
-0.001062
-0.000819
-0.001041
-0.000873
-0.001056
-0.000804
0.000608
0.001832
0.001960
0.001680
0.002204
0.001771
0.000571
-0.000073
-0.000225
-0.000607
-0.000753
-0.000415
-0.000383
-0.000162
-0.000123
-0.000121
0.001002
0.002431
0.002136
0.001590
0.001124
0.000396
-0.000343
-0.001117
-0.001592
-0.002007
-0.001821
-0.001852
-0.001738
-0.000874
0.000101
0.000847
0.002068
0.003208
0.003614
0.003736
0.003841
0.003290
0.002145
0.000873
-0.000316
-0.001516
-0.002888
-0.002431
-0.001782
-0.002071
-0.002529
-0.001706
-0.000065
0.000747
0.001060
0.001258
0.001620
0.001742
0.001522
0.000498
-0.000302
-0.000180
-0.000360
-0.001097
-0.000776
-0.000268
-0.000880
-0.000752
-0.000065
0.000711
0.001507
0.001089
0.000803
0.000695
0.001138
0.001072
-0.000041
-0.001073
-0.001885
-0.002435
-0.002553
-0.001868
-0.000989
-0.000821
-0.000218
0.000816
0.001347
0.002000
0.003057
0.003085
0.002744
0.002106
0.000714
-0.000519
-0.000877
-0.001628
-0.001932
-0.001237
-0.001349
-0.001840
-0.001593
-0.000247
0.000971
0.001236
0.001625
0.001894
0.002542
0.002344
0.001753
0.001189
-0.000103
-0.001065
-0.001889
-0.001607
-0.001121
-0.001375
-0.001617
-0.000897
0.000063
0.000672
0.000773
0.000855
0.001117
0.001182
0.001691
0.001789
0.000854
-0.000180
-0.000550
-0.001584
-0.002213
-0.002092
-0.002157
-0.001518
-0.000356
0.000265
0.000319
0.000839
0.001444
0.001722
0.001879
0.001872
0.001617
0.001129
0.000743
0.000048
-0.000777
-0.001189
-0.001480
-0.001159
-0.000578
-0.000276
0.000226
0.000587
0.001681
0.002821
0.002902
0.002566
0.002125
0.001172
0.000431
0.000649
0.000118
-0.000977
-0.001629
-0.002022
-0.002372
-0.002168
-0.000815
0.000393
0.000808
0.001148
0.001723
0.001777
0.001297
0.000988
0.000660
0.000584
0.000232
-0.000486
-0.000428
-0.001018
-0.000658
0.000023
-0.000338
-0.000033
0.000784
0.000990
0.000953
0.001183
0.001398
0.000542
-0.000518
-0.000626
-0.000955
-0.000835
-0.001185
-0.001358
-0.001392
-0.001009
-0.000159
0.000411
0.001141
0.001840
0.002184
0.002230
0.002023
0.001462
0.000809
0.000324
0.000227
-0.000647
-0.001752
-0.002263
-0.001845
-0.001231
-0.000811
-0.000482
0.000067
0.001040
0.001538
0.002064
0.002395
0.002336
0.002044
0.001343
0.001014
0.001128
0.000117
-0.000961
-0.001165
-0.000623
-0.000689
-0.000104
0.000968
0.001340
0.000999
0.000672
0.000921
0.001702
0.001303
0.000701
0.000402
0.000221
0.000196
0.000070
0.000159
0.000346
0.000083
-0.000062
-0.000094
-0.000178
-0.000592
0.000360
0.001329
0.000772
0.000563
0.000571
0.000383
0.000528
0.000209
-0.000231
-0.000166
-0.000135
-0.000757
-0.001007
-0.000619
-0.000494
-0.000336
0.000495
0.000945
0.000851
0.001274
0.001621
0.001325
0.000751
-0.000135
0.000098
0.000169
-0.000700
-0.000506
-0.000635
-0.000973
-0.000901
-0.000318
-0.000356
-0.000910
-0.000657
-0.000224
0.000041
0.000050
0.000319
0.000161
0.000813
0.001447
0.001002
0.000273
0.000518
0.001116
0.000794
0.000119
-0.000348
-0.000162
-0.000316
-0.000731
-0.000389
-0.000266
-0.000158
-0.000183
-0.000162
-0.000508
0.000158
0.000131
-0.000294
-0.000143
0.000170
0.000900
0.001372
0.001681
0.001571
0.001627
0.002145
0.002313
0.001927
0.001596
0.000915
0.000704
0.000166
-0.000578
-0.001564
-0.002785
-0.002416
-0.001239
-0.000718
-0.000507
0.000435
0.000601
0.000968
0.001594
0.001469
0.000553
-0.000156
0.000168
0.000056
-0.000460
-0.000178
0.000347
0.000400
0.000550
0.000557
0.000805
0.001121
0.001117
0.001125
0.000896
0.000876
0.001083
0.000700
-0.000145
-0.000707
-0.001082
-0.001202
-0.001420
-0.001601
-0.001372
-0.000758
0.000026
0.000560
0.000903
0.001355
0.001457
0.001586
0.001785
0.001977
0.001749
0.001222
0.000548
-0.000350
-0.000981
-0.001096
-0.001244
-0.001699
-0.001886
-0.001344
-0.000754
0.000348
0.001899
0.002065
0.001737
0.001282
0.001224
0.001156
0.000431
-0.000668
-0.001008
-0.000924
-0.000673
0.000067
0.000727
0.000595
0.000974
0.001739
0.002179
0.002392
0.002106
0.002053
0.001524
0.000460
-0.000713
-0.000897
-0.000818
-0.001495
-0.001841
-0.001752
-0.001498
-0.001155
-0.000555
-0.000033
0.000497
0.001954
0.002264
0.001128
0.000955
0.000953
0.000861
0.000379
-0.000223
-0.000813
-0.001216
-0.001259
-0.001173
-0.001379
-0.001362
-0.000504
0.000015
0.000160
0.000947
0.002252
0.002645
0.002447
0.002659
0.002598
0.001715
0.000144
-0.000841
-0.001142
-0.001249
-0.001582
-0.002450
-0.002134
-0.001271
0.000086
0.000876
0.000505
0.001457
0.002237
0.002592
0.002372
0.001977
0.002202
0.002299
0.001512
0.000482
-0.000224
-0.000781
-0.000666
-0.000861
-0.000958
-0.000160
0.000202
0.000260
0.000540
0.001004
0.001120
0.000913
0.000180
-0.000568
-0.000608
-0.000793
-0.000814
-0.000862
-0.001107
-0.000670
-0.000142
-0.000022
0.000284
0.001323
0.002091
0.002156
0.001969
0.001530
0.001095
0.001037
0.001224
0.001257
0.000473
-0.000518
-0.001399
-0.001417
-0.001080
-0.000782
-0.000529
-0.000075
0.000437
0.000611
0.000884
0.001285
0.001861
0.000478
-0.000181
-0.000130
-0.000405
-0.000552
-0.000651
-0.000611
-0.000455
-0.000107
0.000599
0.001651
0.002197
0.002815
0.003084
0.003081
0.002480
0.001940
0.001165
0.000601
0.000260
0.000021
-0.000400
-0.000670
-0.000710
-0.001176
-0.000674
-0.000293
-0.000636
-0.000605
0.000136
0.000757
0.000887
0.001520
0.001542
0.001927
0.001616
0.000939
0.000998
0.000986
0.000347
0.000077
0.000176
0.000117
-0.000051
0.000197
0.000306
0.000441
0.000315
-0.000033
0.000327
0.000411
0.000400
0.000463
0.000649
0.000863
0.000724
0.000503
0.000232
0.000034
-0.000403
-0.000732
-0.000823
-0.000551
-0.000394
-0.000745
-0.000512
-0.000354
-0.000230
0.000287
0.000143
0.000481
0.000587
0.000572
0.001016
0.001602
0.001886
0.002065
0.002225
0.001478
0.000298
-0.000846
-0.001361
-0.001849
-0.002325
-0.002047
-0.001960
-0.002070
-0.001848
-0.000836
-0.000132
0.000666
0.001464
0.003073
0.003625
0.004093
0.004551
0.004157
0.003221
0.002419
0.000950
-0.000809
-0.001408
-0.001772
-0.002373
-0.002466
-0.001710
-0.001467
-0.001431
-0.000760
-0.000065
0.000358
0.001139
0.001815
0.001567
0.001977
0.002457
0.002543
0.002478
0.001837
0.001053
0.000247
0.000516
0.000066
-0.000591
-0.000185
0.000350
0.000908
0.001393
0.001250
0.000423
-0.000278
-0.000767
-0.001407
-0.001671
-0.001864
-0.001563
-0.000337
-0.000450
-0.000378
0.000555
0.001019
0.000824
0.001034
0.001172
0.001227
0.001066
0.000812
0.000915
0.000376
-0.000107
-0.000326
-0.001092
-0.001276
-0.001569
-0.001686
-0.000922
-0.000518
-0.000357
-0.000237
0.000359
0.000877
0.001512
0.002455
0.002374
0.002107
0.001791
0.001291
0.000745
0.000392
-0.000007
-0.001211
-0.001430
-0.001167
-0.001112
-0.000435
-0.000109
0.000195
0.000948
0.001469
0.001463
0.001731
0.002145
0.001893
0.001264
0.000891
0.000745
0.000114
-0.000772
-0.000944
-0.000598
-0.000661
-0.000456
-0.000522
-0.000267
0.001233
0.001606
0.001781
0.002010
0.001474
0.000704
0.000186
-0.000535
-0.001021
-0.001193
-0.001116
-0.000778
-0.000654
-0.000467
-0.000582
-0.000576
0.000464
0.001291
0.001518
0.001741
0.002791
0.002974
0.002559
0.002975
0.002334
0.000988
-0.000090
-0.001074
-0.001206
-0.001552
-0.001949
-0.002251
-0.002342
-0.001233
-0.000711
-0.000288
0.001197
0.001824
0.001768
0.002395
0.002841
0.001935
0.001012
0.000481
0.000341
-0.000279
-0.000892
-0.001034
-0.000889
-0.000818
-0.000893
-0.000463
-0.000122
0.000091
0.000947
0.001384
0.001372
0.001201
0.000117
-0.000047
0.000521
0.000745
0.000418
-0.000273
-0.000511
0.000042
0.000909
0.000988
0.000574
0.001036
0.001073
0.001062
0.000657
0.000510
0.000844
0.000539
-0.000235
-0.000508
-0.000700
-0.001165
-0.001558
-0.001320
-0.000749
-0.000330
-0.000547
-0.000511
0.000686
0.001750
0.001937
0.002454
0.002653
0.001971
0.001539
0.001149
0.000662
0.000414
-0.000443
-0.000752
-0.000453
-0.000617
-0.000400
0.000042
0.000153
0.000598
0.000987
0.000314
0.000297
0.001072
0.001540
0.000406
-0.000167
0.000189
0.000095
-0.000340
-0.000248
0.000093
-0.000219
-0.000752
-0.000423
-0.000562
-0.000813
-0.000490
-0.000240
0.000218
0.000559
0.000642
0.000927
0.000879
0.000658
0.000855
0.000392
0.000008
0.000044
0.000727
0.000728
0.000474
0.000673
0.000820
0.000717
0.000630
0.001342
0.000972
0.000040
0.000353
0.000980
0.000496
-0.000621
-0.000605
-0.000732
-0.000252
0.000144
0.000613
0.000421
0.000572
0.001019
0.000847
0.000643
0.000567
0.001250
0.000701
0.000051
0.000126
0.000215
-0.000269
-0.000700
-0.000335
-0.000178
-0.000289
0.000157
0.000679
0.000218
0.000439
0.000772
-0.000182
-0.001162
-0.000883
-0.000504
-0.000357
-0.000082
-0.000075
0.000587
0.001575
0.001503
0.001784
0.001926
0.001480
0.001120
0.001443
0.001278
0.000229
-0.000831
-0.000826
-0.000841
-0.001055
-0.001000
-0.000806
-0.000456
-0.000222
0.000162
0.000747
0.001264
0.001638
0.001601
0.001301
0.000720
0.000312
-0.000046
0.000178
0.000123
-0.000139
-0.000392
-0.000052
0.000707
0.000838
0.001276
0.001017
0.001093
0.000934
0.000111
0.000267
0.000356
0.000220
-0.001051
-0.000918
-0.001093
-0.001410
-0.000512
-0.000288
-0.000162
0.000036
0.000268
0.000184
0.000351
0.001084
0.001042
0.000329
0.000212
0.000297
0.000377
0.000481
0.000104
0.000213
-0.000132
-0.000284
0.000747
0.000888
0.000375
-0.000262
-0.000329
0.000391
0.000206
-0.000627
-0.000295
0.000329
0.000118
0.000673
0.001178
0.000765
0.001050
0.001204
0.000961
0.001040
0.001389
0.001325
0.001001
0.001070
0.001041
0.000579
0.000499
0.000774
0.000384
0.000057
0.000150
0.000048
-0.000096
-0.000644
-0.000546
-0.000553
-0.000676
-0.000692
-0.000752
-0.000441
-0.000468
0.000020
0.000763
0.000914
0.001320
0.001445
0.000969
0.000989
0.000083
-0.000469
-0.000401
-0.000753
-0.000308
-0.000048
-0.000538
-0.000643
-0.000094
-0.000264
-0.000493
0.000030
0.000341
0.000932
0.001768
0.002296
0.002205
0.001646
0.001275
0.000564
0.000046
-0.000495
-0.000877
-0.000791
-0.001074
-0.000889
-0.000445
-0.000314
0.000798
0.001895
0.002061
0.001982
0.001672
0.001051
0.001015
0.000702
0.000613
0.000510
0.000050
-0.000354
-0.000165
-0.000166
-0.000735
-0.001147
-0.000711
-0.000457
0.000105
0.000547
0.000778
0.000559
0.000032
0.000523
0.000760
0.000716
0.000368
-0.000303
0.000059
0.001058
0.001223
0.000690
0.001010
0.001268
0.001108
0.000837
0.000416
0.000011
-0.000359
-0.000620
-0.000679
-0.001006
-0.000749
-0.000563
-0.000170
0.000475
0.001036
0.001026
0.000392
0.000571
0.000987
0.001046
0.001774
0.001685
0.001485
0.001050
0.000683
0.000407
-0.000329
-0.000328
0.000013
0.000541
0.000291
0.000293
0.000069
0.000344
0.000671
0.000671
0.000491
0.000328
0.000460
0.000215
-0.000226
-0.000899
-0.000982
-0.000741
-0.000390
-0.000192
-0.000086
0.000177
0.000249
0.000102
0.000269
0.000402
0.000342
0.000421
0.000523
0.000586
0.000522
0.001272
0.001110
0.000420
0.000317
0.000805
0.000942
0.000346
0.000304
0.000380
0.000044
-0.000433
-0.000983
-0.001435
-0.001142
-0.000691
-0.000810
-0.000462
0.000271
0.000593
0.000489
0.000569
0.000498
