# STATIONID: 212
# STARTTIME: 1123789736.210000
# SAMPLERATE: 100
# NUMSAMPLES: 8268
0.000403
0.000826
0.000739
0.001017
0.001316
0.001462
0.000792
0.000345
0.000791
0.000946
0.000243
-0.000238
-0.000160
-0.000582
-0.000769
-0.000512
-0.000280
-0.000021
0.000238
0.000457
0.000655
0.000548
0.000304
0.000357
0.000349
0.000044
-0.000201
-0.000892
-0.001054
-0.000594
-0.000452
-0.000397
-0.000290
-0.000254
-0.000209
0.000186
0.000335
0.000125
0.000054
0.000583
0.000981
0.000775
0.000585
0.000678
0.000747
0.000403
-0.000262
-0.000447
-0.000056
0.000368
-0.000103
-0.000671
-0.000828
-0.000583
-0.000277
0.000202
0.000313
0.000746
0.001126
0.001408
0.001332
0.000797
0.000488
0.000305
0.000216
0.000535
0.000468
0.000094
0.000318
0.001345
0.001093
0.000451
0.000340
0.000318
0.000070
-0.000228
-0.000670
-0.000644
0.000053
0.000553
0.000754
0.001020
0.000866
0.001041
0.001081
0.001296
0.001115
0.001172
0.000727
-0.000039
-0.000314
-0.000691
-0.001046
-0.001166
-0.001028
-0.000915
-0.000989
-0.000402
-0.000295
-0.000173
0.000338
0.000264
0.000277
0.000368
0.000639
0.000539
0.000176
0.000260
0.000487
0.001014
0.000850
0.000589
0.001044
0.000854
0.000001
-0.000084
0.000062
-0.000103
-0.000066
-0.000328
-0.000695
-0.000440
-0.000311
-0.000266
0.000442
0.001537
0.001510
0.001474
0.001618
0.001435
0.001140
0.000903
0.000489
0.000143
-0.000187
-0.000492
-0.000323
-0.000664
-0.000917
-0.000335
-0.000345
-0.000416
-0.000045
0.000298
0.000497
0.000285
0.000451
0.000562
0.000266
0.000325
0.000390
0.000556
0.000806
0.000803
0.000692
0.001017
0.000866
0.000690
0.000354
-0.000145
-0.000335
-0.000663
-0.000737
-0.000533
-0.000298
-0.000540
-0.000316
-0.000105
-0.000139
0.000094
0.000456
0.000745
0.000461
0.000511
0.000653
0.000566
0.000630
0.000612
0.000463
0.000153
0.000164
0.000097
-0.000016
0.000069
-0.000021
-0.000032
0.000427
0.000347
0.000316
0.000392
0.000314
0.000638
0.000676
0.000650
0.000753
0.001088
0.001086
0.000944
0.000890
0.000734
0.000520
0.000274
-0.000155
-0.000715
-0.000940
-0.000926
-0.000410
-0.000103
-0.000368
-0.000377
-0.000210
-0.000135
0.000262
0.000543
0.000888
0.000784
0.000080
-0.000338
-0.000321
-0.000298
-0.000238
-0.000012
0.000082
0.000561
0.000885
0.000797
0.000685
0.000932
0.000865
0.000677
0.000782
0.000503
0.000466
0.000463
0.000257
-0.000147
-0.001065
-0.001300
-0.000971
-0.000993
-0.000640
-0.000118
-0.000235
0.000241
0.001010
0.001297
0.001179
0.001332
0.000899
0.000648
0.000904
0.000355
-0.000368
-0.000324
0.000004
0.000214
0.000087
-0.000170
0.000100
0.000014
-0.000078
0.000664
0.001177
0.001144
0.001313
0.001461
0.001401
0.001040
0.000482
-0.000457
-0.000915
-0.000864
-0.000569
-0.000327
-0.000139
0.000099
0.000186
0.000233
0.000425
0.000696
0.000494
0.000263
0.000380
0.000332
0.000582
0.000129
-0.000201
-0.000030
-0.000145
-0.000277
-0.000557
-0.000680
-0.000703
-0.000479
-0.000172
-0.000174
0.000321
0.000845
0.000582
0.000706
0.000886
0.000677
0.000631
0.000411
0.000530
0.000420
-0.000227
-0.000457
-0.000056
0.000335
0.000690
0.000734
0.000958
0.000563
0.000864
0.000755
0.000736
0.000964
0.000876
0.000685
0.000496
0.000625
0.000641
0.000449
0.000123
0.000227
0.000547
0.000524
0.000371
0.000273
-0.000066
-0.000527
-0.000785
-0.000784
-0.000647
-0.000563
-0.000310
-0.000264
-0.000301
0.000089
0.000337
0.000076
0.000114
0.000224
0.000698
0.001225
0.001298
0.000737
0.000400
0.000556
0.000771
0.000406
0.000202
0.000409
0.000498
0.000470
0.000476
0.000558
0.000496
0.000701
0.000985
0.000887
0.000863
0.000630
0.000552
0.000450
0.000675
0.000712
0.000718
0.000636
0.000563
0.000315
0.000402
0.000399
0.000117
0.000151
0.000625
0.000693
0.000295
0.000528
0.000692
0.000495
0.000542
0.000520
0.000268
0.000208
0.000559
0.000555
0.000397
0.000536
0.000985
0.001368
0.001410
0.001520
0.001626
0.001318
0.000942
0.000346
0.000348
0.000629
0.000192
-0.000097
-0.000196
-0.000244
0.000061
-0.000099
0.000029
0.000183
0.000139
0.000133
0.000535
0.000897
0.000971
0.001112
0.001197
0.000968
0.000504
0.000503
0.000647
0.000498
0.000368
0.000346
-0.000092
-0.000310
0.000230
0.000271
-0.000334
-0.000655
-0.000526
-0.000481
-0.000199
0.000089
0.000035
0.000274
0.000870
0.000840
0.000936
0.001507
0.001656
0.001175
0.000942
0.000943
0.001210
0.000880
0.000070
-0.000166
-0.000198
-0.000398
-0.000591
-0.000462
-0.000251
0.000194
0.000499
0.000594
0.000762
0.000938
0.001275
0.001347
0.001091
0.000865
0.000693
0.000258
0.000263
0.000521
0.000242
-0.000198
-0.000232
-0.000202
-0.000169
0.000061
-0.000000
-0.000502
-0.000646
-0.000449
-0.000254
-0.000569
-0.000796
-0.000723
-0.001004
-0.000943
-0.000528
-0.000484
-0.000386
0.000078
0.000624
0.001239
0.001025
0.000796
0.001070
0.000858
0.000335
0.000134
0.000165
-0.000004
-0.000080
0.000024
-0.000280
-0.000529
-0.000242
0.000135
0.000400
0.000547
0.000149
-0.000184
0.000218
0.000622
0.001074
0.001148
0.001046
0.001361
0.001528
0.001246
0.000734
0.000768
0.000863
0.000257
-0.000337
-0.000207
-0.000018
-0.000012
0.000027
-0.000175
-0.000346
-0.000049
-0.000106
-0.000134
-0.000092
-0.000095
-0.000090
-0.000195
-0.000045
0.000313
0.000087
-0.000334
-0.000432
-0.000354
-0.000043
-0.000258
-0.000003
0.000640
0.000757
0.000782
0.000574
0.000555
0.000413
0.000601
0.000869
0.000891
0.000796
0.000411
0.000370
0.000614
0.000902
0.000878
0.000751
0.000899
0.000460
0.000115
0.000204
0.000314
0.000509
0.000404
0.000504
0.000456
0.000511
0.000635
0.000434
0.000316
0.000073
-0.000057
-0.000716
-0.000894
-0.000432
-0.000178
-0.000155
-0.000124
-0.000301
0.000248
0.000428
0.000069
-0.000006
-0.000183
-0.000494
-0.000534
-0.000279
-0.000200
-0.000293
-0.000449
-0.000214
-0.000075
-0.000130
0.000256
0.000684
0.000778
0.000317
0.000424
0.000710
0.000773
0.000851
0.000804
0.000603
0.000066
-0.000216
-0.000075
-0.000289
-0.000148
-0.000163
0.000095
0.000472
0.000585
0.000482
0.000028
0.000204
0.000288
0.000291
-0.000053
0.000186
0.000178
0.000098
-0.000252
-0.000377
-0.000519
-0.000538
-0.000055
0.000267
0.000400
0.000061
-0.000231
0.000105
0.000049
0.000159
0.000482
0.000518
0.000023
0.000081
0.000032
-0.000176
-0.000136
0.000008
0.000501
0.000635
0.000368
0.000167
0.000315
-0.000034
-0.000451
-0.000312
-0.000275
-0.000317
-0.000443
-0.000377
-0.000396
-0.000499
-0.000212
-0.000159
0.000056
0.000030
0.000138
0.000471
0.000446
0.000701
0.000328
-0.000439
-0.000472
-0.000534
-0.000487
-0.000556
-0.000256
0.000054
-0.000136
0.000055
0.000350
0.000508
0.000595
0.000124
0.000073
0.000532
0.001104
0.000777
0.000674
0.000625
0.000478
0.000849
0.001102
0.000849
0.000661
0.000559
0.000405
0.000001
-0.000488
-0.000479
-0.000283
-0.000200
-0.000081
-0.000140
-0.000179
-0.000325
-0.000353
0.000131
0.000413
0.000543
0.000720
0.000811
0.001019
0.001194
0.001183
0.001129
0.001122
0.000810
0.000247
-0.000213
-0.000470
-0.000695
-0.000713
-0.000609
-0.001078
-0.001575
-0.001039
-0.000595
-0.000038
0.000631
0.000867
0.001395
0.001565
0.001553
0.001544
0.001688
0.001939
0.001949
0.001504
0.001029
0.001275
0.001256
0.001001
0.000475
0.000328
0.000332
0.000042
-0.000004
-0.000259
-0.000685
-0.000610
-0.000573
-0.000447
-0.000130
-0.000222
-0.000074
0.000619
0.000707
0.000465
0.000399
0.000496
0.000865
0.000667
0.000289
-0.000145
-0.000463
-0.000262
0.000144
0.000272
0.000511
0.000719
0.000398
0.000364
0.000230
0.000104
0.000230
0.000119
0.000238
0.000768
0.000776
0.000133
0.000323
0.000669
0.000424
0.000629
0.000789
0.000813
0.000851
0.000689
0.000162
-0.000104
-0.000221
-0.000212
-0.000178
-0.000726
-0.000885
-0.000845
-0.000499
-0.000460
-0.000384
-0.000006
0.000281
0.000430
0.000358
0.000722
0.000624
0.000490
0.000566
0.000112
0.000043
0.000010
-0.000149
-0.000098
0.000007
-0.000048
-0.000470
-0.000401
-0.000174
-0.000744
-0.000868
-0.000184
0.000383
0.000534
0.000543
0.000731
0.000806
0.000943
0.001015
0.001173
0.000841
0.000366
0.000572
0.000431
-0.000190
-0.000260
0.000031
0.000176
0.000302
0.000546
0.000947
0.001078
0.001512
0.001549
0.001439
0.001497
0.000827
0.000632
0.000689
0.000546
0.000199
0.000020
-0.000277
-0.000550
-0.000918
-0.000948
-0.000650
-0.000588
-0.000421
-0.000126
0.000228
0.000366
0.000786
0.000954
0.000804
0.000672
0.000565
0.000320
0.000513
0.000486
0.000061
0.000031
0.000311
0.000024
0.000114
0.000297
0.000432
0.000326
0.000806
0.000679
0.000460
0.001000
0.001052
0.000760
0.000314
-0.000066
-0.000244
0.000413
0.000608
0.000182
0.000336
0.000441
0.000185
0.000078
0.000152
0.000625
0.000525
0.000009
-0.000091
-0.000022
-0.000060
0.000182
0.000300
-0.000144
-0.000020
0.000384
0.000683
0.000577
0.000465
0.000121
-0.000151
-0.000266
-0.000434
-0.000384
-0.000628
-0.000925
-0.000524
-0.000073
0.000014
0.000471
0.000986
0.001031
0.000855
0.000769
0.000755
0.000537
0.000728
0.000361
0.000578
0.000301
-0.000089
-0.000327
-0.000539
-0.000092
0.000365
0.000478
0.000487
0.000578
0.000958
0.001083
0.001023
0.000912
0.000513
0.000116
0.000076
0.000243
0.000193
0.000246
0.000354
0.000620
0.000725
0.000540
0.000853
0.000900
0.000789
0.000691
0.000823
0.000455
0.000182
-0.000305
-0.000827
-0.000795
-0.000187
-0.000256
-0.000215
0.000079
0.000239
0.000699
0.000827
0.000438
0.000481
0.000809
0.000592
0.000227
0.000636
0.000643
0.000891
0.001370
0.001085
0.000947
0.000904
0.000164
-0.000763
-0.001426
-0.001733
-0.001529
-0.001209
-0.000950
-0.000491
-0.000305
0.000143
0.000641
0.000699
0.000674
0.000637
0.000725
0.000730
0.000829
0.000605
-0.000094
0.000100
0.000453
-0.000021
-0.000448
-0.000179
0.000058
-0.000012
-0.000214
-0.000592
-0.000572
0.000048
0.000141
0.000215
0.000384
0.000375
0.000135
0.000122
-0.000029
-0.000302
-0.000027
0.000318
0.000689
0.000814
0.000843
0.000961
0.001125
0.001282
0.001427
0.001277
0.000828
0.000775
0.000910
0.000777
0.000189
-0.000264
-0.000491
-0.000363
-0.000590
-0.000963
-0.000984
-0.000755
-0.000506
-0.000497
-0.000408
-0.000184
0.000190
0.000778
0.000952
0.001190
0.001157
0.000895
0.000766
0.000633
0.000671
0.000436
0.000585
0.000642
0.000476
0.000393
-0.000017
-0.000192
-0.000071
0.000080
0.000313
0.000708
0.000798
0.000587
0.000633
0.000724
0.000763
0.000562
0.000306
0.000330
0.000159
0.000408
0.000456
0.000249
0.000401
0.000141
0.000250
0.000595
0.000262
0.000362
0.000624
0.000346
0.000253
0.000035
0.000046
0.000346
-0.000106
-0.000496
-0.000559
-0.000545
-0.000259
0.000005
0.000087
0.000224
0.000410
0.000697
0.001073
0.001033
0.000876
0.000514
0.000283
0.000193
0.000052
-0.000069
-0.000176
-0.000057
0.000305
0.000165
-0.000003
0.000389
0.000706
0.000786
0.000630
0.000555
0.000455
0.000230
0.000177
-0.000225
-0.000753
-0.000442
0.000096
-0.000296
-0.000708
-0.000438
0.000011
0.000116
-0.000026
-0.000072
0.000253
0.000312
0.000017
0.000011
0.000455
0.000517
0.000668
0.000776
0.000831
0.000858
0.000467
0.000591
0.000616
0.000428
0.000453
0.000088
-0.000141
-0.000171
-0.000080
0.000012
-0.000342
-0.000320
0.000105
-0.000227
-0.000189
0.000011
-0.000080
-0.000090
0.000079
0.000441
0.000815
0.000722
0.001132
0.001129
0.000757
0.000781
0.000674
0.000742
0.000754
0.000560
-0.000093
0.000155
0.000385
0.000498
0.000486
0.000306
0.000437
0.000450
0.000111
-0.000145
-0.000449
-0.000618
-0.000558
-0.000316
-0.000325
-0.000392
-0.000125
0.000401
0.000647
0.001299
0.001778
0.001447
0.001134
0.000918
0.001169
0.000847
0.000125
-0.000275
-0.000442
-0.000406
-0.000680
-0.000735
-0.000534
-0.000451
-0.000033
0.000516
0.000842
0.000467
0.000374
0.000635
0.000626
0.000719
0.000725
0.000583
0.000468
0.000577
-0.000060
-0.000204
-0.000190
-0.000377
-0.000407
-0.000648
-0.000635
-0.000307
0.000048
0.000212
0.000520
0.001031
0.000852
0.000491
0.000357
0.000130
-0.000017
-0.000140
-0.000354
-0.000571
-0.000802
-0.000745
0.000072
0.000838
0.001048
0.000957
0.000721
0.000864
0.000927
0.000988
0.000995
0.000442
-0.000239
-0.000488
-0.000194
-0.000347
-0.000794
-0.000750
-0.000761
-0.000631
-0.000314
0.000238
0.000256
0.000467
0.000481
0.000517
0.000779
0.000789
0.000782
0.000820
0.000502
0.000509
0.000423
-0.000125
-0.000494
-0.000414
-0.000887
-0.000984
-0.000659
-0.000929
-0.000505
0.000194
0.000593
0.000843
0.000735
0.000872
0.001126
0.001416
0.001411
0.001150
0.000953
0.001049
0.001139
0.000808
0.000664
0.000771
0.000519
0.000100
0.000112
0.000057
0.000419
0.000899
0.000467
0.000371
0.000697
0.000411
-0.000194
0.000116
0.000740
0.000534
0.000190
-0.000209
-0.000192
-0.000206
-0.000770
-0.000342
0.000135
-0.000038
-0.000469
-0.000936
-0.000697
-0.000314
-0.000221
0.000063
0.000289
0.000187
0.000281
0.000401
0.000214
-0.000304
-0.000416
-0.000514
-0.000639
-0.000261
0.000137
0.000452
0.000321
0.000015
0.000079
0.000100
0.000140
0.000350
0.000936
0.001065
0.001089
0.001292
0.001364
0.000733
0.000397
0.000310
0.000200
0.000491
0.000135
-0.000038
-0.000419
-0.000590
-0.000244
-0.000219
-0.000278
-0.000281
-0.000019
-0.000013
0.000300
0.000158
-0.000318
-0.000017
-0.000058
-0.000388
-0.000602
-0.000838
-0.000772
-0.000410
0.000063
0.000090
-0.000263
-0.000443
-0.000336
-0.000027
0.000048
0.000018
0.000103
0.000208
0.000049
0.000017
0.000024
0.000075
0.000600
0.001122
0.000897
0.000401
0.000610
0.000486
0.000245
0.000162
0.000182
0.000928
0.001269
0.001266
0.000723
0.000401
0.000471
0.000703
0.000478
-0.000007
-0.000323
-0.000015
0.000382
0.000315
0.000117
-0.000267
-0.000211
-0.000267
-0.000292
0.000084
0.000228
0.000478
0.000459
0.000516
0.000265
-0.000306
-0.000539
-0.000632
-0.000827
-0.001248
-0.001253
-0.001122
-0.001043
-0.000572
-0.000552
-0.000499
-0.000064
0.000057
-0.000133
0.000255
0.000754
0.001072
0.001087
0.000902
0.000904
0.001130
0.000785
0.000174
-0.000203
-0.000806
-0.001376
-0.001518
-0.001547
-0.000938
-0.000228
-0.000162
-0.000282
0.000351
0.001095
0.001669
0.001800
0.001640
0.001763
0.001569
0.001194
0.000662
0.000281
0.000598
0.000349
-0.000549
-0.001183
-0.000484
-0.000082
-0.000313
-0.000390
0.000010
0.000353
0.000661
0.000954
0.001246
0.000860
0.000548
0.000701
0.000366
0.000345
0.000191
-0.000192
-0.000239
0.000070
0.000141
0.000417
0.000495
0.000868
0.000660
0.000328
0.000066
-0.000359
-0.000365
-0.000363
-0.000168
0.000255
0.000280
-0.000095
-0.000620
-0.000787
-0.000435
-0.000064
-0.000202
-0.000258
-0.000059
0.000346
0.000546
0.000657
0.000660
0.000316
0.000468
0.000456
0.000291
0.000548
0.000100
-0.000474
-0.000489
-0.000097
0.000153
0.000108
0.000334
0.000394
0.000147
-0.000407
-0.000478
-0.000401
-0.000815
-0.000923
-0.000784
-0.000303
0.000014
0.000167
0.000375
0.000466
0.000588
0.000707
0.000883
0.000904
0.000865
0.000638
0.000285
0.000001
-0.000229
-0.000339
-0.000399
-0.000734
-0.000837
-0.001111
-0.001136
-0.000816
-0.000442
-0.000338
-0.000568
-0.000244
0.000516
0.001096
0.001173
0.001198
0.001378
0.001259
0.000781
0.000700
0.000403
0.000320
0.000382
0.000157
-0.000333
-0.000164
0.000359
0.000407
0.000207
0.000139
0.000311
0.000749
0.000657
-0.000006
-0.000375
-0.000805
-0.000959
-0.000776
-0.000690
-0.000361
-0.000146
-0.000147
0.000189
0.000190
-0.000093
0.000063
0.000439
0.000811
0.000892
0.000699
0.000361
0.000476
0.000788
0.000556
0.000213
-0.000433
-0.000614
-0.000076
-0.000024
-0.000105
-0.000243
-0.000280
-0.000144
0.000092
0.000093
-0.000057
0.000116
0.000580
0.001036
0.001155
0.001559
0.001244
0.000775
0.000513
0.000512
0.000595
0.000493
0.000400
-0.000433
-0.000773
-0.000690
-0.000630
-0.000677
-0.000539
-0.000208
-0.000352
-0.000206
-0.000132
-0.000222
0.000197
0.000277
0.000629
0.000550
0.000205
0.000394
0.000450
0.000308
0.000337
0.000573
0.000504
0.000214
-0.000077
-0.000195
-0.000598
-0.000893
-0.000292
0.000057
0.000257
0.000909
0.001256
0.001175
0.001313
0.001401
0.000974
0.000676
0.000184
-0.000026
-0.000018
0.000166
0.000123
-0.000373
-0.000586
-0.000303
-0.000079
-0.000099
-0.000045
0.000235
0.000432
0.000597
0.001107
0.001244
0.001135
0.000723
0.000425
0.000201
-0.000075
-0.000256
-0.000329
-0.000610
-0.000807
-0.000967
-0.001158
-0.001012
-0.000814
-0.000766
-0.000362
0.000141
0.000438
0.000813
0.001395
0.001630
0.001426
0.000945
0.000920
0.000800
0.000577
0.000302
-0.000086
-0.000007
-0.000166
-0.001043
-0.001188
-0.000759
-0.000443
-0.000407
0.000061
0.000296
0.000587
0.001364
0.001460
0.001447
0.001388
0.001230
0.001288
0.001197
0.001064
0.001028
0.001006
0.000735
0.000516
0.000221
0.000088
0.000323
0.000241
-0.000420
-0.000491
-0.000046
-0.000221
-0.000554
-0.000456
-0.000512
-0.000401
-0.000119
0.000095
-0.000038
-0.000214
0.000161
0.000713
0.001131
0.001422
0.001110
0.000926
0.000509
0.000121
0.000297
0.000319
0.000213
-0.000003
-0.000027
-0.000224
-0.000212
-0.000118
-0.000248
-0.000751
-0.000412
0.000011
0.000051
0.000455
0.000415
0.000759
0.000946
0.000930
0.000793
0.000544
0.001073
0.001134
0.000643
0.000411
0.000127
0.000073
0.000159
0.000099
-0.000150
-0.000227
-0.000218
-0.000052
0.000202
0.000563
0.000768
0.000834
0.000562
0.000247
0.000274
0.000426
0.000705
0.000893
0.001004
0.001008
0.000942
0.000638
0.000210
0.000123
0.000338
0.000121
-0.000096
-0.000332
-0.000507
-0.000240
-0.000341
0.000025
0.000932
0.001177
0.000647
0.000435
0.000647
0.000476
0.000103
0.000002
0.000419
0.000254
-0.000088
0.000041
0.000203
0.000089
0.000489
0.000643
0.000670
0.000785
0.000804
0.001205
0.000770
0.000405
0.000379
0.000581
0.000620
0.000502
0.000293
0.000683
0.001312
0.000921
0.001192
0.001782
0.001639
0.001324
0.001392
0.001242
0.000762
0.000263
-0.000193
-0.000610
-0.000537
0.000004
0.000043
0.001012
0.001133
0.000869
0.001264
0.001628
0.001447
0.001131
0.001334
0.001580
0.001512
0.001267
0.000869
0.000382
-0.000063
-0.000458
-0.001143
-0.001611
-0.001523
-0.000894
0.000156
0.000314
0.000501
0.000907
0.000920
0.000781
0.000903
0.000669
0.000259
-0.000168
-0.000536
-0.000521
-0.000657
-0.001143
-0.001206
-0.001127
-0.001098
-0.000590
-0.000137
-0.000174
-0.000115
0.000223
0.000380
0.000510
0.001120
0.001696
0.001832
0.001792
0.001377
0.001667
0.001496
0.001150
0.001186
0.000627
0.000334
-0.000041
-0.000367
-0.000502
-0.000443
-0.000342
-0.000623
-0.000614
-0.000402
-0.000445
-0.000250
0.000402
0.000978
0.001102
0.001231
0.001544
0.001462
0.000921
0.000663
0.000376
0.000007
-0.000024
-0.000018
0.000141
0.000438
0.000329
0.000007
-0.000048
-0.000302
-0.000380
-0.000369
-0.000462
-0.000747
-0.000689
-0.000465
-0.000069
0.000272
0.000049
0.000284
0.000730
0.000697
0.000356
0.000462
0.000793
0.000956
0.000618
0.000221
-0.000041
-0.000116
0.000168
-0.000213
-0.000231
-0.000161
-0.000456
-0.000418
-0.000164
-0.000025
0.000180
0.000307
0.000076
0.000177
0.000733
0.001058
0.001218
0.001267
0.001148
0.001231
0.001235
0.001211
0.001098
0.000845
0.000340
0.000015
0.000181
0.000243
0.000187
0.000033
-0.000247
-0.000234
0.000164
0.000238
-0.000072
0.000067
0.000261
0.000232
0.000418
0.000394
0.000365
0.000080
0.000030
-0.000217
-0.000441
-0.000100
-0.000053
-0.000362
-0.000457
-0.000022
0.000051
0.000354
0.000628
0.000129
-0.000008
0.000043
0.000404
0.000708
0.000095
-0.000101
-0.000009
-0.000111
-0.000124
0.000092
0.000027
0.000072
0.000444
0.000502
0.000551
0.000752
0.000530
0.000388
0.000519
0.000406
0.000367
0.000421
0.000326
0.000542
0.000307
-0.000135
-0.000086
-0.000010
-0.000171
-0.000354
-0.000608
-0.000608
-0.000348
-0.000203
0.000267
0.000484
0.000280
0.000439
0.000516
0.000542
0.000628
0.000495
0.000373
0.000047
-0.000516
-0.000836
-0.000906
-0.000736
-0.000719
-0.000792
-0.000698
-0.000689
-0.000565
-0.000044
-0.000138
-0.000232
-0.000341
-0.000185
0.000007
0.000351
0.000815
0.000926
0.001027
0.000650
0.000552
0.000837
0.000762
0.000419
0.000616
0.000125
-0.000337
-0.000311
-0.000134
0.000119
0.000487
0.000435
0.000465
0.000409
0.000294
0.000281
0.000816
0.001122
0.000763
0.000693
0.000680
0.000633
0.000911
0.001403
0.001079
0.000507
0.000550
0.000597
0.000181
-0.000075
-0.000359
-0.000915
-0.001168
-0.000605
-0.000078
0.000056
0.000109
0.000130
0.000152
0.000012
-0.000392
-0.000187
0.000028
0.000270
0.000472
0.000577
0.000675
0.000930
0.001044
0.000690
0.000306
0.000437
0.000444
0.000351
0.000654
0.000305
-0.000095
-0.000374
-0.000547
-0.000117
-0.000084
-0.000115
0.000086
0.000274
0.000036
0.000148
0.000593
0.000379
0.000212
0.000380
0.000779
0.001235
0.001067
0.000882
0.000611
0.000267
0.000027
-0.000205
-0.000357
-0.000148
-0.000511
-0.001009
-0.000523
-0.000198
0.000058
0.000572
0.000519
0.000322
0.000394
0.000645
0.000538
0.000509
0.000886
0.000692
0.000572
0.001040
0.001053
0.000717
0.000248
0.000188
0.000142
-0.000247
-0.000468
-0.000304
-0.000210
-0.000332
-0.000208
0.000305
0.000276
0.000292
0.000631
0.000790
0.001102
0.000885
0.000499
0.000555
0.000490
0.000649
0.000522
0.000457
0.000195
-0.000007
0.000354
0.000587
0.000441
-0.000028
0.000103
0.000119
0.000348
0.000504
0.000651
0.000745
0.000942
0.001105
0.000709
0.000840
0.001010
0.000817
0.000686
0.000878
0.000974
0.000628
0.000518
0.000776
0.000423
0.000254
0.000113
-0.000049
-0.000042
0.000102
0.000039
-0.000185
0.000145
0.000700
0.000800
0.000633
0.000719
0.000762
0.000817
0.000712
0.000420
-0.000058
-0.000242
-0.000315
-0.000184
-0.000127
-0.000647
-0.000358
0.000126
-0.000073
-0.000373
-0.000435
-0.000496
-0.000299
0.000279
0.000467
0.000721
0.001056
0.001418
0.001523
0.001116
0.000611
0.000221
-0.000173
-0.000619
-0.000768
-0.000601
-0.000707
-0.000881
-0.000902
-0.000639
-0.000402
-0.000226
0.000307
0.000647
0.000680
0.000770
0.000772
0.000715
0.000737
0.000501
0.000484
0.000387
0.000092
-0.000300
-0.000796
-0.000719
-0.000428
-0.000277
-0.000069
0.000077
0.000510
0.001143
0.001490
0.001354
0.001287
0.001293
0.001026
0.000712
0.000547
0.000558
-0.000072
-0.000135
0.000287
0.000212
0.000180
0.000164
-0.000041
-0.000059
0.000122
0.000539
0.000646
0.000498
0.000554
0.000544
0.000400
0.000529
0.000403
-0.000160
-0.000295
-0.000214
-0.000487
-0.000431
-0.000402
-0.000526
0.000010
0.000422
0.000530
0.000369
0.000257
0.000360
0.000402
0.000542
0.000454
0.000037
-0.000335
-0.000470
-0.000903
-0.000617
-0.000314
-0.000225
0.000218
0.000939
0.001662
0.001892
0.002017
0.001933
0.001639
0.001485
0.001135
0.000698
0.000299
-0.000413
-0.000710
-0.000674
-0.001016
-0.001059
-0.000954
-0.000845
-0.000492
-0.000121
0.000113
0.000609
0.001002
0.001354
0.001348
0.001000
0.000669
0.000456
0.000082
-0.000740
-0.001046
-0.000674
-0.000642
-0.001116
-0.000626
-0.000348
-0.000295
0.000225
0.000364
0.000706
0.000629
0.000149
-0.000029
0.000138
0.000025
0.000133
0.000164
0.000216
0.000482
0.000795
0.000553
0.000149
-0.000017
0.000173
0.000708
0.001248
0.001365
0.001117
0.000968
0.001161
0.001286
0.000821
0.000376
0.000070
-0.000211
-0.000305
-0.000215
-0.000050
0.000405
0.000666
0.001158
0.001439
0.001351
0.001302
0.001063
0.000827
0.000804
0.000475
0.000144
0.000214
0.000127
0.000072
-0.000422
-0.000840
-0.000517
-0.000655
-0.001348
-0.001282
-0.000700
-0.000044
0.000074
0.000156
0.000387
0.000402
0.000530
0.000446
0.000957
0.000735
0.000064
0.000257
0.000105
0.000156
0.000050
-0.000097
-0.000130
-0.000187
-0.000295
0.000147
0.000272
-0.000059
-0.000176
-0.000008
0.000264
0.000072
-0.000351
-0.000386
0.000142
0.000739
0.000987
0.001043
0.001114
0.001062
0.000696
0.000355
0.000569
0.000520
0.000072
0.000077
-0.000489
-0.001172
-0.000828
-0.000199
-0.000042
-0.000063
-0.000012
0.000237
0.000091
-0.000128
-0.000098
0.000138
0.000253
0.000365
0.000251
-0.000059
-0.000071
-0.000117
-0.000084
0.000125
0.000473
0.001029
0.001133
0.001177
0.000888
0.000132
-0.000115
-0.000289
-0.000380
-0.000669
-0.000675
-0.000268
-0.000036
0.000058
0.000381
0.000520
0.000538
0.000616
0.000580
0.000659
0.000504
0.000696
0.000717
0.000238
0.000296
0.000269
-0.000008
0.000030
0.000464
0.000540
0.000145
0.000339
0.000249
0.000091
0.000429
0.001144
0.001412
0.001127
0.001305
0.001318
0.001119
0.001184
0.001481
0.001492
0.001041
0.000740
0.000639
0.000317
-0.000074
-0.000246
-0.000132
-0.000126
-0.000325
-0.001175
-0.001382
-0.001030
-0.000725
-0.000293
-0.000070
0.000710
0.001185
0.000768
0.000475
0.000616
0.000448
0.000397
0.000997
0.000765
0.000574
0.000482
0.000273
0.000228
-0.000275
-0.000671
-0.000758
-0.000907
-0.000851
-0.000302
-0.000035
-0.000075
-0.000025
0.000247
0.000350
0.000374
0.000371
0.000500
0.000420
0.000528
0.000490
0.000737
0.000941
0.000727
0.000645
0.001162
0.001226
0.001170
0.001333
0.001016
0.001209
0.001025
0.000774
0.000288
0.000109
0.000213
-0.000235
-0.000304
-0.000172
-0.000049
0.000037
-0.000001
0.000464
0.000899
0.000952
0.000960
0.000980
0.001054
0.000838
0.000426
-0.000032
-0.000232
0.000315
0.000199
-0.000626
-0.000614
-0.000579
-0.000771
-0.000882
-0.000606
0.000047
0.000247
-0.000028
0.000071
0.000229
0.000812
0.001145
0.000950
0.000779
0.000969
0.000751
0.000508
0.000234
0.000105
0.000090
-0.000071
-0.000143
0.000058
0.000646
0.000492
0.000723
0.000547
0.000517
0.000526
0.000478
0.000619
0.000784
0.000771
0.000383
0.000491
0.000334
0.000034
0.000032
-0.000126
-0.000322
-0.000272
0.000103
0.000229
0.000415
0.000591
0.000600
0.000286
0.000385
0.000268
-0.000157
0.000271
0.000535
0.000306
0.000307
0.000378
0.000297
0.000042
0.000098
-0.000113
0.000016
0.000475
0.000721
0.000630
0.000317
-0.000207
-0.000379
-0.000227
-0.000595
-0.000824
-0.000574
-0.000552
-0.000215
0.000337
0.000567
0.000489
0.000577
0.000734
0.000623
0.000387
0.000184
0.000261
0.000381
0.000087
-0.000454
-0.000202
-0.000052
-0.000003
0.000261
0.000793
0.001414
0.000987
0.000536
0.000817
0.000796
0.000309
0.000479
0.000629
0.000121
-0.000781
-0.000936
-0.000654
-0.000251
0.000138
0.000565
0.000697
0.000843
0.000328
0.000140
0.000141
-0.000002
-0.000453
-0.000580
-0.000413
-0.000207
-0.000264
-0.000149
-0.000328
-0.000300
0.000227
0.000613
0.001039
0.000906
0.000529
0.000199
0.000186
-0.000027
-0.000336
-0.000666
-0.000775
-0.000450
0.000020
0.000594
0.000663
0.000165
-0.000322
0.000015
0.000022
0.000096
0.000579
0.000797
0.000813
0.001142
0.001354
0.000958
0.000788
0.000410
-0.000324
-0.000526
-0.000398
-0.000566
-0.000626
-0.000628
-0.000644
-0.000353
-0.000457
-0.000490
0.000188
0.000885
0.000906
0.001102
0.000981
0.000549
0.000261
0.000729
0.000880
0.001070
0.001156
0.000680
0.000647
0.000524
0.000396
-0.000047
-0.000165
-0.000249
-0.000467
0.000285
0.000831
0.000719
0.000753
0.000245
-0.000021
0.000137
0.000255
0.000395
0.000240
0.000111
0.000189
0.000399
0.000597
0.000104
-0.000497
-0.000490
-0.000209
-0.000110
-0.000557
-0.000586
-0.000597
-0.000668
-0.000516
-0.000322
-0.000177
-0.000282
-0.000102
-0.000068
0.000066
0.001176
0.001768
0.001728
0.001721
0.001153
0.000926
0.000918
0.000847
0.000366
0.000063
-0.000171
-0.000196
-0.000306
-0.000803
-0.000900
-0.001290
-0.001273
-0.001313
-0.000921
-0.000071
0.000330
0.001068
0.001981
0.002271
0.002273
0.001862
0.001230
0.000629
-0.000078
-0.000871
-0.001110
-0.000695
-0.000588
-0.000585
-0.000576
-0.000368
-0.000333
-0.000229
-0.000297
-0.000403
-0.000204
0.000446
0.001123
0.001143
0.000839
0.000757
0.001203
0.001305
0.000889
0.000734
0.000553
0.000384
0.000226
0.000152
0.000440
0.000400
0.000381
0.000502
0.000020
-0.000518
-0.000717
-0.000670
0.000105
0.000375
0.000267
0.000553
0.000831
0.000837
0.001067
0.001127
0.000909
0.000849
0.000867
0.000548
0.000727
0.001155
0.000602
-0.000275
-0.000946
-0.001336
-0.000971
-0.000459
-0.000207
-0.000054
-0.000239
-0.000653
-0.000452
-0.000438
-0.000334
0.000150
0.000453
0.000710
0.000761
0.000748
0.000438
0.000631
0.000234
0.000257
0.000260
0.000331
0.000725
0.001143
0.000584
0.000218
0.000362
0.000528
0.000688
0.000089
0.000087
-0.000142
-0.000212
0.000028
0.000079
0.000353
0.000242
0.000258
-0.000107
-0.000170
-0.000391
-0.000407
-0.000149
0.000051
0.000120
-0.000234
-0.000263
0.000402
0.000640
0.000388
0.000521
0.000588
0.000753
0.000637
-0.000069
0.000002
0.000646
0.001089
0.001116
0.000889
0.000411
0.000164
0.000126
0.000362
0.000145
0.000109
-0.000422
-0.000481
-0.000264
-0.000046
0.000473
0.000417
0.000578
0.001303
0.001596
0.001780
0.002004
0.001990
0.001458
0.001154
0.001252
0.000873
-0.000206
-0.001091
-0.001611
-0.001716
-0.002110
-0.001850
-0.000919
-0.000161
0.000389
0.000675
0.001515
0.002236
0.002004
0.001938
0.002051
0.002177
0.001909
0.001759
0.001720
0.000963
-0.000166
-0.001219
-0.001718
-0.001739
-0.002045
-0.002241
-0.001831
-0.001221
-0.000926
-0.000692
-0.000080
0.000577
0.000574
0.000859
0.000925
0.000587
0.000644
0.001231
0.001348
0.001104
0.000739
0.000619
0.000764
0.000216
-0.000472
-0.000682
-0.000445
-0.000041
0.000063
0.000628
0.000923
0.000501
0.000194
0.000075
-0.000386
-0.000441
-0.000334
-0.000389
-0.000474
-0.000560
-0.000198
0.000516
0.000552
0.000877
0.001312
0.001769
0.001461
0.000696
0.000361
0.000152
-0.000281
-0.000994
-0.000783
0.000033
0.000285
0.000275
0.000253
0.000528
0.000148
-0.000052
0.000465
0.000526
0.000376
0.000265
0.000133
0.000102
-0.000135
-0.000160
0.000185
0.000606
0.000679
0.000735
0.001187
0.000974
0.000407
0.000116
-0.000261
-0.000713
-0.000592
-0.000383
-0.000611
-0.000730
-0.000523
0.000163
0.000363
0.000353
0.000844
0.000838
0.000754
0.000504
0.000484
0.000383
-0.000461
-0.000593
-0.000529
-0.000796
-0.000888
-0.000806
-0.000753
-0.001005
-0.001008
-0.000277
0.000443
0.001001
0.001499
0.001551
0.001164
0.000790
0.000333
0.000222
0.000332
-0.000242
-0.000534
0.000243
0.000362
0.000432
0.000467
0.000267
0.000023
-0.000240
-0.000414
-0.000697
-0.000579
-0.000685
-0.000521
0.000418
0.001053
0.001043
0.000786
0.000816
0.000615
0.000338
0.000249
0.000155
0.000246
0.000481
0.000688
0.000531
0.000109
-0.000261
-0.000644
-0.000713
-0.000450
0.000042
0.000201
0.000324
0.000748
0.000784
0.000678
0.000881
0.001151
0.000990
0.000728
0.000942
0.001204
0.000762
0.001150
0.001206
0.000692
0.000642
-0.000043
-0.000222
-0.000028
-0.000342
-0.000882
-0.000972
-0.000739
-0.000441
-0.000194
0.000266
0.000637
0.000926
0.001696
0.001864
0.001108
0.000631
0.000563
0.000288
0.000212
0.000156
0.000343
0.000311
0.000448
-0.000003
-0.000544
-0.000388
0.000612
0.001891
0.002458
0.002388
0.001598
0.000408
-0.001055
-0.002054
-0.002228
-0.001542
-0.000685
0.000243
0.000703
0.000077
-0.000265
-0.000374
-0.000099
0.000451
0.001048
0.001069
0.000601
-0.000204
-0.000619
-0.000673
-0.000774
-0.000217
0.000496
0.000611
0.000525
0.000476
0.000460
0.000385
0.000584
0.000427
0.000187
0.000303
0.000120
-0.000542
-0.000761
-0.000639
-0.000124
0.000610
0.001095
0.001205
0.000645
0.000303
0.000472
0.000788
0.000961
0.000950
0.001302
0.001195
0.000623
-0.000030
-0.000331
0.000381
0.000939
0.000795
0.000355
0.000073
0.000031
-0.000512
-0.001090
-0.000604
0.000142
0.001104
0.001939
0.001748
0.001326
0.000130
-0.001259
-0.001052
0.000494
0.001608
0.001267
0.000896
0.000566
0.000166
-0.000937
-0.001421
-0.001183
-0.000724
-0.000240
0.000260
0.000161
0.000289
0.000778
0.001344
0.001805
0.001925
0.001589
0.000949
0.000727
0.000265
-0.001150
-0.002088
-0.002249
-0.001443
-0.000824
-0.001219
-0.000541
0.001335
0.002474
0.003037
0.002697
0.001398
0.000563
-0.000410
-0.001826
-0.002769
-0.002446
-0.001588
-0.000419
0.000418
0.001351
0.002189
0.002686
0.003225
0.002696
0.001546
0.000724
0.000085
-0.000417
-0.001436
-0.002137
-0.001450
0.000163
0.000822
0.000553
0.000338
0.000809
0.000955
0.000182
-0.001015
-0.000623
0.000257
0.000980
0.001740
0.001659
0.001074
0.000470
-0.000642
-0.001961
-0.002070
-0.000763
0.001015
0.001583
0.001418
0.000865
0.000456
0.000442
0.000471
0.000843
0.000986
0.000389
-0.000004
-0.000008
-0.000089
-0.000252
-0.000564
-0.000607
-0.000909
-0.001327
-0.000912
0.000500
0.001421
0.001538
0.001090
0.000216
-0.000148
-0.000931
-0.001185
-0.000354
0.000432
0.000380
-0.000125
0.000174
0.000670
0.000694
0.000013
-0.000465
0.000121
0.001465
0.001852
0.001138
-0.000634
-0.002137
-0.003126
-0.002890
-0.001044
-0.000125
0.000477
0.000854
0.000093
-0.000380
-0.000481
-0.000354
0.000140
0.000717
0.002136
0.002486
0.002325
0.002000
0.001851
0.001188
-0.000057
-0.001268
-0.002544
-0.003824
-0.003915
-0.003068
-0.002128
-0.000998
0.000631
0.002560
0.004361
0.005485
0.004884
0.002937
0.001056
-0.000934
-0.002485
-0.002879
-0.002273
-0.000627
0.000683
0.000791
-0.000429
-0.001063
-0.000955
-0.001091
-0.001333
-0.000882
0.000981
0.003037
0.003834
0.003582
0.002891
0.001892
0.000584
-0.001168
-0.002952
-0.003512
-0.002655
-0.001367
-0.000347
0.000682
0.001836
0.002101
0.001215
0.000188
-0.001286
-0.002291
-0.002381
-0.000650
0.002251
0.004215
0.004709
0.003986
0.002250
0.000075
-0.001713
-0.003345
-0.004885
-0.005175
-0.004436
-0.003227
-0.001532
-0.000121
0.000552
0.001131
0.001988
0.002747
0.002677
0.001738
0.001269
0.002337
0.003517
0.003616
0.002071
-0.001532
-0.005448
-0.006680
-0.005455
-0.002989
-0.000975
0.000416
0.001618
0.003120
0.004603
0.004875
0.003843
0.001734
0.000534
0.000335
0.000753
0.001264
0.001242
0.000210
-0.001783
-0.003588
-0.005369
-0.006388
-0.005332
-0.003822
-0.002320
-0.001092
-0.000683
-0.000276
0.001151
0.004713
0.009156
0.011766
0.011088
0.007543
0.002596
-0.002244
-0.005409
-0.006066
-0.006275
-0.006565
-0.006055
-0.004860
-0.003977
-0.002813
-0.001689
-0.001227
-0.001267
-0.000165
0.002412
0.006814
0.010917
0.011932
0.011239
0.009090
0.005656
0.001916
-0.002313
-0.006957
-0.010766
-0.012345
-0.011738
-0.009146
-0.005695
-0.002510
0.000659
0.002739
0.003406
0.002907
0.002579
0.003801
0.006704
0.009074
0.009399
0.008096
0.005969
0.004068
0.002279
0.000371
-0.001851
-0.005465
-0.009908
-0.012682
-0.012686
-0.010212
-0.006360
-0.003236
-0.000749
0.002571
0.007341
0.012175
0.014537
0.014734
0.013223
0.008929
0.002806
-0.003567
-0.009272
-0.013232
-0.014887
-0.014028
-0.010754
-0.005995
-0.000381
0.005402
0.010214
0.012498
0.010965
0.007020
0.004146
0.001533
-0.001139
-0.003104
-0.004659
-0.006128
-0.006882
-0.005704
-0.003213
0.000006
0.002793
0.003239
0.002941
0.003754
0.005504
0.005192
0.003097
0.000422
-0.002443
-0.004516
-0.004131
-0.002204
-0.000194
0.000267
-0.000503
-0.000822
0.000730
0.003206
0.004435
0.003764
0.001773
-0.000466
-0.002438
-0.003501
-0.004548
-0.004760
-0.003373
-0.000049
0.004166
0.006687
0.006943
0.006178
0.004157
0.001643
-0.001188
-0.003203
-0.004173
-0.005255
-0.005862
-0.005522
-0.004052
-0.000260
0.004768
0.007529
0.008826
0.008617
0.007260
0.005445
0.002346
-0.001055
-0.003669
-0.006110
-0.008054
-0.008791
-0.008320
-0.007154
-0.005750
-0.002815
0.000270
0.002399
0.004743
0.006658
0.008608
0.009463
0.009507
0.009229
0.007287
0.004094
0.000657
-0.002366
-0.005808
-0.008133
-0.009398
-0.010811
-0.010688
-0.009300
-0.007082
-0.002800
0.001976
0.005811
0.008863
0.010214
0.010001
0.009314
0.008297
0.006295
0.003235
0.000536
-0.001403
-0.002499
-0.002993
-0.003276
-0.003606
-0.004151
-0.005076
-0.006076
-0.006115
-0.005384
-0.003436
-0.000972
0.000766
0.002473
0.004354
0.006235
0.007701
0.008055
0.007283
0.005251
0.002654
0.001633
0.001343
0.000824
-0.000235
-0.001553
-0.003155
-0.004766
-0.005565
-0.006289
-0.006519
-0.006038
-0.004699
-0.002373
-0.000278
0.001513
0.002454
0.002832
0.003205
0.003779
0.004255
0.004286
0.004804
0.006249
0.008010
0.008403
0.006291
0.002180
-0.002541
-0.006606
-0.009311
-0.011285
-0.011965
-0.010566
-0.006750
-0.001948
0.002559
0.006097
0.008676
0.009619
0.009253
0.007394
0.004325
0.001032
-0.001738
-0.002890
-0.002632
-0.001853
-0.001257
-0.001204
-0.001364
-0.001144
-0.000527
-0.000477
-0.001819
-0.003077
-0.003871
-0.004194
-0.003411
-0.001927
-0.000744
0.000518
0.003136
0.005947
0.006548
0.006037
0.004440
0.002149
0.000066
-0.001077
-0.001844
-0.002200
-0.002189
-0.002499
-0.001939
-0.001033
-0.000388
0.000813
0.002083
0.002036
0.001151
-0.000571
-0.001742
-0.002245
-0.002532
-0.002297
-0.002039
-0.001066
0.000237
0.001698
0.002728
0.003433
0.004428
0.004419
0.003519
0.001852
0.000655
0.000569
0.000673
0.000125
-0.001412
-0.003190
-0.004450
-0.004992
-0.004831
-0.003441
-0.001195
0.001566
0.003815
0.004354
0.004282
0.004148
0.003790
0.002717
0.000480
-0.001755
-0.003331
-0.003950
-0.003440
-0.001810
-0.000059
0.001886
0.003585
0.004501
0.005412
0.005329
0.004079
0.001847
-0.000596
-0.003050
-0.005307
-0.006906
-0.007179
-0.006396
-0.005179
-0.003324
-0.000491
0.002461
0.005944
0.008221
0.008529
0.007595
0.005467
0.002733
-0.000361
-0.003029
-0.005430
-0.007048
-0.007034
-0.005766
-0.003190
-0.000199
0.002441
0.005279
0.007631
0.007602
0.006641
0.004924
0.002512
-0.000457
-0.003559
-0.005600
-0.005914
-0.005505
-0.004016
-0.001561
0.001047
0.002981
0.003492
0.004160
0.004494
0.004426
0.003651
0.001955
0.000635
-0.000790
-0.002288
-0.003290
-0.003895
-0.004154
-0.003842
-0.002801
-0.001948
-0.000598
0.000975
0.002164
0.002979
0.003744
0.003768
0.002378
0.000495
-0.001448
-0.003226
-0.003244
-0.002443
-0.001086
0.000027
0.000925
0.001800
0.002365
0.002651
0.002464
0.001518
0.000113
-0.001053
-0.001795
-0.002057
-0.002214
-0.002451
-0.002135
-0.001310
-0.000505
0.000620
0.001046
0.001471
0.002141
0.002331
0.002536
0.002672
0.002511
0.002414
0.002160
0.001929
0.002041
0.001827
0.001215
0.000345
-0.000702
-0.002326
-0.004368
-0.005456
-0.005607
-0.004919
-0.004252
-0.003533
-0.001736
0.001211
0.004537
0.006794
0.007832
0.007995
0.007056
0.004931
0.002272
-0.000794
-0.003660
-0.005860
-0.007500
-0.008063
-0.007402
-0.005481
-0.002702
0.000225
0.002829
0.004729
0.005735
0.005876
0.005472
0.004759
0.003670
0.002632
0.001429
0.000141
-0.000922
-0.002053
-0.002611
-0.002506
-0.002298
-0.002361
-0.001767
-0.000211
0.001279
0.002432
0.002921
0.002693
0.001613
0.000126
-0.001246
-0.001910
-0.001840
-0.000800
0.000612
0.001214
0.001433
0.001900
0.001766
0.001833
0.001691
0.000619
-0.000959
-0.002632
-0.003434
-0.003321
-0.002166
-0.000957
0.000550
0.001816
0.002483
0.003165
0.003294
0.002459
0.001643
0.001121
0.000264
-0.000631
-0.001677
-0.002598
-0.003319
-0.003865
-0.003367
-0.002195
-0.000994
0.000179
0.001116
0.002151
0.003170
0.004281
0.005264
0.005561
0.005101
0.004041
0.002266
0.000412
-0.002038
-0.004525
-0.006550
-0.007500
-0.007504
-0.005912
-0.003137
-0.000443
0.002630
0.005157
0.007020
0.008065
0.007951
0.006477
0.004254
0.001601
-0.001286
-0.003737
-0.006255
-0.007214
-0.006988
-0.005568
-0.003586
-0.001281
0.001860
0.004642
0.006260
0.006920
0.006580
0.004942
0.002714
0.000083
-0.002165
-0.004064
-0.005009
-0.005025
-0.004718
-0.003637
-0.002251
-0.000922
0.000543
0.002748
0.004230
0.005124
0.005392
0.004562
0.002707
0.000644
-0.001203
-0.003246
-0.004121
-0.003876
-0.003705
-0.002994
-0.001659
0.000907
0.003255
0.004024
0.004326
0.004047
0.002754
0.000882
-0.000947
-0.002481
-0.003042
-0.002677
-0.002404
-0.001215
-0.000010
0.000382
0.000561
0.001163
0.001227
0.000774
0.000682
0.000458
0.000279
0.000397
0.000439
0.000612
0.000944
0.000982
0.001390
0.001499
0.001382
0.001061
0.000570
-0.000063
-0.000252
-0.000094
-0.000047
-0.000242
-0.000458
-0.001362
-0.002655
-0.002728
-0.002893
-0.002631
-0.001951
-0.000850
0.000328
0.001218
0.002098
0.002130
0.002173
0.002339
0.002254
0.001961
0.001258
0.000776
0.000710
0.000559
0.000265
-0.000185
-0.000915
-0.000937
-0.001378
-0.001908
-0.002661
-0.003319
-0.002948
-0.001554
0.000124
0.001288
0.002398
0.002938
0.002896
0.002526
0.001730
0.000934
-0.000042
-0.001098
-0.001421
-0.001055
-0.000758
-0.000280
0.000120
0.000719
0.001171
0.001470
0.001771
0.001917
0.001866
0.001417
0.000894
0.000346
-0.000127
-0.000939
-0.001958
-0.002269
-0.002421
-0.002327
-0.001287
0.000033
0.001324
0.002032
0.002469
0.002985
0.003104
0.002931
0.001405
-0.000687
-0.001630
-0.002633
-0.003495
-0.003758
-0.003317
-0.002229
-0.000714
0.000630
0.002112
0.003703
0.004176
0.004001
0.002860
0.001247
-0.000612
-0.002547
-0.003422
-0.003512
-0.003037
-0.002183
-0.001163
0.000702
0.001945
0.003102
0.003780
0.003561
0.002656
0.001552
0.000734
-0.000269
-0.001271
-0.002961
-0.003618
-0.002902
-0.002204
-0.001622
-0.000556
0.001333
0.002671
0.003201
0.003658
0.004007
0.003381
0.002042
0.001306
0.000627
-0.000422
-0.000718
-0.000663
-0.001131
-0.001341
-0.001450
-0.001365
-0.001383
-0.001378
-0.001342
-0.001422
-0.000788
-0.000152
-0.000103
0.000238
0.001238
0.001791
0.001476
0.001269
0.001050
0.000217
-0.000022
0.000317
0.000535
0.000425
0.000540
0.000916
0.000821
-0.000010
-0.001049
-0.002102
-0.002917
-0.003144
-0.002574
-0.001177
0.000069
0.001239
0.002916
0.004127
0.004469
0.004545
0.004140
0.002873
0.000767
-0.001052
-0.002111
-0.002582
-0.002493
-0.002347
-0.002136
-0.001485
-0.000509
0.000903
0.001738
0.002032
0.001939
0.001812
0.002339
0.002574
0.002366
0.001809
0.001515
0.001182
0.000180
-0.000053
-0.000148
-0.000349
-0.001345
-0.001696
-0.001438
-0.000911
-0.000075
0.000263
0.000654
0.001205
0.001153
0.000974
0.000756
0.000364
-0.000553
-0.001050
-0.000859
-0.000361
-0.000268
-0.000032
0.000196
0.000607
0.001151
0.000781
0.000280
0.000198
-0.000072
-0.000066
-0.000190
-0.000253
-0.000240
-0.000256
-0.000092
0.000098
0.000261
0.000212
-0.000269
-0.000629
-0.000489
-0.000570
-0.000149
0.000354
0.001140
0.001412
0.001046
0.001078
0.000385
-0.000252
-0.000989
-0.001467
-0.001307
-0.000874
-0.000103
0.000976
0.002072
0.002631
0.002455
0.001862
0.000989
-0.000170
-0.001603
-0.002562
-0.003284
-0.003606
-0.003061
-0.002121
-0.000937
0.000453
0.001969
0.002914
0.003536
0.003470
0.003553
0.003522
0.002985
0.002031
0.001000
-0.000110
-0.001600
-0.002821
-0.003515
-0.003903
-0.004018
-0.003332
-0.002245
-0.000954
0.000460
0.001886
0.002929
0.003766
0.004113
0.003489
0.002360
0.001360
0.000043
-0.001124
-0.002063
-0.002535
-0.002319
-0.001732
-0.000957
-0.000572
-0.000100
0.000854
0.001500
0.001724
0.001497
0.001247
0.000797
0.000041
-0.000258
-0.000865
-0.001094
-0.000820
-0.000864
-0.000525
0.000292
0.001017
0.001567
0.001485
0.001027
0.000833
0.000983
0.000919
0.000438
-0.000371
-0.000570
-0.001018
-0.001626
-0.001335
-0.000597
-0.000241
-0.000193
0.000001
0.000150
0.000011
0.000067
-0.000045
-0.000450
-0.000019
0.000425
0.000242
0.000339
0.000804
0.000887
0.001113
0.001607
0.001426
0.000951
0.000735
0.000565
0.000188
-0.000214
-0.000225
-0.000623
-0.001314
-0.001149
-0.001340
-0.001346
-0.000343
-0.000081
-0.000432
-0.000384
0.000332
0.000643
0.000559
0.000550
0.000431
0.000578
0.001094
0.001376
0.001242
0.001298
0.001632
0.001364
0.000843
0.000145
-0.000567
-0.001292
-0.001176
-0.000905
-0.001310
-0.001345
-0.001010
-0.000441
-0.000134
-0.000033
0.000343
0.000404
0.000683
0.001051
0.001061
0.001091
0.000824
0.000714
0.000896
0.000774
0.000277
0.000295
0.000164
-0.000172
-0.000216
-0.000334
-0.001030
-0.001783
-0.001853
-0.001884
-0.001358
-0.000556
-0.000490
-0.000418
-0.000055
0.000158
0.000606
0.001281
0.001699
0.002242
0.002432
0.002225
0.002098
0.001524
0.000565
0.000159
-0.000105
-0.000575
-0.000800
-0.001161
-0.001461
-0.001282
-0.001411
-0.001111
0.000008
0.000024
-0.000039
0.000011
-0.000023
0.000522
0.000905
0.000986
0.000634
0.000398
0.000253
-0.000067
-0.000367
-0.000525
-0.000499
-0.000979
-0.001352
-0.001060
-0.000755
-0.000499
-0.000291
-0.000119
-0.000294
-0.000560
-0.000662
-0.000324
0.000295
0.000670
0.000742
0.000695
0.001177
0.001354
0.001303
0.000999
0.000511
0.000185
0.000129
-0.000389
-0.000522
-0.000188
-0.000145
0.000011
0.000418
0.000869
0.001164
0.000684
-0.000134
-0.000018
0.000423
0.000270
-0.000099
-0.000681
-0.000634
-0.000457
-0.000364
0.000082
0.000435
0.000779
0.000676
0.000733
0.000911
0.001034
0.001120
0.001362
0.001596
0.000954
-0.000082
-0.000848
-0.001413
-0.002066
-0.002400
-0.002113
-0.001386
-0.000504
0.000447
0.000993
0.000986
0.001144
0.000984
0.000808
0.000530
0.000646
0.000728
0.000831
0.000995
0.000449
-0.000431
-0.000750
-0.000675
-0.000874
-0.000830
-0.000071
0.000248
0.000627
0.000667
0.000660
0.001117
0.001438
0.001629
0.001400
0.001028
0.000764
0.000560
0.000387
0.000030
-0.000192
-0.000992
-0.001530
-0.001919
-0.002596
-0.002802
-0.002702
-0.002108
-0.000908
0.000152
0.000740
0.001519
0.002116
0.002617
0.002782
0.002385
0.001433
0.000544
-0.000128
-0.000583
-0.001031
-0.001730
-0.002201
-0.003111
-0.003635
-0.003012
-0.001693
-0.000446
0.000621
0.001624
0.002061
0.002497
0.002384
0.002223
0.002800
0.002241
0.001182
0.000711
0.000424
0.000107
-0.000124
-0.000000
-0.000635
-0.000839
-0.000744
-0.000633
0.000231
0.000454
0.000606
0.000888
0.000809
0.000832
0.000940
0.001031
0.000645
0.000579
0.000850
0.000665
0.000224
-0.000302
-0.000563
-0.000767
-0.000475
-0.000126
0.000169
0.000491
0.000483
0.000477
-0.000009
-0.000512
-0.000375
-0.000787
-0.000808
-0.000037
0.000755
0.001268
0.001581
0.001667
0.001353
0.000842
0.000226
-0.000465
-0.000671
-0.000959
-0.000775
-0.000439
-0.000169
0.000787
0.001137
0.000972
0.000429
0.000331
0.000604
0.000383
0.000357
0.000367
-0.000316
-0.001223
-0.001807
-0.001766
-0.001139
-0.000345
-0.000279
0.000304
0.001243
0.001354
0.001393
0.001060
0.000573
0.000891
0.001054
0.000744
0.000349
-0.000589
-0.001376
-0.001794
-0.002190
-0.002235
-0.001909
-0.001107
-0.000179
0.000380
0.000913
0.001170
0.001020
0.001045
0.001030
0.001240
0.001799
0.001893
0.001867
0.001380
0.000650
0.000265
-0.000201
-0.000530
-0.001098
-0.001748
-0.001393
-0.000585
-0.000345
-0.000116
0.000078
0.000512
0.000992
0.001320
0.001167
0.000831
0.000693
0.000424
0.000070
-0.000655
-0.000618
-0.000153
0.000079
-0.000252
-0.000987
-0.000491
0.000483
0.000490
0.000042
-0.000611
-0.001133
-0.000845
-0.000286
-0.000091
0.000036
0.000339
0.000627
0.000669
0.000944
0.001606
0.001392
0.000638
0.000511
0.000138
-0.000586
-0.000709
-0.001097
-0.001625
-0.001340
-0.000839
-0.000194
0.001016
0.002366
0.002848
0.002535
0.001718
0.000556
-0.000422
-0.000946
-0.001106
-0.000882
-0.000971
-0.000823
-0.000510
-0.000293
-0.000431
-0.000911
-0.000458
0.000242
0.000569
0.001183
0.001328
0.000889
0.000451
-0.000215
-0.000411
-0.000324
-0.000990
-0.001527
-0.001452
-0.001241
-0.000804
-0.000161
0.000700
0.001027
0.001494
0.001807
0.001548
0.001253
0.000564
0.000233
0.000538
0.000658
0.000242
0.000018
-0.000002
-0.000313
-0.000477
-0.000398
-0.000126
-0.000290
-0.000413
-0.000295
-0.000077
0.000413
0.000796
0.000970
0.000693
0.000228
0.000299
0.000245
0.000116
0.000023
-0.000175
-0.000561
-0.000765
-0.000572
-0.000571
-0.000438
0.000306
0.000191
-0.000154
-0.000196
-0.000320
-0.000191
-0.000203
-0.000567
-0.000979
-0.000455
0.000320
0.000759
0.001068
0.000586
0.000435
0.000563
0.000634
0.000103
-0.000407
-0.000579
-0.000948
-0.001099
-0.001157
-0.001006
-0.000621
-0.000388
-0.000471
-0.000506
-0.000440
-0.000120
-0.000038
-0.000007
0.000236
0.000631
0.000713
0.000694
0.000597
-0.000070
-0.000481
-0.000630
-0.000869
-0.001479
-0.001699
-0.001111
-0.000694
-0.000367
0.000126
0.000630
0.000771
0.000813
0.001236
0.001482
0.000686
0.000086
0.000082
-0.000479
-0.000875
-0.000807
-0.000832
-0.000501
-0.000447
-0.000066
0.000223
0.000423
0.000327
-0.000170
-0.000848
-0.000886
-0.000311
0.000090
0.000370
0.000368
0.000309
0.000682
0.001210
0.001267
0.001523
0.001222
0.000756
0.000896
0.000815
0.000974
0.000973
0.000312
-0.000386
-0.000924
-0.001047
-0.000476
-0.000218
0.000011
0.000430
0.000565
0.000721
0.000625
0.000699
0.000482
-0.000343
-0.001080
-0.001114
-0.000347
0.000103
-0.000391
-0.000017
0.000561
0.000767
0.000931
0.001149
0.001153
0.001090
0.000878
0.000781
0.000376
0.000214
0.000138
-0.000182
-0.000714
-0.000983
-0.000971
-0.000695
-0.000868
-0.000226
0.000089
-0.000102
-0.000400
-0.000418
-0.000130
0.000312
0.000604
0.000619
0.000450
0.000304
0.000124
-0.000220
-0.000339
-0.000723
-0.001130
-0.000832
-0.000889
-0.001128
-0.000491
0.000193
0.000885
0.001456
0.001179
0.000943
0.001058
0.001069
0.000997
0.000447
0.000023
-0.000086
-0.000279
-0.000075
-0.000029
0.000081
0.000161
0.000529
0.000695
0.000481
0.000482
0.000811
0.001139
0.000972
0.000722
0.000477
0.000182
0.000186
0.000177
0.000470
0.000612
0.000304
0.000123
-0.000066
0.000089
-0.000029
-0.000790
-0.001127
-0.000938
-0.000204
0.000267
0.000380
0.000241
0.000532
0.000887
0.000550
0.000665
0.000630
0.000396
0.000343
0.000364
0.000420
0.000052
-0.000200
-0.000478
-0.000425
-0.000397
-0.000667
-0.000009
0.001349
0.001810
0.001121
0.000775
0.000924
0.000533
0.000183
0.000271
0.000042
-0.000265
-0.000512
-0.000958
-0.000969
-0.000960
-0.000636
-0.000759
-0.000678
0.000087
0.000774
0.001125
0.001223
0.001511
0.001107
0.000778
0.000732
0.000692
0.000495
-0.000179
-0.000611
-0.000696
-0.000536
-0.000527
-0.000366
-0.000030
0.000066
0.000228
0.000486
-0.000038
-0.000622
-0.000830
-0.000731
-0.000259
0.000008
0.000530
0.001220
0.001262
0.001029
0.001035
0.000529
0.000315
0.000221
0.000027
0.000110
-0.000034
-0.000309
-0.000266
-0.000537
-0.000524
-0.000353
0.000168
0.000367
0.000149
0.000217
0.000394
0.000017
0.000117
0.000456
0.000548
0.001045
0.001589
0.001204
0.000860
0.000766
0.000706
0.000295
-0.000347
-0.000377
-0.000017
-0.000544
-0.001026
-0.001089
-0.001092
-0.000130
0.000319
-0.000020
-0.000024
0.000341
0.000949
0.001752
0.001734
0.001342
0.001129
0.001060
0.001108
0.000918
0.000568
0.000619
0.000653
0.000309
0.000097
-0.000096
-0.000664
-0.000821
-0.000127
-0.000238
-0.000526
0.000224
0.000400
0.000186
0.000155
-0.000097
-0.000463
-0.000768
-0.000638
-0.000605
-0.000294
0.000337
0.000395
0.000059
0.000093
0.000553
0.000740
0.000657
0.000569
0.000445
0.000802
0.000627
-0.000167
-0.000153
0.000196
-0.000098
-0.000277
-0.000023
0.000296
0.000283
0.000528
0.000648
0.000447
0.000345
0.000506
-0.000147
-0.000563
-0.000491
-0.000418
-0.000261
-0.000645
-0.000568
-0.000376
-0.000406
0.000223
0.000601
0.000612
0.000873
0.001069
0.001503
0.001731
0.001640
0.001404
0.000956
0.000225
-0.000392
-0.000681
-0.001253
-0.000951
-0.000753
-0.000811
-0.000826
-0.000626
-0.000320
0.000096
0.000502
0.000468
0.000625
0.000632
0.000271
0.000386
0.000417
0.000402
0.000802
0.000676
0.000408
0.000935
0.000695
0.000443
0.000336
0.000165
-0.000184
-0.000159
0.000134
0.000032
-0.000474
-0.000653
-0.000620
-0.000728
-0.000356
0.000268
0.000323
0.000415
0.000507
0.000255
0.000280
0.000177
-0.000282
-0.000106
0.000042
0.000039
0.000390
0.000724
0.000611
0.000749
0.000834
0.000611
0.000373
0.000159
-0.000161
-0.000408
-0.000859
-0.001156
-0.001025
-0.000596
-0.000251
-0.000046
0.000423
0.001319
0.001225
0.001138
0.001623
0.001445
0.001055
0.000965
0.000479
0.000130
-0.000032
-0.000374
-0.000738
-0.000902
-0.000847
-0.000605
-0.000188
-0.000061
0.000319
0.000986
0.000794
0.000433
0.000470
0.000526
0.000444
0.000474
0.000707
0.000826
0.000436
0.000410
0.000271
-0.000069
-0.000414
-0.000449
-0.000201
0.000221
0.000366
0.000084
0.000049
0.000602
0.001127
0.001294
0.001349
0.001305
0.000925
0.000808
0.000786
-0.000045
-0.000363
-0.000599
-0.000934
-0.000772
-0.000618
-0.000640
-0.000692
-0.000396
0.000479
0.000532
0.000376
0.000279
-0.000344
-0.000326
-0.000430
-0.001080
-0.000924
-0.000571
-0.000173
0.000061
-0.000156
-0.000142
-0.000061
0.000120
0.000234
0.000183
0.000254
0.000266
0.000176
-0.000029
0.000195
0.000492
0.000132
-0.000116
-0.000006
0.000102
0.000433
0.000628
0.000724
0.000840
0.001034
0.001233
0.000732
0.000709
0.000724
0.000769
0.000929
0.000972
0.001320
0.001474
0.001010
0.000636
0.000297
-0.000397
-0.000939
-0.000704
-0.000299
-0.000121
-0.000005
-0.000160
-0.000047
0.000079
0.000479
0.000730
0.001124
0.001440
0.001161
0.000491
0.000335
0.000563
0.000703
0.000692
-0.000390
-0.001587
-0.001604
-0.000812
-0.000158
-0.000135
0.000038
-0.000546
-0.000591
0.000359
0.000940
0.001134
0.000834
0.000894
0.001143
0.001045
0.001494
0.001409
0.001063
0.000964
0.001058
0.000731
0.000225
-0.000354
-0.000756
-0.001129
-0.001095
-0.000753
-0.000147
0.000352
0.000894
0.001310
0.001247
0.001157
0.001231
0.001262
0.000971
0.000752
0.001126
0.000588
0.000319
0.000836
0.000224
-0.000705
-0.001320
-0.001620
-0.001672
-0.001675
-0.000986
-0.000344
-0.000227
0.000124
0.000915
0.001240
0.001366
0.001144
0.000628
0.000140
0.000333
0.000698
0.000624
0.000554
0.000844
0.000427
0.000268
0.000632
0.001010
0.000917
0.000538
0.000083
-0.000509
-0.000362
0.000135
-0.000056
-0.000066
0.000886
0.001379
0.000860
0.000796
0.000733
0.000791
0.000961
0.001000
0.001271
0.001022
0.000147
-0.000426
-0.000587
-0.000211
0.000241
-0.000042
-0.000301
-0.000067
0.000212
0.000485
0.000544
0.000233
0.000119
-0.000467
-0.000591
-0.000622
-0.000522
-0.000330
-0.000008
0.000474
0.000864
0.001294
0.001600
0.001802
0.001684
0.001278
0.000889
0.000468
-0.000294
-0.001032
-0.001203
-0.000819
-0.000830
-0.000509
-0.000092
0.000089
0.000089
0.000531
0.001389
0.001427
0.000917
0.000858
0.001218
0.001557
0.001559
0.001440
0.000918
0.000028
-0.000567
-0.000459
-0.000646
-0.000924
-0.000828
-0.000937
-0.000761
-0.001031
-0.001202
-0.000810
-0.000401
0.000292
0.001322
0.002155
0.002200
0.002705
0.003039
0.002572
0.001915
0.001021
-0.000005
-0.000214
-0.000100
-0.000101
-0.000292
-0.000210
-0.000737
-0.001157
-0.000741
-0.000672
-0.000836
-0.000682
-0.000085
0.000278
0.000612
0.000709
0.000769
0.000868
0.000530
0.000740
0.001446
0.001130
0.000760
0.000627
0.000516
0.000109
0.000072
-0.000275
-0.000791
-0.000721
-0.001016
-0.001322
-0.000850
-0.000318
0.000032
0.000622
0.000720
0.000752
0.001191
0.001881
0.001671
0.000906
0.000559
0.000380
0.000144
0.000101
-0.000112
-0.000239
-0.000072
0.000185
0.000275
0.000545
0.000680
0.000952
0.001549
0.001602
0.001639
0.001712
0.001513
0.000461
-0.000037
-0.000075
-0.000282
0.000042
0.000317
0.000246
0.000396
0.000470
0.000135
-0.000384
-0.000454
-0.000397
-0.000520
-0.000187
0.000511
0.000553
0.000492
0.000711
0.000817
0.000879
0.001141
0.000974
0.000804
0.001339
0.001229
0.000532
0.000023
-0.000765
-0.001281
-0.001219
-0.000778
-0.000653
-0.000726
-0.000428
-0.000255
-0.000218
0.000018
0.000612
0.000829
0.000678
0.000559
0.000058
-0.000241
-0.000293
-0.000216
0.000258
0.000576
0.000578
0.000588
0.000830
0.000852
0.000809
0.000989
0.000885
0.000245
0.000065
0.000213
0.000441
0.000546
0.000317
0.000650
0.001003
0.001125
0.001042
0.000559
0.000265
0.000288
0.000171
0.000165
-0.000269
-0.000437
-0.000386
0.000076
0.000521
0.001076
0.001423
0.001217
0.001320
0.001606
0.001236
0.000685
0.000449
0.000380
0.000355
0.000319
0.000065
0.000003
0.000073
-0.000227
-0.000204
-0.000079
-0.000336
-0.000271
0.000206
0.000347
0.000178
-0.000154
-0.000645
-0.000259
0.000126
0.000438
0.000956
0.000914
0.000692
0.000533
0.000896
0.001382
0.001522
0.001252
0.000639
0.000493
0.000859
0.000599
0.000403
0.000476
0.000588
0.000235
0.000142
0.000138
-0.000198
-0.000418
-0.000645
-0.000247
0.000362
0.000583
0.000305
0.000095
-0.000100
-0.000146
-0.000112
0.000049
0.000176
0.000772
0.001353
0.001572
0.001218
0.000762
0.000597
0.000645
0.000568
0.000397
0.000177
0.000221
0.000291
-0.000298
-0.000584
-0.000682
-0.000526
0.000021
0.000089
0.000335
0.000303
0.000243
0.000651
0.001269
0.000993
0.000641
0.000517
0.000631
0.000850
0.000387
0.000008
-0.000290
-0.000911
-0.001356
-0.001043
-0.000673
-0.000365
-0.000373
-0.000599
-0.000046
0.000685
0.000651
0.000693
0.001395
0.001517
0.001174
0.000684
0.000829
0.001350
0.001589
0.001142
0.000865
0.000620
-0.000014
-0.000261
-0.000412
-0.000448
-0.000122
0.000142
-0.000022
-0.000249
0.000142
0.001248
0.001424
0.001311
0.001372
0.001281
0.000870
0.000267
-0.000281
-0.000687
-0.000578
-0.000221
0.000062
0.000203
0.000168
-0.000021
-0.000014
-0.000176
-0.000216
-0.000100
-0.000043
-0.000003
-0.000058
0.000145
0.000276
0.000560
0.000259
-0.000268
-0.000472
-0.000396
0.000088
0.000016
-0.000014
0.000479
0.000809
0.000634
0.000507
0.000605
0.000802
0.000664
0.000332
0.000177
0.000066
-0.000319
-0.000449
-0.000486
-0.000501
-0.000365
0.000375
0.000818
0.001055
0.000862
0.000683
0.000629
0.000322
0.000428
0.000810
0.000860
0.000897
0.000827
0.000755
0.000945
0.000933
0.000682
0.000296
-0.000617
-0.000718
-0.000410
-0.000782
-0.000964
-0.000480
-0.000204
-0.000260
0.000144
0.000753
0.000706
0.000395
0.000317
0.000528
0.000986
0.001161
0.001028
0.000743
0.000875
0.001146
0.001103
0.000698
0.000491
0.000527
0.000214
-0.000132
-0.000204
-0.000784
-0.000793
0.000160
0.000566
0.000580
0.000639
0.000607
-0.000090
-0.000159
-0.000292
-0.000602
-0.000319
0.000166
0.000244
0.000265
0.000616
0.000859
0.000714
0.000460
0.000869
0.001054
0.000571
0.000532
0.000846
0.001017
0.000897
0.000732
0.001053
0.000890
0.000769
0.000799
0.000255
0.000227
0.000256
0.000081
-0.000188
-0.000239
0.000114
0.000179
0.000322
0.000688
0.000819
0.000803
0.001099
0.001179
0.000984
0.001073
0.001129
0.001001
0.000497
0.000024
-0.000023
-0.000297
-0.000394
-0.000407
-0.000222
-0.000092
-0.000014
0.000573
0.001288
0.001314
0.000914
0.000938
0.000660
0.000452
0.000681
0.000555
-0.000065
-0.000759
-0.001067
-0.000797
-0.001191
-0.001093
-0.000458
-0.000344
0.000003
0.000266
0.000645
0.001084
0.001412
0.001772
0.001828
0.001488
0.001535
0.001159
0.000465
0.000024
-0.000594
-0.000838
-0.000717
-0.000762
-0.000843
-0.000758
-0.001163
-0.001142
-0.000010
0.002314
0.004361
0.004456
0.002452
0.000127
-0.000730
-0.000601
0.000008
0.000393
0.000501
0.000906
0.001380
0.001222
0.000355
0.000109
0.000368
0.000133
-0.001020
-0.001755
-0.001450
-0.000542
0.001036
0.002063
0.002590
0.003362
0.003593
0.002607
0.000636
-0.001624
-0.002941
-0.003303
-0.004429
-0.004653
-0.003317
-0.000443
0.003235
0.004954
0.004759
0.003188
0.001249
-0.000028
-0.000832
-0.000902
-0.000454
0.000730
0.002519
0.003532
0.002982
0.001561
-0.000118
-0.001369
-0.001876
-0.002407
-0.002984
-0.001247
0.001975
0.003063
0.001063
-0.000239
0.001578
0.002496
0.000652
-0.002162
-0.002992
-0.001609
0.001777
0.005147
0.005777
0.003461
0.001319
0.001188
0.001143
0.000809
0.000014
-0.000966
-0.002164
-0.004230
-0.006182
-0.005427
-0.001795
0.001248
0.002714
0.003923
0.006062
0.008484
0.008579
0.005986
0.001837
-0.000214
0.000649
0.002384
0.001229
-0.002273
-0.006227
-0.008421
-0.008195
-0.006382
-0.003041
-0.000026
0.000932
-0.000174
-0.000879
0.000056
0.002055
0.004919
0.006691
0.006099
0.003436
-0.000381
-0.003346
-0.005021
-0.005003
-0.002177
0.004161
0.010652
0.013203
0.010555
0.004073
-0.001261
-0.004180
-0.008312
-0.012580
-0.012291
-0.008265
-0.004261
-0.003462
-0.002863
0.000355
0.006596
0.012623
0.014833
0.010850
0.001601
-0.004699
-0.004720
-0.000176
0.004575
0.003604
-0.002243
-0.007480
-0.007746
-0.004510
-0.001275
-0.000972
-0.001349
0.002803
0.010667
0.013812
0.011911
0.006648
0.002442
-0.000557
-0.002418
-0.002753
-0.004200
-0.009267
-0.013983
-0.013890
-0.010020
-0.005018
-0.000054
0.004558
0.007010
0.008085
0.010361
0.013050
0.012696
0.008506
0.003002
0.000344
-0.002058
-0.006585
-0.012409
-0.016715
-0.015566
-0.007314
0.005378
0.011737
0.008986
0.005278
0.007524
0.014758
0.019083
0.017199
0.009589
0.000415
-0.007050
-0.014316
-0.022244
-0.027509
-0.026880
-0.018288
-0.004744
0.006749
0.013435
0.014314
0.010038
0.005716
0.005686
0.009562
0.014922
0.016778
0.014339
0.008485
0.002145
-0.005195
-0.012544
-0.017439
-0.019414
-0.019402
-0.016296
-0.009498
-0.003662
-0.001138
0.001202
0.008357
0.019249
0.026642
0.028560
0.026762
0.017524
0.000498
-0.018302
-0.028003
-0.028409
-0.024627
-0.020166
-0.016531
-0.011502
-0.000341
0.017009
0.031251
0.032920
0.021008
0.007164
0.002720
0.003605
0.003340
-0.001401
-0.008164
-0.010785
-0.010049
-0.007712
-0.004742
-0.001629
0.000142
-0.002383
-0.008632
-0.010175
-0.004640
0.002945
0.005996
0.005450
0.003504
0.002986
0.006311
0.015327
0.021792
0.020638
0.011437
0.003895
0.002914
0.001827
-0.006475
-0.019983
-0.029307
-0.030325
-0.024462
-0.017252
-0.011242
-0.005313
0.002348
0.012870
0.026688
0.036237
0.035729
0.021388
0.000854
-0.008190
-0.004670
-0.000063
-0.002402
-0.011665
-0.017997
-0.017837
-0.014812
-0.012562
-0.009441
-0.000946
0.011716
0.022175
0.024815
0.019790
0.009599
-0.003027
-0.009535
-0.008022
-0.001585
0.002158
0.001039
-0.001416
-0.002998
-0.003895
-0.009243
-0.014786
-0.015372
-0.009570
-0.001624
0.002146
0.002736
0.003039
0.002841
0.002492
0.006529
0.017218
0.031581
0.039954
0.037571
0.023273
0.003314
-0.013763
-0.026603
-0.034749
-0.040900
-0.043951
-0.041823
-0.033647
-0.018563
-0.000278
0.014480
0.023763
0.028659
0.030133
0.028905
0.026522
0.025168
0.025175
0.022824
0.013585
-0.000777
-0.015268
-0.025190
-0.028309
-0.027133
-0.026742
-0.028396
-0.028113
-0.021228
-0.007190
0.006346
0.013824
0.017425
0.023646
0.033083
0.038395
0.034507
0.023129
0.008849
-0.004960
-0.016374
-0.021818
-0.021767
-0.019813
-0.018169
-0.017887
-0.016217
-0.012648
-0.008536
-0.002698
0.005864
0.016399
0.026252
0.030593
0.028304
0.021514
0.012698
0.003200
-0.007519
-0.019055
-0.026337
-0.026475
-0.018992
-0.007773
-0.001982
-0.000399
0.001171
0.004659
0.007462
0.009317
0.011552
0.014071
0.014861
0.011402
0.004503
-0.001722
-0.005970
-0.009976
-0.014584
-0.016982
-0.013411
-0.006441
-0.000455
0.003831
0.006556
0.009169
0.011943
0.015057
0.014986
0.008964
-0.001844
-0.009241
-0.007968
-0.003081
-0.001313
-0.002998
-0.004857
-0.006804
-0.009669
-0.009826
-0.005612
0.000927
0.004019
0.004214
0.005829
0.010640
0.015813
0.018521
0.017019
0.011280
0.005071
-0.001060
-0.006797
-0.012538
-0.018781
-0.022772
-0.021803
-0.014993
-0.003630
0.008815
0.018522
0.023245
0.022258
0.014793
0.002674
-0.009403
-0.017606
-0.020040
-0.017986
-0.011546
-0.003283
0.005339
0.012704
0.016620
0.017181
0.015864
0.012366
0.006392
-0.001220
-0.008140
-0.010253
-0.010017
-0.010562
-0.010570
-0.008109
-0.002146
0.004075
0.008617
0.010049
0.007676
0.001440
-0.006644
-0.011536
-0.010173
-0.002958
0.005018
0.008011
0.007088
0.005630
0.006007
0.006531
0.003943
-0.002863
-0.009137
-0.009865
-0.004447
0.003973
0.009731
0.010560
0.008500
0.005452
0.003444
0.002228
0.001089
-0.000256
-0.002637
-0.007295
-0.012240
-0.013291
-0.011169
-0.007573
-0.004307
-0.000066
0.006409
0.012633
0.016384
0.016865
0.014850
0.011051
0.005644
0.000200
-0.004696
-0.010336
-0.015458
-0.016870
-0.015588
-0.013215
-0.008846
-0.002434
0.003741
0.009045
0.011317
0.011044
0.009614
0.008833
0.008828
0.008354
0.006936
0.004900
0.001383
-0.003115
-0.006234
-0.006580
-0.005165
-0.005262
-0.007787
-0.010239
-0.010823
-0.008641
-0.004348
0.000879
0.006259
0.009260
0.009405
0.007646
0.005186
0.003034
0.002082
0.002551
0.003123
0.002855
0.002858
0.003579
0.004084
0.003186
0.000038
-0.005451
-0.011399
-0.013334
-0.010028
-0.004632
-0.001808
-0.000937
0.000656
0.002619
0.005960
0.009291
0.010049
0.007814
0.005019
0.001824
-0.001791
-0.004110
-0.005215
-0.005746
-0.005492
-0.003936
-0.000032
0.003990
0.004601
0.001546
-0.002066
-0.003252
-0.002301
0.000379
0.003305
0.004924
0.006046
0.006462
0.005597
0.001538
-0.004263
-0.008649
-0.010444
-0.009467
-0.007031
-0.003470
0.000950
0.004907
0.008874
0.012856
0.015963
0.016925
0.014322
0.008565
0.001717
-0.005156
-0.011073
-0.015725
-0.018699
-0.018767
-0.015036
-0.008719
-0.003637
0.000114
0.003075
0.006241
0.008714
0.009970
0.010349
0.010782
0.012374
0.015304
0.017567
0.016885
0.012363
0.004036
-0.006833
-0.017060
-0.024381
-0.027412
-0.025592
-0.019915
-0.011779
-0.003910
0.003173
0.009317
0.014065
0.017037
0.017589
0.016778
0.015053
0.013377
0.010224
0.005015
-0.001135
-0.006509
-0.010311
-0.012715
-0.014996
-0.016373
-0.016152
-0.013334
-0.007468
0.000285
0.007443
0.012420
0.014764
0.014869
0.013057
0.009652
0.003686
-0.004075
-0.008906
-0.009175
-0.008786
-0.008881
-0.008496
-0.004549
0.002432
0.008930
0.012852
0.013637
0.013054
0.012002
0.009604
0.004314
-0.002688
-0.008959
-0.012647
-0.013856
-0.013673
-0.012606
-0.010208
-0.006411
-0.003015
0.000681
0.005238
0.009275
0.011445
0.012253
0.012928
0.012847
0.011140
0.007029
0.001128
-0.004834
-0.008247
-0.007665
-0.005160
-0.003596
-0.003747
-0.004141
-0.003782
-0.002850
-0.003069
-0.003652
-0.003493
-0.001977
-0.000158
0.001634
0.003570
0.004856
0.005181
0.004790
0.004426
0.004386
0.004485
0.003895
0.002942
0.001932
0.000623
-0.000513
-0.000777
-0.001708
-0.003669
-0.004935
-0.005784
-0.006006
-0.005538
-0.003947
-0.000845
0.003606
0.007344
0.008399
0.007407
0.004986
0.001650
-0.001773
-0.005070
-0.006846
-0.005543
-0.001131
0.003367
0.005668
0.005171
0.003087
0.000459
-0.001678
-0.002746
-0.003608
-0.004763
-0.005363
-0.004625
-0.003707
-0.001888
0.001086
0.003969
0.007282
0.009896
0.010324
0.008941
0.006096
0.002090
-0.002657
-0.006917
-0.009241
-0.009646
-0.009179
-0.007881
-0.005393
-0.001825
0.001524
0.004071
0.005070
0.004499
0.003128
0.001758
0.000970
0.000906
0.001395
0.002382
0.003297
0.003863
0.003514
0.001357
-0.001356
-0.003602
-0.003795
-0.002037
-0.000721
0.000450
0.000847
0.000467
0.000564
0.001448
0.001752
0.000842
-0.001779
-0.003931
-0.003930
-0.001849
0.001377
0.003557
0.003766
0.002542
0.000957
-0.000031
-0.000597
-0.000606
-0.000116
0.000282
0.000265
0.000494
0.001566
0.001775
0.001018
-0.000640
-0.002383
-0.002026
0.000443
0.003448
0.005081
0.004269
0.002109
-0.000707
-0.003076
-0.004775
-0.005671
-0.005869
-0.005082
-0.003158
-0.000205
0.003550
0.007432
0.009195
0.009041
0.007612
0.005778
0.003768
0.000241
-0.004275
-0.007276
-0.007218
-0.004849
-0.001308
0.001315
0.001800
0.001400
-0.000128
-0.001925
-0.003784
-0.004762
-0.004474
-0.002573
0.000687
0.003883
0.007363
0.009574
0.009453
0.007429
0.004871
0.002791
0.000380
-0.002910
-0.006513
-0.009234
-0.009992
-0.009840
-0.008584
-0.005944
-0.002794
0.001809
0.006545
0.009958
0.011634
0.011180
0.008356
0.004519
0.000875
-0.003006
-0.006176
-0.007585
-0.007406
-0.006146
-0.004817
-0.002528
0.001292
0.005242
0.007924
0.008870
0.007150
0.003879
0.000725
-0.002313
-0.004730
-0.005250
-0.004625
-0.004024
-0.003158
-0.001406
0.000394
0.002060
0.003455
0.004421
0.004923
0.004869
0.003364
0.001088
-0.001491
-0.003728
-0.003951
-0.002376
0.000142
0.002201
0.003052
0.002435
0.001349
0.000237
-0.000427
-0.000962
-0.001210
-0.000934
-0.000368
-0.000468
-0.000738
-0.000889
-0.000599
-0.000698
0.000326
0.002261
0.003093
0.002767
0.001587
0.000676
0.000933
0.001607
0.002368
0.002425
0.002055
0.001393
0.000437
0.000299
-0.000588
-0.002576
-0.005473
-0.007408
-0.007100
-0.005258
-0.002290
0.000502
0.003341
0.006584
0.009491
0.010871
0.011088
0.009501
0.005822
0.002219
-0.001564
-0.005587
-0.009191
-0.011589
-0.012249
-0.011362
-0.009045
-0.006303
-0.002505
0.002623
0.007929
0.011826
0.013932
0.013690
0.011619
0.008659
0.005225
0.001127
-0.003440
-0.007866
-0.010045
-0.010317
-0.009484
-0.007289
-0.004615
-0.002348
0.000136
0.002983
0.005405
0.006917
0.007204
0.006663
0.005143
0.003290
0.001096
-0.001060
-0.002844
-0.003812
-0.003649
-0.002868
-0.001252
0.000453
0.000846
0.001186
0.000734
-0.000515
-0.000703
-0.000175
0.001150
0.002931
0.004255
0.004089
0.002895
0.000561
-0.001733
-0.003856
-0.004442
-0.003921
-0.002823
-0.001120
0.001046
0.003183
0.004745
0.005229
0.004916
0.003690
0.002464
0.001233
0.000249
-0.000835
-0.002508
-0.004144
-0.005528
-0.005892
-0.004538
-0.001833
0.000714
0.003240
0.005587
0.006660
0.006796
0.005596
0.003162
0.001233
-0.000909
-0.002986
-0.003840
-0.003679
-0.002817
-0.001827
-0.001139
-0.000282
0.000233
0.000679
0.001512
0.002271
0.002435
0.002180
0.000433
-0.001534
-0.002283
-0.003152
-0.003102
-0.002451
-0.001368
0.001401
0.004498
0.006254
0.006387
0.005473
0.003954
0.001680
-0.000880
-0.002862
-0.004194
-0.004552
-0.004193
-0.002722
-0.000830
0.000482
0.001690
0.002005
0.001539
0.001442
0.001272
0.000426
-0.000169
0.000219
0.001374
0.002857
0.004202
0.004254
0.002610
0.000459
-0.000598
-0.001627
-0.002731
-0.003584
-0.004036
-0.003752
-0.002975
-0.001146
0.000681
0.002190
0.002717
0.002094
0.001740
0.001718
0.001529
0.001513
0.001506
0.002372
0.003223
0.003834
0.004299
0.003839
0.002267
-0.000607
-0.003501
-0.006087
-0.007755
-0.008108
-0.007839
-0.006621
-0.004121
-0.000571
0.003028
0.006269
0.008718
0.010601
0.011515
0.011386
0.009401
0.005579
0.000858
-0.004411
-0.009167
-0.011647
-0.012211
-0.011187
-0.008180
-0.004512
-0.001449
0.001873
0.005473
0.007868
0.009411
0.010104
0.009312
0.007663
0.005588
0.002612
-0.000551
-0.003703
-0.006649
-0.008305
-0.008686
-0.008075
-0.006399
-0.004542
-0.001614
0.001749
0.005685
0.008813
0.009788
0.009538
0.008714
0.006833
0.003419
-0.000188
-0.003833
-0.006939
-0.008307
-0.008093
-0.007283
-0.005379
-0.002670
-0.000266
0.002269
0.004541
0.005620
0.005382
0.004471
0.003769
0.003149
0.002987
0.002274
0.000972
-0.000032
-0.000701
-0.001263
-0.001215
-0.001826
-0.002572
-0.002409
-0.002112
-0.001812
-0.001085
-0.000073
0.000660
0.001876
0.003751
0.005256
0.005529
0.004896
0.003961
0.002745
0.001022
-0.001292
-0.003663
-0.005190
-0.006334
-0.005883
-0.003937
-0.002227
-0.000210
0.002397
0.004438
0.005319
0.005906
0.005868
0.005083
0.004107
0.002617
0.001010
-0.000938
-0.002781
-0.004475
-0.005755
-0.006012
-0.006308
-0.005522
-0.002659
0.000727
0.003428
0.005503
0.005681
0.005287
0.004682
0.003453
0.001815
0.000630
-0.000683
-0.001404
-0.001369
-0.000920
-0.000144
-0.000077
0.000134
0.000596
0.000524
0.000719
0.001155
0.000889
0.000372
-0.000308
-0.001347
-0.002202
-0.001955
-0.001545
-0.000763
0.000256
0.001226
0.001994
0.002197
0.001971
0.001357
0.000594
-0.000228
-0.000124
0.000071
0.000432
0.001192
0.001916
0.002312
0.002376
0.001726
0.000566
-0.000381
-0.001142
-0.001156
-0.000907
-0.000419
-0.000378
-0.000405
-0.000014
-0.000136
-0.000194
-0.000327
-0.000469
-0.000284
0.000016
0.000002
-0.000073
0.000258
0.001071
0.002255
0.002943
0.002782
0.002048
0.001266
0.000889
0.000614
-0.000367
-0.001533
-0.001710
-0.001821
-0.001605
-0.000811
0.000143
0.000639
0.001256
0.001220
0.000612
0.000311
0.000018
-0.000417
-0.000531
-0.000327
0.000093
0.000403
0.000409
0.000374
0.000586
0.000681
0.000622
0.000380
0.000582
0.000398
-0.000424
-0.000423
-0.000185
0.000694
0.001831
0.002743
0.003395
0.003326
0.002717
0.001974
0.000318
-0.001586
-0.003060
-0.004061
-0.004491
-0.004539
-0.003867
-0.002344
-0.000048
0.002023
0.004298
0.006054
0.006500
0.006475
0.005517
0.004119
0.002248
0.000083
-0.001839
-0.003683
-0.004518
-0.004729
-0.004168
-0.002465
-0.000891
0.001159
0.002850
0.003739
0.004238
0.004252
0.004162
0.003842
0.002270
0.000831
0.000099
-0.000832
-0.001791
-0.002676
-0.003186
-0.002967
-0.002476
-0.001210
-0.000053
0.000742
0.001183
0.001815
0.002581
0.002771
0.002728
0.002041
0.001491
0.001208
0.000791
0.000803
0.000859
0.000291
0.000140
0.000099
-0.000226
-0.000791
-0.001818
-0.002388
-0.001982
-0.001352
-0.000828
0.000143
0.001191
0.002758
0.003644
0.003181
0.002492
0.001996
0.001182
0.000791
0.000133
-0.000460
-0.000376
-0.000028
0.000329
0.000508
0.000746
0.000765
0.000042
-0.000474
-0.000900
-0.000624
-0.000361
-0.000109
0.000438
0.000836
0.000796
0.000952
0.000859
0.000323
-0.000221
0.000195
0.000493
0.000712
0.000736
0.000795
0.000718
0.000696
0.001213
0.001588
0.001322
0.001168
0.000925
0.000468
-0.000240
-0.001033
-0.001442
-0.001209
-0.001217
-0.001141
-0.000956
0.000356
0.002115
0.003265
0.004031
0.004235
0.004112
0.003569
0.002590
0.001485
0.000069
-0.002378
-0.003820
-0.003975
-0.003772
-0.003240
-0.002379
-0.000593
0.000745
0.002198
0.003775
0.004527
0.004990
0.005431
0.004835
0.003278
0.001870
0.000151
-0.001731
-0.003011
-0.003778
-0.004474
-0.004674
-0.003869
-0.002694
-0.001451
-0.000106
0.001534
0.002048
0.002607
0.003105
0.003434
0.003321
0.003168
0.003042
0.002521
0.001398
0.000076
-0.000785
-0.001924
-0.003065
-0.003193
-0.003085
-0.002767
-0.002018
-0.000798
0.000148
0.000788
0.001478
0.001784
0.001595
0.001560
0.001902
0.001841
0.001678
0.001360
0.000787
0.000626
0.000363
0.000095
0.000002
-0.000486
-0.001445
-0.001340
-0.000529
-0.000630
-0.000954
-0.000429
0.000100
0.000169
0.000991
0.001796
0.001867
0.002075
0.001751
0.000998
0.000710
0.000439
0.000359
0.000098
0.000235
0.000581
0.000892
0.000913
0.000839
0.000892
0.000567
0.000091
-0.000389
-0.000423
-0.000380
-0.000288
0.000122
0.000912
0.001360
0.001305
0.001257
0.001548
0.001533
0.000669
0.000362
0.000260
0.000025
0.000458
0.000569
0.000352
0.000512
0.000259
0.000023
0.000031
0.000050
0.000011
-0.000153
-0.000467
0.000042
0.000835
0.000848
0.000708
0.000570
0.000247
0.000703
0.001136
0.000638
0.000118
-0.000143
-0.000404
-0.000685
-0.000508
-0.000079
0.000347
0.000474
0.000714
0.001301
0.001268
0.000957
0.000698
0.000246
-0.000375
-0.000796
-0.000907
-0.001138
-0.000965
-0.000314
0.000350
0.000824
0.001226
0.001785
0.002458
0.003091
0.003035
0.003025
0.003041
0.002370
0.001475
0.000624
-0.000393
-0.000950
-0.001633
-0.002510
-0.002295
-0.001860
-0.001477
-0.000615
0.000391
0.000903
0.001282
0.001987
0.002193
0.002318
0.002112
0.001661
0.001112
0.000533
0.000739
0.000554
0.000342
0.000554
-0.000227
-0.000420
-0.000199
-0.000749
-0.001151
-0.001623
-0.001781
-0.001158
-0.000423
-0.000304
0.000183
0.001152
0.001473
0.001806
0.002139
0.002316
0.002403
0.002163
0.001722
0.001066
0.000406
0.000101
-0.000140
-0.000682
-0.001231
-0.001248
-0.000892
-0.000807
-0.001026
-0.001060
-0.001001
-0.000598
0.000294
0.001098
0.001392
0.001917
0.002184
0.002114
0.001997
0.001252
0.000376
0.000301
0.000350
0.000230
-0.000070
-0.000270
-0.000169
-0.000028
0.000035
0.000088
-0.000034
-0.000103
0.000127
-0.000346
-0.000790
-0.000732
-0.000377
0.000106
0.000323
0.000443
0.000587
0.000588
0.000366
0.000319
0.000260
-0.000101
-0.000051
-0.000386
-0.000555
-0.000479
-0.000182
-0.000181
-0.000108
0.001247
0.001790
0.001273
0.001229
0.001062
0.000857
0.000724
0.000055
0.000023
0.000309
0.000764
0.001447
0.001492
0.001307
0.001061
0.000991
0.000813
0.000166
-0.000642
-0.000575
-0.000017
-0.000223
-0.000410
0.000054
0.000173
0.000286
0.000718
0.000859
0.000532
0.000556
0.000802
0.000826
0.000297
0.000336
0.000249
0.000333
0.000420
0.000655
0.001046
0.001030
0.000719
0.000391
0.000064
-0.000414
-0.000250
-0.000516
-0.000767
-0.000504
-0.000441
-0.000275
0.000567
0.001172
0.000892
0.000893
0.001216
0.001154
0.000915
0.000733
0.000599
0.000175
-0.000500
-0.000737
-0.000821
-0.000927
-0.000840
-0.000601
-0.000607
-0.000508
-0.000070
0.000627
0.001518
0.002150
0.002181
0.002435
0.002327
0.001461
0.000819
0.000495
0.000191
0.000006
0.000404
0.000320
0.000084
-0.000398
-0.000773
-0.001054
-0.000915
-0.000883
-0.000806
-0.000621
0.000012
0.000595
0.000932
0.001115
0.001412
0.001594
0.001563
0.001901
0.001984
0.001581
0.001341
0.001342
0.001061
0.000478
-0.000172
-0.000824
-0.001484
-0.001779
-0.001749
-0.001425
-0.001282
-0.001395
-0.000904
0.000053
0.000945
0.001855
0.001945
0.001636
0.001554
0.001653
0.001533
0.001114
0.000592
0.000483
0.000320
0.000384
0.000503
0.000074
0.000071
0.000102
0.000063
0.000037
-0.000005
-0.000320
-0.000757
-0.000775
-0.000431
-0.000465
-0.000395
0.000346
0.000919
0.001646
0.002042
0.001849
0.001740
0.001487
0.001084
0.000420
-0.000053
-0.000178
-0.000565
-0.000903
-0.000974
-0.000642
-0.000684
-0.000736
-0.000303
0.000059
0.000850
0.001728
0.001972
0.001882
0.001660
0.001388
0.000718
-0.000155
-0.000827
-0.001388
-0.001432
-0.001581
-0.001003
-0.000682
-0.000949
-0.000294
0.000849
0.001376
0.001722
0.001731
0.001654
0.001377
0.000896
0.000543
0.000373
0.000095
-0.000418
-0.000373
-0.000172
0.000043
0.000085
0.000192
0.000869
0.001083
0.001029
0.001123
0.001044
0.000746
0.000341
0.000109
0.000231
-0.000056
-0.001035
-0.001186
-0.000662
-0.000509
-0.000431
0.000108
0.000358
0.000456
0.000811
0.001239
0.001549
0.001556
0.001458
0.001342
0.000957
0.000653
0.000236
-0.000083
-0.000229
-0.000902
-0.001069
-0.000622
-0.000590
-0.000582
-0.000058
0.000330
0.000961
0.001515
0.001009
0.001018
0.001169
0.001182
0.000637
0.000074
0.000070
0.000076
0.000134
0.000153
0.000246
0.000048
-0.000647
-0.000618
-0.000316
0.000127
0.000328
0.000406
0.000757
0.000689
0.000508
0.000514
0.000284
0.000503
0.000326
-0.000006
0.000233
0.000295
0.000090
0.000032
0.000412
0.000800
0.001272
0.001374
0.001340
0.001215
0.000888
0.000923
0.001051
0.001142
0.001127
0.000402
-0.000021
0.000330
0.000279
0.000361
0.000298
0.000405
0.000599
0.000522
0.000411
0.000392
0.000749
0.000578
0.000139
-0.000094
0.000113
-0.000128
-0.000113
0.000408
0.000352
0.000429
0.000926
0.000796
0.000516
0.000621
0.000792
0.000793
0.000171
-0.000151
-0.000244
-0.000490
-0.000482
-0.000603
-0.000237
0.000010
-0.000062
0.000063
0.000021
0.000249
0.000480
0.000758
0.001086
0.001063
0.000874
0.000652
0.000322
0.000438
0.000533
0.000162
-0.000307
-0.000562
-0.000924
-0.000657
-0.000551
-0.000466
0.000282
0.000840
0.001061
0.001476
0.001731
0.001779
0.001851
0.001969
0.001644
0.000873
0.000252
0.000042
-0.000698
-0.001032
-0.001121
-0.000760
-0.000910
-0.001320
-0.000996
-0.000542
-0.000002
0.000875
0.001316
0.001440
0.001528
0.001870
0.001934
0.001627
0.001292
0.001210
0.001154
0.001387
0.001264
0.000912
0.000405
-0.000158
-0.000497
-0.000626
-0.000712
-0.000696
-0.000559
-0.000237
0.000227
0.000510
0.000486
0.000164
0.000162
0.000570
0.000395
0.000631
0.001484
0.001189
0.000737
0.000943
0.000836
0.001003
0.001495
0.001811
0.000930
0.000084
-0.000337
-0.000582
-0.000699
-0.000763
-0.000416
-0.000514
-0.000877
-0.000448
0.000396
0.000904
0.000796
0.000956
0.001080
0.000575
0.000315
0.000083
-0.000151
-0.000292
-0.000451
0.000102
0.000838
0.001243
0.001313
0.001480
0.001522
0.001388
0.001347
0.000631
0.000107
-0.000173
-0.000598
-0.000971
-0.000935
-0.000727
-0.000765
-0.000586
0.000002
0.000586
0.000839
0.000948
0.001017
0.001178
0.001193
0.001159
0.000929
0.000595
0.000288
-0.000079
-0.000171
-0.000244
-0.000456
-0.000796
-0.000839
-0.000573
0.000286
0.000702
0.000656
0.000287
-0.000059
-0.000137
0.000097
0.000136
-0.000426
-0.000622
-0.000710
-0.000377
0.000254
0.000741
0.001404
0.001505
0.001389
0.001199
0.001345
0.001262
0.000646
0.000629
0.000311
-0.000196
-0.000256
0.000178
0.000626
0.000721
0.000340
-0.000352
-0.000622
-0.001079
-0.001029
-0.000879
-0.000903
-0.000321
-0.000102
0.000063
0.000537
0.001148
0.001371
0.001288
0.001352
0.001270
0.001155
0.000975
0.000467
-0.000107
-0.000685
-0.001053
-0.001090
-0.001162
-0.001119
-0.000873
-0.000355
0.000040
0.000443
0.000604
0.000667
0.000688
0.000507
0.000558
0.000813
0.000624
0.000448
0.000866
0.000621
0.000421
0.000754
0.000778
0.000895
0.001182
0.000936
0.000822
0.000828
0.000751
0.000613
0.000161
0.000097
-0.000246
-0.000567
-0.000204
0.000021
0.000261
0.000722
0.000829
0.001041
0.001112
0.000623
0.000531
0.000808
0.000642
0.000338
0.000242
0.000374
0.000367
0.000170
-0.000204
-0.000067
0.000395
0.000295
0.000214
0.000694
0.000759
0.000674
0.001278
0.001216
0.000372
0.000097
0.000228
0.000369
0.000951
0.001072
0.000571
0.000411
0.000287
-0.000098
-0.000244
-0.000291
-0.000727
-0.000993
-0.000458
-0.000201
-0.000046
0.000135
0.000597
0.001211
0.000946
0.000915
0.000842
0.000554
0.000564
0.000466
0.000319
0.000479
0.000141
0.000114
0.000205
-0.000078
0.000555
0.000937
-0.000084
-0.000761
-0.000462
