# STATIONID: 205
# STARTTIME: 1123739053.100000
# SAMPLERATE: 100
# NUMSAMPLES: 8267
0.007391
0.011488
0.010788
0.011742
0.012722
0.013151
0.012956
0.013478
0.012893
0.011418
0.010894
0.011328
0.011387
0.010601
0.010249
0.009889
0.009551
0.009157
0.009724
0.010600
0.010781
0.011544
0.012322
0.012952
0.013425
0.013463
0.013027
0.012951
0.012560
0.011541
0.011130
0.011153
0.010997
0.010791
0.010265
0.009365
0.008563
0.008865
0.010062
0.010710
0.011789
0.012589
0.012285
0.011359
0.011500
0.012603
0.013579
0.013320
0.011801
0.010723
0.010844
0.010718
0.009828
0.009878
0.010215
0.010254
0.010177
0.010135
0.010681
0.011966
0.012660
0.012595
0.012672
0.013056
0.013161
0.012636
0.011543
0.010513
0.008501
0.005669
0.004007
0.004932
0.008151
0.010660
0.012773
0.014705
0.015762
0.015740
0.015669
0.015574
0.015448
0.015760
0.015995
0.014895
0.012982
0.012525
0.012670
0.012422
0.011510
0.011160
0.011522
0.011775
0.011904
0.012184
0.012115
0.011435
0.010913
0.010664
0.010600
0.011388
0.011609
0.011146
0.011125
0.011610
0.012313
0.012393
0.012311
0.012663
0.012707
0.012330
0.012960
0.013435
0.013254
0.012863
0.012714
0.012272
0.009937
0.006828
0.004963
0.003251
0.002300
0.002714
0.004879
0.008115
0.009306
0.009528
0.011651
0.015531
0.017738
0.019589
0.020960
0.021430
0.020613
0.019786
0.019174
0.016989
0.015149
0.014783
0.013593
0.012272
0.011582
0.010786
0.009645
0.009242
0.009317
0.009630
0.009361
0.009659
0.010353
0.010726
0.011503
0.012071
0.012574
0.013643
0.014217
0.014545
0.014028
0.013861
0.014405
0.014572
0.013931
0.013617
0.013437
0.012779
0.012705
0.012229
0.012101
0.012750
0.012764
0.011930
0.012243
0.012273
0.011411
0.011204
0.011317
0.011893
0.012778
0.013827
0.014529
0.015031
0.014632
0.013998
0.012653
0.011892
0.010981
0.010343
0.010956
0.012288
0.014126
0.014983
0.014893
0.015157
0.015741
0.015740
0.015737
0.015565
0.015087
0.014284
0.012372
0.010559
0.010078
0.010564
0.011111
0.011463
0.011983
0.012505
0.012885
0.013067
0.013532
0.013946
0.014229
0.014011
0.014119
0.015084
0.014957
0.014543
0.014567
0.013742
0.013443
0.013629
0.014030
0.014798
0.014956
0.015315
0.015051
0.014423
0.013753
0.012547
0.012084
0.012193
0.012849
0.013406
0.013750
0.013703
0.013034
0.012062
0.011310
0.010717
0.009933
0.009737
0.010384
0.010762
0.010806
0.011435
0.011843
0.012180
0.012141
0.012969
0.013458
0.013495
0.013960
0.013773
0.013893
0.014539
0.015394
0.015608
0.014281
0.013873
0.014132
0.014280
0.014196
0.013878
0.013206
0.012655
0.012521
0.012599
0.011924
0.011534
0.011751
0.011529
0.011895
0.012588
0.013284
0.013907
0.014287
0.013760
0.012495
0.012286
0.012864
0.013501
0.013635
0.013876
0.014467
0.014564
0.014275
0.014120
0.013747
0.014176
0.015157
0.015266
0.014651
0.013195
0.012744
0.012581
0.012011
0.012166
0.011920
0.012451
0.013962
0.014960
0.015597
0.015302
0.013956
0.013404
0.013484
0.013160
0.013243
0.013952
0.013837
0.012529
0.012162
0.012202
0.012455
0.013261
0.013331
0.013300
0.013541
0.013117
0.013337
0.014135
0.013733
0.014122
0.015324
0.015630
0.015690
0.014693
0.013874
0.013244
0.012845
0.012659
0.012656
0.012910
0.012647
0.012005
0.011955
0.012065
0.011935
0.012965
0.013669
0.014155
0.014344
0.013909
0.013823
0.013148
0.010694
0.009971
0.010784
0.011887
0.012175
0.012409
0.013211
0.013765
0.013759
0.013616
0.014205
0.014802
0.014346
0.013592
0.014053
0.014389
0.013831
0.013126
0.012876
0.013202
0.013592
0.012775
0.012238
0.012815
0.013730
0.014498
0.014342
0.013786
0.014198
0.014999
0.014978
0.014742
0.014989
0.015221
0.013920
0.013260
0.013145
0.012487
0.012341
0.012074
0.011701
0.012165
0.012600
0.012618
0.012852
0.012882
0.012800
0.013255
0.014640
0.015482
0.016003
0.016023
0.015552
0.015072
0.014460
0.014126
0.013819
0.013907
0.013964
0.013861
0.013031
0.011803
0.011088
0.011063
0.011444
0.012244
0.012586
0.012496
0.012728
0.012437
0.012682
0.012686
0.012530
0.012892
0.012919
0.013068
0.013481
0.014001
0.014088
0.013739
0.013590
0.014537
0.014729
0.014062
0.014521
0.014574
0.013921
0.013119
0.013094
0.013929
0.013457
0.012684
0.012834
0.013184
0.012422
0.011885
0.012363
0.012560
0.011491
0.010170
0.010356
0.011062
0.011445
0.011653
0.012657
0.013702
0.014783
0.015543
0.015734
0.016493
0.016593
0.016403
0.016214
0.015808
0.015883
0.015462
0.014321
0.013834
0.013375
0.013450
0.013868
0.013488
0.013433
0.013529
0.013319
0.012959
0.013174
0.013581
0.013448
0.013526
0.013478
0.013544
0.012760
0.011870
0.012716
0.012486
0.012109
0.012807
0.012767
0.012255
0.011956
0.011400
0.011956
0.013880
0.015102
0.015569
0.016154
0.016441
0.015398
0.014383
0.014409
0.013928
0.014277
0.014117
0.013277
0.012379
0.012495
0.012864
0.012713
0.012717
0.012371
0.012224
0.013147
0.014071
0.013759
0.012815
0.012382
0.012971
0.013193
0.013327
0.014151
0.014301
0.014077
0.013720
0.013861
0.014032
0.014074
0.013363
0.012562
0.012960
0.013566
0.014038
0.013680
0.012559
0.011394
0.010698
0.011010
0.011238
0.010616
0.011164
0.011240
0.010334
0.010702
0.010855
0.010940
0.010423
0.009657
0.009448
0.009601
0.009767
0.010189
0.010642
0.011242
0.012062
0.012184
0.012482
0.012390
0.012514
0.013035
0.013100
0.013607
0.013743
0.013402
0.012864
0.012350
0.011686
0.010563
0.010393
0.010834
0.011312
0.011308
0.010767
0.010673
0.011072
0.011751
0.012437
0.012946
0.013175
0.012825
0.012457
0.012917
0.013173
0.013323
0.013368
0.013396
0.013528
0.013528
0.013676
0.012630
0.011826
0.011579
0.011402
0.011858
0.011409
0.010552
0.010782
0.010858
0.011012
0.011062
0.011007
0.011535
0.012163
0.012475
0.012071
0.011570
0.011350
0.011867
0.012413
0.012103
0.011572
0.011003
0.011116
0.011420
0.011197
0.011363
0.011818
0.012157
0.012090
0.011326
0.011478
0.012039
0.011836
0.011216
0.010409
0.009830
0.009480
0.009787
0.010661
0.011723
0.012530
0.011454
0.010872
0.011108
0.011066
0.011818
0.012197
0.012138
0.011754
0.011222
0.011792
0.012361
0.011709
0.010701
0.010106
0.010046
0.010197
0.010023
0.009461
0.010176
0.010778
0.010873
0.012217
0.012724
0.012412
0.012928
0.012908
0.011961
0.011137
0.010169
0.009518
0.010173
0.011348
0.012563
0.012950
0.012792
0.012761
0.012722
0.013040
0.013666
0.013998
0.013381
0.012875
0.012632
0.012229
0.012569
0.012557
0.011692
0.010197
0.009138
0.009688
0.010560
0.011524
0.011899
0.012089
0.013326
0.013939
0.013704
0.013388
0.013506
0.013338
0.012589
0.012309
0.012122
0.011892
0.011909
0.011537
0.011003
0.010904
0.011437
0.011631
0.011419
0.011806
0.009914
0.008147
0.008946
0.009336
0.010763
0.011652
0.011014
0.009365
0.008686
0.008885
0.008119
0.009125
0.008989
0.009964
0.011319
0.012630
0.013831
0.014599
0.014376
0.013986
0.012268
0.010009
0.010048
0.010840
0.011857
0.012966
0.013922
0.014373
0.014438
0.014349
0.014479
0.013697
0.012251
0.011138
0.010541
0.009811
0.009612
0.009854
0.009798
0.009845
0.009320
0.008046
0.008604
0.009811
0.010533
0.011556
0.012541
0.012751
0.011299
0.009442
0.008748
0.007607
0.007061
0.006987
0.008955
0.010546
0.012381
0.014037
0.014718
0.015254
0.013980
0.011026
0.008503
0.007876
0.009055
0.010686
0.012507
0.013904
0.014682
0.015216
0.014815
0.013683
0.013370
0.013499
0.012140
0.008377
0.004848
0.003572
0.002431
0.001292
0.000868
0.001253
0.002839
0.005833
0.007998
0.009973
0.011990
0.011897
0.011960
0.012117
0.012173
0.011964
0.011772
0.011482
0.011375
0.010702
0.010036
0.008784
0.007813
0.008052
0.007667
0.006727
0.008650
0.012988
0.016236
0.018182
0.019207
0.018669
0.018629
0.018708
0.017428
0.015246
0.011920
0.009137
0.005818
0.003470
0.003193
0.004390
0.005965
0.006935
0.006987
0.006494
0.007168
0.008300
0.007844
0.006511
0.004821
0.003578
0.002646
0.002523
0.003987
0.005675
0.007382
0.007992
0.008410
0.008743
0.009079
0.009764
0.010113
0.010687
0.010459
0.009941
0.009974
0.009433
0.008930
0.009170
0.009558
0.010265
0.009969
0.008614
0.008021
0.007921
0.007795
0.007976
0.008111
0.007574
0.006732
0.005814
0.005198
0.006205
0.007668
0.008020
0.007972
0.007975
0.008296
0.008835
0.010611
0.011278
0.010546
0.010340
0.010485
0.010267
0.009720
0.009028
0.007920
0.006905
0.006430
0.006284
0.006411
0.006247
0.006394
0.007641
0.008580
0.009944
0.011741
0.012347
0.012783
0.012928
0.012256
0.011387
0.010761
0.010325
0.010273
0.009636
0.008448
0.008327
0.008211
0.008142
0.008536
0.009461
0.010409
0.010726
0.010351
0.009700
0.009367
0.009054
0.008812
0.008893
0.009186
0.009658
0.009285
0.009080
0.010005
0.010120
0.009889
0.010065
0.010467
0.010294
0.010341
0.010624
0.010477
0.010692
0.011049
0.010846
0.010306
0.009290
0.009661
0.010907
0.010411
0.009117
0.008311
0.007823
0.008031
0.008854
0.010169
0.011873
0.013201
0.014377
0.016240
0.017046
0.016499
0.015660
0.014808
0.013599
0.012363
0.011059
0.009607
0.008261
0.007791
0.008085
0.007332
0.006674
0.007210
0.007941
0.008778
0.010070
0.010865
0.010379
0.009605
0.009284
0.009740
0.010151
0.009603
0.009453
0.009258
0.008658
0.009310
0.010847
0.012130
0.012922
0.013087
0.013032
0.013050
0.012622
0.012521
0.012031
0.010845
0.009658
0.008376
0.007641
0.007816
0.007510
0.007216
0.008168
0.008983
0.008315
0.007931
0.007962
0.007796
0.007522
0.006815
0.006893
0.008321
0.009364
0.009871
0.009923
0.010016
0.010688
0.011022
0.011451
0.012230
0.012670
0.012214
0.011366
0.010954
0.009557
0.008236
0.008129
0.007443
0.006249
0.005864
0.006786
0.008174
0.009105
0.009534
0.009827
0.011168
0.012284
0.012018
0.012150
0.011942
0.010521
0.010645
0.010118
0.009187
0.009637
0.009918
0.009562
0.009178
0.008491
0.008060
0.008628
0.009604
0.010516
0.011074
0.010706
0.009606
0.008993
0.009640
0.009028
0.008338
0.008762
0.009533
0.010360
0.010431
0.009240
0.009240
0.009997
0.009789
0.009307
0.009638
0.009952
0.009532
0.010145
0.010513
0.009516
0.010137
0.010818
0.010672
0.011026
0.010410
0.009467
0.008737
0.007772
0.007839
0.007786
0.007889
0.008187
0.008239
0.008410
0.007258
0.006296
0.005670
0.005401
0.005433
0.006141
0.007287
0.008258
0.008655
0.008938
0.008856
0.008337
0.008076
0.007865
0.008232
0.008350
0.008939
0.009526
0.009426
0.009319
0.009622
0.009323
0.008295
0.008134
0.007682
0.007287
0.007550
0.007405
0.007590
0.007759
0.008012
0.008085
0.008198
0.008557
0.008839
0.009195
0.009160
0.009392
0.008611
0.008089
0.008283
0.008132
0.008579
0.008444
0.007660
0.006984
0.006332
0.005701
0.005777
0.006227
0.006486
0.007175
0.007291
0.007996
0.009943
0.010938
0.010657
0.010009
0.009823
0.009368
0.008847
0.008265
0.008250
0.008468
0.008265
0.008265
0.008143
0.008426
0.008940
0.009077
0.009274
0.009679
0.010463
0.011285
0.010838
0.009846
0.010101
0.010067
0.009136
0.008574
0.008020
0.007711
0.008146
0.008602
0.007957
0.007409
0.008001
0.008685
0.009352
0.010054
0.010033
0.009535
0.009305
0.009128
0.009198
0.009497
0.008974
0.008195
0.007392
0.006150
0.005337
0.005399
0.005933
0.006172
0.007199
0.008446
0.008529
0.008222
0.009468
0.010119
0.009756
0.009670
0.008396
0.007897
0.008278
0.007986
0.007835
0.007639
0.007264
0.007405
0.006674
0.006375
0.006457
0.006908
0.007138
0.007107
0.007607
0.008962
0.010092
0.009556
0.009107
0.008844
0.008567
0.008277
0.007718
0.007838
0.008235
0.007969
0.007700
0.007260
0.006844
0.007368
0.007500
0.007683
0.008495
0.008890
0.008733
0.008437
0.008519
0.008389
0.008677
0.009001
0.008828
0.009082
0.008963
0.009279
0.010485
0.010698
0.009707
0.008592
0.008237
0.008256
0.007921
0.008175
0.008614
0.008844
0.009082
0.009482
0.009998
0.010302
0.010259
0.010381
0.010837
0.009870
0.008882
0.008512
0.008039
0.007977
0.008453
0.008562
0.007870
0.007985
0.008422
0.009036
0.009806
0.009714
0.009880
0.009463
0.008943
0.008914
0.008077
0.007778
0.008056
0.007715
0.007326
0.007517
0.007716
0.008160
0.008319
0.008447
0.009488
0.009550
0.009463
0.009700
0.008934
0.008582
0.008745
0.008507
0.008364
0.008486
0.008421
0.008573
0.007745
0.007565
0.008462
0.009094
0.009349
0.009112
0.009154
0.008414
0.008171
0.008435
0.007932
0.007164
0.007869
0.008614
0.008534
0.008671
0.008912
0.008556
0.006654
0.004747
0.004421
0.004509
0.004868
0.005281
0.005002
0.004604
0.004953
0.006589
0.007478
0.007429
0.007949
0.009133
0.010410
0.010560
0.010079
0.009644
0.009237
0.007714
0.006934
0.007447
0.007381
0.007467
0.007394
0.007382
0.007008
0.006654
0.006857
0.006681
0.006379
0.006957
0.008242
0.008656
0.009117
0.009248
0.008828
0.008363
0.008027
0.008513
0.008154
0.007477
0.007482
0.007272
0.006429
0.005532
0.005574
0.006226
0.006401
0.006328
0.006234
0.006610
0.006895
0.006522
0.006816
0.007284
0.007438
0.007657
0.007587
0.007253
0.007187
0.006965
0.006827
0.006847
0.006425
0.005867
0.005899
0.005770
0.005997
0.006902
0.007256
0.007541
0.007773
0.007901
0.007714
0.007696
0.007494
0.006494
0.006290
0.006226
0.006190
0.006105
0.006037
0.006025
0.005999
0.006271
0.006567
0.007117
0.007630
0.007280
0.008187
0.009221
0.008928
0.008955
0.008603
0.007983
0.007783
0.007383
0.007573
0.007683
0.007157
0.006611
0.006932
0.007425
0.007174
0.007249
0.007772
0.008272
0.008440
0.007968
0.008142
0.008656
0.008891
0.008925
0.008279
0.007466
0.006817
0.006829
0.006919
0.007736
0.008034
0.007038
0.007354
0.007691
0.007586
0.007210
0.006135
0.006110
0.006157
0.005102
0.004517
0.004279
0.004566
0.005144
0.005458
0.006536
0.007316
0.007695
0.008188
0.008340
0.008559
0.008396
0.007755
0.007574
0.007340
0.006543
0.005349
0.004638
0.004646
0.004665
0.004705
0.005387
0.005863
0.006174
0.006871
0.006977
0.007010
0.007575
0.007714
0.007336
0.006970
0.006985
0.006872
0.006347
0.007142
0.007864
0.007590
0.008067
0.008391
0.007695
0.006661
0.006442
0.006614
0.007055
0.007484
0.007146
0.007249
0.007631
0.007107
0.007865
0.008721
0.008765
0.009472
0.010002
0.009482
0.008579
0.007956
0.007545
0.007351
0.006114
0.004321
0.003486
0.003085
0.003398
0.004612
0.004427
0.004727
0.005918
0.005961
0.006158
0.006746
0.006564
0.006327
0.007011
0.007125
0.007159
0.007452
0.008806
0.009990
0.010171
0.010392
0.010225
0.009551
0.008870
0.008311
0.007631
0.006180
0.005379
0.005952
0.006930
0.007685
0.009130
0.009850
0.010223
0.010579
0.010268
0.009549
0.008248
0.007827
0.007310
0.007040
0.007154
0.006534
0.006088
0.005816
0.006022
0.006619
0.005891
0.004294
0.003313
0.002988
0.003820
0.005973
0.007959
0.009020
0.009987
0.010597
0.010508
0.010205
0.009930
0.009547
0.008665
0.008025
0.006770
0.005697
0.006660
0.007589
0.007532
0.007326
0.007677
0.007073
0.005771
0.004115
0.003488
0.003918
0.004631
0.005707
0.006117
0.006540
0.007847
0.009342
0.009889
0.010249
0.010027
0.009311
0.008414
0.007795
0.007899
0.007415
0.005951
0.005123
0.005224
0.005101
0.005260
0.005640
0.005850
0.005876
0.006099
0.006060
0.005947
0.005696
0.005998
0.006691
0.007423
0.006956
0.006397
0.006297
0.005789
0.006535
0.007592
0.007797
0.007065
0.006832
0.006204
0.005474
0.005642
0.005653
0.005051
0.005200
0.005723
0.005563
0.006193
0.006342
0.007387
0.008504
0.008177
0.007302
0.006650
0.006848
0.006794
0.007455
0.007696
0.006582
0.005518
0.005312
0.005451
0.005620
0.005637
0.006139
0.006787
0.007419
0.007997
0.008052
0.007908
0.006975
0.005897
0.005051
0.004030
0.003199
0.001895
0.001068
0.000741
0.000065
0.000673
0.002046
0.003420
0.004843
0.005237
0.005690
0.006935
0.007359
0.007207
0.007333
0.007418
0.007685
0.007705
0.007706
0.008056
0.007815
0.008132
0.008250
0.007593
0.007383
0.006853
0.006376
0.006322
0.006093
0.005686
0.005038
0.004644
0.005332
0.005551
0.005805
0.005912
0.005005
0.005013
0.004927
0.004737
0.005043
0.005279
0.005585
0.006530
0.006897
0.006845
0.007385
0.007766
0.007066
0.007126
0.007114
0.006824
0.006680
0.006692
0.007199
0.006789
0.007017
0.007297
0.006650
0.006008
0.005063
0.004371
0.004082
0.003922
0.004228
0.004324
0.004624
0.005814
0.006349
0.006975
0.007327
0.007833
0.008799
0.008735
0.008247
0.007954
0.007850
0.007249
0.006477
0.006508
0.006553
0.005770
0.005037
0.005009
0.005347
0.006020
0.006902
0.006916
0.005834
0.005510
0.005767
0.005907
0.005701
0.006131
0.007352
0.008113
0.008203
0.006900
0.006617
0.006946
0.005878
0.005667
0.006746
0.006298
0.006009
0.006586
0.006670
0.006693
0.006131
0.005201
0.002162
-0.000443
-0.001703
-0.002976
-0.002852
-0.002293
-0.001199
-0.000160
0.000170
0.001229
0.002683
0.003593
0.003707
0.003658
0.003729
0.003871
0.004325
0.005417
0.005813
0.005300
0.005738
0.005916
0.004202
0.002485
0.000977
-0.000681
-0.001128
-0.000960
-0.000594
0.000255
0.002068
0.003405
0.003601
0.004404
0.006342
0.007745
0.007989
0.006724
0.005462
0.004728
0.004565
0.004891
0.004926
0.005036
0.005208
0.004601
0.003886
0.004079
0.004247
0.004789
0.005062
0.004682
0.003922
0.002561
0.000917
-0.000879
-0.002222
-0.002599
-0.003012
-0.002384
-0.000086
0.002422
0.005452
0.005937
0.006038
0.006201
0.005461
0.004410
0.004128
0.005262
0.006805
0.006877
0.005711
0.005227
0.002893
0.000873
0.001074
0.001308
0.000535
-0.000313
-0.000278
-0.000586
-0.000602
-0.000204
0.000478
0.001662
0.002621
0.003291
0.002310
0.001341
0.001298
0.001491
0.003140
0.005370
0.007177
0.008603
0.009956
0.009822
0.008874
0.007879
0.007023
0.006698
0.006890
0.006839
0.007214
0.007790
0.007345
0.007133
0.007157
0.006199
0.004994
0.005501
0.006580
0.007138
0.007392
0.007335
0.007934
0.007719
0.007469
0.007209
0.005653
0.004931
0.004855
0.004201
0.003268
0.001237
-0.000519
-0.000588
0.000848
0.001954
0.001988
0.002447
0.003461
0.003829
0.003657
0.002861
0.002349
0.002280
0.001846
0.001925
0.001459
0.000385
-0.000800
-0.000250
0.000964
0.001928
0.002752
0.003449
0.003064
0.002261
0.002686
0.002788
0.002651
0.002904
0.003145
0.003515
0.003016
0.003668
0.004345
0.004046
0.004260
0.004329
0.004194
0.003805
0.003735
0.003760
0.003830
0.004155
0.004219
0.003346
0.002742
0.002982
0.003393
0.003413
0.003024
0.003420
0.004257
0.004482
0.005186
0.006721
0.007307
0.006945
0.006820
0.006615
0.005300
0.004738
0.005023
0.004085
0.003171
0.003105
0.003739
0.004709
0.004741
0.003902
0.003498
0.004045
0.004916
0.004661
0.004559
0.004638
0.003785
0.002285
0.000291
0.000299
0.001601
0.002627
0.003858
0.004483
0.004147
0.004601
0.005606
0.007012
0.008172
0.007905
0.007444
0.007419
0.007441
0.006458
0.005209
0.004223
0.003567
0.003102
0.002049
0.001734
0.002183
0.002617
0.002628
0.002694
0.002830
0.002827
0.002571
0.002795
0.002518
0.002267
0.002356
0.002235
0.002223
0.002739
0.003283
0.003556
0.003605
0.003507
0.003417
0.004015
0.004669
0.005159
0.005840
0.005050
0.003669
0.003486
0.004045
0.004284
0.004416
0.005258
0.005135
0.004308
0.003686
0.003378
0.003275
0.003171
0.003852
0.004922
0.005384
0.005406
0.004393
0.003684
0.003566
0.003536
0.003982
0.004966
0.005812
0.005175
0.003915
0.003636
0.003554
0.003588
0.003854
0.003870
0.003861
0.004025
0.004300
0.003858
0.003577
0.003711
0.003833
0.003754
0.002862
0.001801
0.001383
0.001588
0.001517
0.001660
0.001860
0.002971
0.004232
0.005352
0.006754
0.007563
0.007513
0.006656
0.006630
0.006448
0.005381
0.004705
0.003490
0.000809
-0.001826
-0.003289
-0.004006
-0.004425
-0.004470
-0.003390
-0.002129
-0.001242
0.000047
0.002036
0.003971
0.004220
0.004112
0.004244
0.003848
0.002940
0.002870
0.002687
0.002101
0.002821
0.003471
0.003801
0.004734
0.004869
0.004755
0.004802
0.003668
0.002840
0.001839
0.000636
0.000772
0.002657
0.003795
0.004146
0.004443
0.004342
0.004155
0.003958
0.003192
0.002650
0.003079
0.003113
0.002502
0.001999
0.001580
0.001030
0.000771
0.000672
0.001155
0.002123
0.003645
0.004795
0.003953
0.003569
0.003986
0.003196
0.002409
0.001948
0.001850
0.002254
0.001824
0.001812
0.002160
0.002394
0.002852
0.003860
0.004573
0.005192
0.005406
0.005143
0.005257
0.004796
0.004004
0.003465
0.003370
0.003461
0.003518
0.003396
0.002994
0.002430
0.002151
0.001758
0.002112
0.003035
0.003320
0.003467
0.003571
0.003416
0.003676
0.003100
0.001926
0.001907
0.001701
0.001470
0.001968
0.002292
0.002107
0.002018
0.002210
0.001902
0.002553
0.003073
0.002858
0.002591
0.002789
0.002207
0.002389
0.003162
0.003385
0.003174
0.003395
0.003957
0.003660
0.003498
0.003448
0.003142
0.002406
0.002068
0.001708
0.001453
0.001900
0.001728
0.001823
0.002277
0.002151
0.002742
0.003243
0.001770
-0.000720
-0.002749
-0.003978
-0.004588
-0.004569
-0.004390
-0.003283
-0.001103
0.000333
0.002161
0.003226
0.003714
0.004266
0.003852
0.003213
0.002716
0.002109
0.001340
-0.000177
-0.000843
-0.000365
0.000277
0.000775
0.000487
0.000223
0.001134
0.001596
0.000815
0.000175
0.000353
0.001155
0.001480
0.001357
0.001770
0.001342
0.001557
0.001287
0.000127
0.000061
0.001051
0.000894
-0.000438
-0.001267
-0.001908
-0.001665
-0.001671
-0.001875
-0.001012
-0.000157
0.000293
0.000411
0.000355
0.000231
0.000350
0.000779
0.000845
0.001227
0.001936
0.002364
0.002268
0.002463
0.003449
0.003888
0.003970
0.002927
0.001692
0.001652
0.001283
0.000336
-0.000409
-0.000868
-0.001280
-0.001268
-0.001005
-0.000919
-0.000452
0.000066
0.001023
0.003200
0.004150
0.003697
0.002935
0.002053
0.000877
0.000697
0.000498
0.000212
0.000316
-0.000017
0.000087
0.000323
0.000596
0.001479
0.001806
0.001778
0.001234
0.001033
0.001305
0.001882
0.002394
0.002189
0.002406
0.002008
0.000968
0.000320
0.000151
-0.000176
-0.000490
0.000172
0.000167
0.000154
0.001166
0.001898
0.002580
0.003338
0.003437
0.003242
0.002826
0.002618
0.002150
0.001074
-0.000033
-0.001071
-0.000950
-0.000464
-0.000434
-0.000397
0.000429
0.001168
0.001363
0.002037
0.002185
0.002069
0.002117
0.001650
0.001169
0.001177
0.000540
-0.000164
0.000297
0.000621
0.000508
-0.000067
-0.000110
0.000500
0.000265
0.000202
0.000482
0.000931
0.001513
0.001492
0.001315
0.001346
0.000363
-0.000209
0.000030
0.000389
0.000559
0.000262
-0.000201
-0.000536
-0.000651
-0.000973
-0.001445
-0.001199
-0.000224
0.000396
0.000273
0.000373
0.001241
0.001024
0.000256
0.000113
-0.000132
-0.000170
-0.000178
0.000306
0.000394
0.000696
0.000883
-0.000160
-0.000033
0.001096
0.001609
0.002017
0.002476
0.003150
0.003211
0.002512
0.002307
0.002347
0.003274
0.003802
0.002386
0.000672
-0.000299
-0.000949
-0.001361
-0.001731
-0.001719
-0.001321
-0.001883
-0.001965
-0.001155
-0.000229
0.000130
0.000313
0.001058
0.000830
0.000448
0.000747
0.001227
0.001506
0.001463
0.000505
0.000102
0.000691
0.000872
0.000802
0.000388
-0.001042
-0.001751
-0.002002
-0.002202
-0.002134
-0.002119
-0.002213
-0.001512
-0.001131
-0.000348
0.000788
0.001289
0.001732
0.002829
0.003264
0.003151
0.002627
0.001703
0.000748
0.000511
0.000814
0.000825
0.000862
0.000572
-0.000750
-0.000882
-0.000858
-0.000486
0.000342
0.000001
-0.000611
-0.000448
-0.000905
-0.000523
0.000201
0.000822
0.000978
0.000287
0.000526
0.000076
-0.000499
-0.000202
0.000501
0.001070
0.000827
0.000361
-0.000133
0.000582
0.001454
0.001139
0.001063
0.001864
0.003431
0.002669
0.002523
0.003149
0.003138
0.003630
0.004306
0.005086
0.005453
0.004443
0.003072
0.001985
0.001526
0.001143
0.001227
0.000931
-0.000515
-0.000856
-0.000190
-0.000046
0.000257
0.001108
0.001756
0.002332
0.002413
0.002169
0.002606
0.002192
0.001872
0.002564
0.002253
0.003265
0.004525
0.004550
0.004645
0.004842
0.004117
0.003417
0.002764
0.001896
0.001749
0.001563
0.001133
-0.000050
-0.000510
0.000392
0.001981
0.002904
0.003268
0.003710
0.004853
0.004986
0.004227
0.004075
0.004487
0.003505
0.001193
0.000287
-0.000252
-0.000068
-0.000305
-0.000474
0.000042
0.000779
0.001134
0.001459
0.001927
0.002126
0.002402
0.002445
0.002067
0.002171
0.001814
0.001439
0.001452
0.001249
0.002170
0.002499
0.002099
0.002179
0.002098
0.002492
0.002331
0.002269
0.002573
0.002195
0.001312
0.001773
0.002726
0.004296
0.006208
0.005152
0.003176
0.002469
0.001408
0.000958
0.001055
0.001515
0.001787
0.001326
0.001051
0.001693
0.002776
0.003823
0.004346
0.003886
0.003818
0.004845
0.005376
0.005464
0.005898
0.005212
0.003704
0.002571
0.000505
-0.000850
-0.001636
-0.002028
-0.001650
-0.001158
-0.000704
-0.000102
0.001949
0.003562
0.003660
0.003925
0.004817
0.004783
0.004479
0.004954
0.005233
0.004884
0.004244
0.003490
0.002479
0.001169
0.000797
0.001032
0.000585
0.000800
0.001707
0.002116
0.002488
0.003730
0.004856
0.006175
0.006661
0.006080
0.005090
0.004303
0.004155
0.003827
0.003888
0.003696
0.003090
0.003082
0.002882
0.002199
0.001858
0.002324
0.003397
0.003637
0.003999
0.004679
0.004661
0.004481
0.004098
0.002444
0.000883
0.000294
-0.000649
-0.001569
-0.001656
-0.001428
-0.001110
-0.000625
0.000120
0.001099
0.002276
0.002334
0.001871
0.002288
0.002698
0.002348
0.001658
0.001816
0.002238
0.003151
0.003969
0.003291
0.002952
0.002783
0.002350
0.001871
0.001567
0.001528
0.000981
0.000309
0.000288
0.000381
0.000258
0.000407
0.000859
0.001232
0.002026
0.002345
0.002091
0.002322
0.003002
0.003250
0.002527
0.003029
0.002848
0.002250
0.002795
0.003908
0.004978
0.005696
0.005977
0.005549
0.005345
0.004845
0.003735
0.003185
0.002593
0.001887
0.002054
0.002654
0.003126
0.003170
0.003754
0.004064
0.003758
0.003321
0.003567
0.003819
0.003080
0.003005
0.003538
0.003539
0.003783
0.003377
0.002171
0.002244
0.003561
0.005107
0.006061
0.006118
0.005215
0.004419
0.003670
0.003261
0.003860
0.004447
0.004115
0.003543
0.003537
0.003882
0.004062
0.004316
0.004087
0.003793
0.004683
0.004334
0.004125
0.004576
0.004091
0.003972
0.003189
0.000908
-0.000705
-0.002005
-0.002504
-0.002939
-0.003400
-0.002283
0.000634
0.002806
0.003688
0.004265
0.004663
0.004596
0.004464
0.005139
0.005887
0.005779
0.004948
0.005031
0.005651
0.005384
0.004949
0.004808
0.004275
0.004333
0.004331
0.004674
0.004353
0.003642
0.003773
0.003480
0.003908
0.004281
0.003979
0.002915
0.001195
-0.000163
-0.000177
0.000375
0.000571
0.001566
0.002738
0.003737
0.003378
0.002926
0.002767
0.002545
0.002399
0.003313
0.003944
0.003782
0.003448
0.003440
0.003761
0.003466
0.002740
0.003010
0.003285
0.002898
0.002673
0.002830
0.003303
0.004432
0.006135
0.006066
0.005911
0.006223
0.005995
0.004830
0.002833
0.000877
-0.000234
-0.001319
-0.001189
-0.000571
-0.000728
-0.000490
0.000508
0.002246
0.003784
0.004669
0.005746
0.006853
0.007618
0.007916
0.007550
0.007645
0.006575
0.004225
0.002860
0.001718
0.000617
0.000061
0.000737
0.001391
0.002371
0.002931
0.002984
0.003053
0.003869
0.004410
0.003970
0.003209
0.003070
0.003682
0.003749
0.003712
0.003579
0.003412
0.002875
0.003001
0.004165
0.004107
0.002947
0.002609
0.003232
0.003675
0.003998
0.004424
0.005013
0.005102
0.004765
0.004434
0.003225
0.002179
0.001929
0.001644
0.001439
0.001899
0.002234
0.001250
0.000394
0.000771
0.002064
0.002802
0.002670
0.002537
0.003100
0.003371
0.003425
0.003817
0.004273
0.004267
0.003679
0.003772
0.003595
0.003615
0.003464
0.002812
0.002589
0.002059
0.001941
0.002007
0.002920
0.003149
0.003488
0.004093
0.003633
0.003138
0.002151
0.001735
0.001700
0.001638
0.001746
0.002011
0.003552
0.004575
0.005196
0.005130
0.004410
0.004829
0.005934
0.007116
0.007168
0.006336
0.005630
0.004840
0.004438
0.004297
0.003731
0.002990
0.001452
-0.000516
-0.001470
-0.001596
-0.001095
0.000187
0.002405
0.003495
0.004378
0.005509
0.005445
0.005580
0.006347
0.006626
0.006390
0.005323
0.004444
0.004591
0.004475
0.003788
0.003393
0.002303
0.001512
0.001153
0.000806
0.000811
0.000543
0.000647
0.000756
0.000935
0.002183
0.002962
0.002996
0.003172
0.003615
0.003815
0.003849
0.004719
0.004764
0.004662
0.004867
0.004921
0.004332
0.004042
0.004240
0.004339
0.003850
0.003053
0.003327
0.003582
0.002636
0.002163
0.002300
0.001928
0.001458
0.001427
0.002247
0.002416
0.002397
0.003301
0.004847
0.005332
0.004573
0.004445
0.004019
0.003176
0.002608
0.002150
0.002186
0.003515
0.004114
0.003786
0.004615
0.005050
0.004948
0.004621
0.003701
0.003146
0.003401
0.003279
0.002467
0.002335
0.002351
0.002316
0.002664
0.002658
0.002451
0.002436
0.003344
0.002875
0.002488
0.002639
0.002935
0.003202
0.004157
0.004668
0.004808
0.004485
0.004059
0.003242
0.002474
0.002379
0.003076
0.003751
0.003947
0.004313
0.003190
0.000560
-0.001893
-0.003641
-0.002464
-0.000465
0.001394
0.001093
0.001256
0.003280
0.003363
0.001841
-0.001548
-0.001804
0.001449
0.003757
0.004892
0.003167
-0.000420
-0.003300
-0.001039
0.002905
0.004467
0.005105
0.003833
0.004294
0.003722
0.001483
-0.001364
-0.004184
-0.004152
0.000745
0.004756
0.005930
0.003771
-0.000417
-0.000262
0.001197
0.002148
0.001386
0.000808
0.001279
0.002289
0.005167
0.005703
0.002816
-0.000518
-0.002902
-0.002623
-0.002376
-0.001214
0.001670
0.003848
0.005722
0.005982
0.005113
0.005378
0.003642
0.000536
-0.000419
-0.001298
-0.001083
-0.001323
-0.000113
0.002554
0.002509
0.003435
0.003624
0.003510
0.002805
0.001899
0.001931
0.001215
-0.002709
-0.004647
-0.002440
0.000884
0.003587
0.002923
0.001129
0.001242
0.002173
0.002333
0.001367
0.001589
0.002568
0.004453
0.006097
0.004091
0.000120
-0.002006
-0.000408
0.004272
0.005882
0.003739
-0.002129
-0.005890
-0.004889
-0.001402
0.000825
0.000279
-0.003217
-0.003769
0.002089
0.011075
0.016893
0.015149
0.009175
0.005993
0.005664
0.003517
-0.004472
-0.013394
-0.015018
-0.009559
-0.002332
0.000734
-0.000880
-0.003347
-0.001232
0.006316
0.015577
0.019659
0.016018
0.008314
0.004158
0.002316
0.002143
0.003255
0.005371
0.004394
-0.002275
-0.010243
-0.015658
-0.015311
-0.007948
0.002540
0.010114
0.009778
0.005274
0.003862
0.005158
0.008811
0.008321
0.003551
-0.001413
-0.002243
0.001629
0.005900
0.005604
-0.001602
-0.008777
-0.009315
-0.002706
0.004978
0.005275
-0.001925
-0.007264
-0.005389
-0.000232
0.000619
-0.002414
-0.002128
0.007592
0.023425
0.029932
0.023923
0.010642
0.001572
0.000208
0.003509
0.005133
0.003430
-0.001647
-0.008398
-0.014918
-0.017955
-0.016061
-0.009212
-0.003810
-0.001691
-0.003365
-0.006120
-0.002686
0.009674
0.022464
0.026465
0.021154
0.005764
-0.008631
-0.011352
-0.003971
0.006065
0.008490
0.001192
-0.009930
-0.013936
-0.007831
0.002912
0.007330
0.005353
0.003894
0.004148
0.003220
0.000551
-0.002211
-0.005581
-0.007176
-0.003242
0.001291
0.001798
-0.003071
-0.005904
-0.003202
0.003835
0.012251
0.014910
0.009327
-0.000001
-0.003811
0.001365
0.008183
0.008390
0.000252
-0.010236
-0.013870
-0.007606
0.007038
0.015783
0.013766
0.000391
-0.009581
-0.008674
0.001691
0.012006
0.013362
0.005959
-0.003219
-0.006309
-0.000933
0.006729
0.007518
0.001062
-0.007432
-0.012250
-0.012006
-0.006537
0.000187
0.003370
0.003776
0.003361
0.004901
0.009867
0.015124
0.017276
0.014760
0.007428
-0.002374
-0.008741
-0.008808
-0.003087
0.000717
-0.002168
-0.009847
-0.016806
-0.018556
-0.014170
-0.005811
0.004278
0.011051
0.012247
0.008091
0.004141
0.004156
0.009084
0.014538
0.015491
0.009764
0.000992
-0.004765
-0.008954
-0.011116
-0.011539
-0.008942
-0.003898
-0.001267
-0.001866
-0.003741
-0.007741
-0.010813
-0.007173
0.001940
0.010036
0.013210
0.011907
0.009723
0.009924
0.014111
0.016836
0.014866
0.008971
0.002516
-0.000612
-0.002073
-0.004338
-0.007848
-0.010133
-0.010724
-0.008876
-0.004241
0.001328
0.005391
0.004443
-0.001030
-0.004902
-0.002367
0.004987
0.011404
0.012427
0.008577
0.002378
-0.002018
-0.004272
-0.006873
-0.008979
-0.008214
-0.003892
0.002730
0.008780
0.014251
0.016668
0.015978
0.012654
0.006491
-0.001183
-0.007492
-0.010518
-0.008752
-0.005563
-0.004851
-0.005112
-0.004923
-0.003602
-0.001330
0.002052
0.004802
0.006253
0.006457
0.006123
0.006310
0.007510
0.007976
0.006216
0.002066
-0.002940
-0.008984
-0.014046
-0.015168
-0.010628
-0.002331
0.003101
0.006359
0.008040
0.009931
0.012698
0.012900
0.009136
0.001812
-0.006349
-0.011887
-0.013726
-0.013449
-0.009662
-0.003900
0.001110
0.006172
0.010056
0.011577
0.011191
0.009596
0.007091
0.002390
-0.002956
-0.006267
-0.007103
-0.006093
-0.004272
-0.003001
-0.001970
-0.001216
0.000290
0.003704
0.008759
0.013544
0.017268
0.017724
0.014173
0.007840
0.001945
-0.001761
-0.003549
-0.005293
-0.009143
-0.013528
-0.015685
-0.014704
-0.009958
-0.003435
0.002404
0.006352
0.010047
0.014327
0.015925
0.013735
0.007577
0.000644
-0.003733
-0.005468
-0.006848
-0.007481
-0.007401
-0.006184
-0.003662
-0.001859
-0.000896
0.000826
0.004909
0.010233
0.013785
0.014139
0.011239
0.004831
-0.002525
-0.010061
-0.015332
-0.015401
-0.011740
-0.005413
0.001759
0.006936
0.010072
0.012333
0.013385
0.013206
0.010484
0.005138
-0.000638
-0.005157
-0.006013
-0.005021
-0.004533
-0.004451
-0.005645
-0.008136
-0.008143
-0.002800
0.005477
0.012656
0.017198
0.017411
0.014235
0.009692
0.005198
0.002141
-0.000435
-0.004748
-0.008478
-0.009091
-0.007190
-0.001709
0.003667
0.006843
0.008048
0.008656
0.009638
0.011226
0.013598
0.015778
0.016701
0.014826
0.008400
-0.000710
-0.008746
-0.014648
-0.018602
-0.020100
-0.019924
-0.017298
-0.011085
-0.003500
0.004197
0.010493
0.014373
0.015651
0.013964
0.010395
0.005825
0.002415
0.001658
0.002781
0.006768
0.009520
0.009010
0.005593
0.001158
-0.002797
-0.005909
-0.007831
-0.008993
-0.010078
-0.010043
-0.006362
-0.000881
0.005119
0.010070
0.011134
0.008698
0.005223
0.002321
0.002238
0.004678
0.007220
0.008253
0.008232
0.006521
0.002542
-0.001888
-0.003888
-0.004088
-0.004561
-0.004732
-0.005374
-0.005547
-0.004611
-0.002259
0.002226
0.006170
0.009249
0.010555
0.010058
0.008298
0.005545
0.002893
0.000711
-0.002611
-0.005705
-0.007138
-0.005042
0.000069
0.004919
0.009003
0.009880
0.006955
0.004578
0.002677
0.001662
0.000762
-0.000042
0.000513
0.001094
0.000415
-0.000869
-0.002184
-0.002925
-0.001812
-0.000865
-0.002098
-0.003396
-0.003260
-0.000823
0.003826
0.007269
0.007072
0.004304
0.001411
0.000523
0.001923
0.004292
0.007323
0.009372
0.010458
0.009956
0.008911
0.007964
0.006383
0.003736
-0.000859
-0.006292
-0.010433
-0.013933
-0.016234
-0.015226
-0.013493
-0.011684
-0.009366
-0.006495
-0.003390
0.000128
0.003163
0.004125
0.004348
0.004485
0.003889
0.003797
0.004499
0.004452
0.003804
0.003162
0.001384
-0.001969
-0.006885
-0.011608
-0.012680
-0.011622
-0.009056
-0.006043
-0.002411
0.001418
0.005457
0.009765
0.012710
0.014376
0.014036
0.011482
0.007901
0.004739
0.001708
-0.000783
-0.002676
-0.004783
-0.007143
-0.009955
-0.012077
-0.011322
-0.008848
-0.004506
0.000046
0.004007
0.007659
0.010125
0.010552
0.009343
0.007129
0.003705
-0.000946
-0.005376
-0.008161
-0.009137
-0.007935
-0.005620
-0.004370
-0.002959
-0.002551
-0.001052
0.001252
0.001968
0.002167
0.001478
-0.000752
-0.002608
-0.003457
-0.002880
-0.002702
-0.003055
-0.003156
-0.002805
-0.001945
-0.000553
0.000763
0.000680
-0.000297
-0.001886
-0.002289
-0.001575
0.000312
0.002649
0.005000
0.006422
0.005689
0.003100
-0.000171
-0.002137
-0.003624
-0.005425
-0.005618
-0.005467
-0.005543
-0.004901
-0.003469
-0.001920
-0.000989
-0.000799
-0.001644
-0.002153
-0.001866
-0.001341
-0.000326
0.000808
0.001954
0.002671
0.002968
0.003634
0.003723
0.003120
0.002272
0.000900
0.000792
0.000713
0.000011
0.000446
0.000649
0.000259
0.000312
0.000951
0.000861
0.000238
-0.000522
-0.001947
-0.002391
-0.001377
-0.000014
0.000628
0.000657
0.000129
0.000438
0.000780
0.000405
-0.000054
-0.001299
-0.002195
-0.001636
0.000049
0.001493
0.003017
0.004554
0.005981
0.006705
0.005593
0.002219
-0.001805
-0.005393
-0.007671
-0.008015
-0.007004
-0.005527
-0.003243
-0.000336
0.003471
0.006430
0.006863
0.007408
0.007150
0.005747
0.004173
0.001729
-0.000756
-0.002490
-0.004364
-0.008046
-0.011275
-0.013064
-0.013169
-0.010446
-0.006597
-0.003040
0.000008
0.001243
0.001465
0.001811
0.002195
0.002270
0.002791
0.002573
0.001818
0.002082
0.002683
0.002575
0.001723
-0.000115
-0.002253
-0.003429
-0.003970
-0.004813
-0.006092
-0.007020
-0.006804
-0.005375
-0.004153
-0.003792
-0.002644
-0.000303
0.001865
0.003908
0.006833
0.009020
0.008251
0.006674
0.005507
0.003913
0.001902
0.000071
-0.002351
-0.005089
-0.006972
-0.007521
-0.006570
-0.004840
-0.003638
-0.002840
-0.001341
-0.000698
0.001365
0.002262
0.001907
0.001872
-0.000366
-0.003304
-0.004708
-0.006045
-0.007254
-0.006746
-0.006067
-0.006591
-0.006269
-0.004063
-0.001418
0.002674
0.006530
0.008544
0.009601
0.010209
0.009959
0.009354
0.007646
0.005042
0.001829
-0.001927
-0.005794
-0.008286
-0.010197
-0.011045
-0.010698
-0.010259
-0.009890
-0.009655
-0.009274
-0.007506
-0.004484
-0.001102
0.002702
0.005443
0.006819
0.007277
0.005874
0.003239
0.001531
0.000466
-0.001081
-0.002669
-0.004234
-0.006366
-0.006925
-0.005655
-0.005265
-0.004348
-0.002644
-0.001847
-0.001803
-0.001121
-0.000362
0.000200
0.000772
0.000737
0.000770
0.001224
0.002269
0.003498
0.004521
0.003559
0.002010
0.001521
0.000293
-0.001524
-0.002697
-0.002423
-0.002653
-0.003103
-0.003245
-0.003435
-0.001627
0.000490
0.000617
-0.000243
-0.001038
-0.001663
-0.002875
-0.003701
-0.004995
-0.005856
-0.005842
-0.004945
-0.002956
-0.000758
0.001334
0.003005
0.004370
0.004585
0.003498
0.001452
-0.000919
-0.002734
-0.003885
-0.004615
-0.003810
-0.003209
-0.003184
-0.001809
-0.000376
0.000024
0.000394
-0.000351
-0.001342
-0.002606
-0.003259
-0.002454
-0.001575
-0.001583
-0.001872
-0.001991
-0.002107
-0.002602
-0.002868
-0.003111
-0.003088
-0.002593
-0.002348
-0.002319
-0.002526
-0.002374
-0.001710
0.000115
0.001475
0.002144
0.002731
0.002367
0.000901
-0.000337
-0.002141
-0.004178
-0.005485
-0.006346
-0.006932
-0.007262
-0.007200
-0.005764
-0.003501
-0.000835
0.002020
0.002814
0.002760
0.001997
0.000982
0.000224
-0.000977
-0.002659
-0.002963
-0.002919
-0.003170
-0.002622
-0.001695
-0.001567
-0.001572
-0.001607
-0.002034
-0.002227
-0.003666
-0.004289
-0.003141
-0.002869
-0.002477
-0.001971
-0.002014
-0.002152
-0.002095
-0.002506
-0.003211
-0.003017
-0.002455
-0.001635
-0.000523
-0.000008
0.000178
0.000278
-0.000263
-0.000388
-0.000170
-0.001449
-0.003680
-0.004210
-0.004478
-0.004609
-0.003956
-0.003573
-0.002653
-0.001590
-0.000411
0.000583
0.000523
0.000395
-0.000035
-0.001327
-0.002234
-0.002662
-0.002993
-0.002861
-0.002372
-0.002721
-0.003456
-0.003537
-0.003613
-0.003584
-0.003688
-0.004067
-0.004129
-0.003124
-0.002477
-0.001783
0.000304
0.000820
0.000413
0.000125
-0.000152
0.000281
0.001800
0.002174
0.001230
0.000976
0.001233
0.000603
0.000089
0.000088
-0.000816
-0.002065
-0.004282
-0.006703
-0.006672
-0.004448
-0.002438
-0.001135
-0.000094
0.000318
0.000724
0.001646
0.002330
0.002040
0.000451
-0.002274
-0.004594
-0.006285
-0.007400
-0.007307
-0.006091
-0.004490
-0.003289
-0.002450
-0.001633
-0.000256
0.001252
0.002153
0.002492
0.002474
0.000866
-0.001213
-0.001755
-0.002933
-0.004689
-0.005222
-0.005139
-0.005295
-0.004699
-0.002766
-0.001414
0.000639
0.002943
0.003400
0.002645
0.001592
0.000428
-0.001849
-0.004145
-0.005464
-0.006630
-0.007342
-0.007435
-0.006101
-0.003273
-0.000508
0.002296
0.003386
0.003247
0.003434
0.003547
0.003773
0.003701
0.002042
-0.000194
-0.003054
-0.005737
-0.007269
-0.007635
-0.007168
-0.006357
-0.004926
-0.003971
-0.002986
-0.002136
-0.001412
-0.000675
0.000184
0.001410
0.002183
0.002756
0.003277
0.002418
0.000010
-0.002042
-0.003256
-0.005269
-0.007261
-0.008675
-0.009972
-0.009560
-0.008233
-0.006296
-0.004333
-0.000830
0.001680
0.001364
0.001036
0.000399
-0.000085
-0.000720
-0.001402
-0.001749
-0.001935
-0.002186
-0.002114
-0.001614
-0.002173
-0.003026
-0.003095
-0.002837
-0.002626
-0.003083
-0.003125
-0.003489
-0.003880
-0.002250
-0.000564
0.000635
0.001353
0.001315
0.001786
0.002076
0.001115
-0.000381
-0.000796
-0.001382
-0.002774
-0.003528
-0.003999
-0.004785
-0.004474
-0.004158
-0.004407
-0.003867
-0.003187
-0.002356
-0.001490
-0.001717
-0.000910
-0.000287
-0.000254
-0.000484
-0.001524
-0.003093
-0.004630
-0.005084
-0.005700
-0.006343
-0.005069
-0.003048
-0.001181
0.000380
0.001606
0.002527
0.002581
0.001703
0.001681
0.002048
0.001565
-0.000444
-0.002629
-0.004012
-0.004885
-0.004796
-0.004909
-0.005133
-0.004911
-0.004655
-0.003309
-0.002056
-0.002003
-0.002502
-0.003875
-0.004655
-0.004128
-0.003786
-0.004284
-0.005614
-0.005264
-0.002931
-0.001520
0.000541
0.002853
0.003116
0.003161
0.002674
0.001082
-0.001006
-0.002360
-0.003839
-0.006452
-0.007854
-0.008156
-0.008580
-0.008165
-0.007407
-0.006001
-0.003569
-0.002515
-0.002849
-0.002678
-0.001815
-0.001393
-0.000720
0.000522
0.000868
0.000345
-0.001021
-0.001823
-0.002217
-0.002710
-0.002534
-0.001430
-0.000620
-0.000586
-0.000885
-0.000618
-0.000573
-0.001376
-0.001428
-0.001851
-0.002058
-0.001514
-0.000679
-0.000417
-0.001134
-0.000843
-0.000877
-0.002066
-0.002471
-0.002999
-0.003675
-0.003608
-0.003291
-0.003699
-0.003834
-0.003225
-0.002538
-0.001882
-0.002305
-0.002995
-0.003588
-0.003819
-0.003862
-0.003782
-0.004103
-0.004499
-0.004270
-0.004527
-0.004474
-0.003723
-0.003127
-0.002595
-0.002675
-0.003041
-0.002626
-0.002762
-0.003450
-0.004170
-0.004763
-0.005251
-0.005556
-0.004976
-0.003441
-0.002249
-0.001312
-0.000897
-0.000831
-0.000913
-0.001480
-0.001562
-0.002858
-0.004358
-0.004319
-0.004309
-0.004873
-0.004892
-0.004702
-0.005012
-0.004147
-0.001912
-0.000291
0.001231
0.001812
0.001186
0.000805
0.000693
-0.000045
-0.001614
-0.002758
-0.004288
-0.005615
-0.005708
-0.005277
-0.004209
-0.003938
-0.004073
-0.003831
-0.003115
-0.002854
-0.002703
-0.001821
-0.001328
-0.000952
0.000063
0.000545
0.000406
-0.000079
-0.001782
-0.002477
-0.002331
-0.002586
-0.003865
-0.005220
-0.005738
-0.005668
-0.004839
-0.003767
-0.003147
-0.002498
-0.002258
-0.001900
-0.000735
-0.000671
-0.001946
-0.002857
-0.003790
-0.005100
-0.004585
-0.004023
-0.004757
-0.004968
-0.004832
-0.005325
-0.005316
-0.004713
-0.003419
-0.001753
-0.000665
-0.000092
0.000924
0.002054
0.001961
0.000530
-0.000237
0.000174
-0.001343
-0.003082
-0.004689
-0.004773
-0.003966
-0.004435
-0.004175
-0.003934
-0.004101
-0.003483
-0.003360
-0.002642
-0.001092
0.000055
-0.000072
-0.000191
0.000542
0.001127
0.000555
-0.000177
-0.000270
-0.000855
-0.001000
-0.002045
-0.003005
-0.004487
-0.006192
-0.006880
-0.006899
-0.007050
-0.007023
-0.005662
-0.004312
-0.003025
-0.001774
-0.001642
-0.001555
-0.001755
-0.001073
-0.000766
-0.001275
-0.000817
-0.000833
-0.000544
-0.000954
-0.001730
-0.001779
-0.002510
-0.003611
-0.005048
-0.006401
-0.007486
-0.007861
-0.007651
-0.007629
-0.006303
-0.004511
-0.004106
-0.002652
-0.000583
0.000636
0.000957
0.000301
-0.000387
-0.001473
-0.003142
-0.004756
-0.005407
-0.005149
-0.004444
-0.003876
-0.002751
-0.002025
-0.001716
-0.001387
-0.001435
-0.001564
-0.001841
-0.001621
-0.001386
-0.001309
-0.000816
-0.000475
-0.001192
-0.001285
-0.001281
-0.001596
-0.002407
-0.003836
-0.004165
-0.003760
-0.003022
-0.002911
-0.002347
-0.002164
-0.002363
-0.002074
-0.001554
-0.000290
0.000626
0.000560
-0.000415
-0.001864
-0.002892
-0.002801
-0.002432
-0.002507
-0.002575
-0.003439
-0.003954
-0.004286
-0.003995
-0.003438
-0.003412
-0.002816
-0.002246
-0.001804
-0.001215
-0.000936
-0.001102
-0.001238
-0.001157
-0.001373
-0.001907
-0.001609
-0.001404
-0.002328
-0.003025
-0.002577
-0.002532
-0.003594
-0.003899
-0.003698
-0.003711
-0.004027
-0.004343
-0.003950
-0.002912
-0.002172
-0.001634
-0.001489
-0.001122
-0.001397
-0.002636
-0.003178
-0.004336
-0.004609
-0.004291
-0.004396
-0.003601
-0.003363
-0.003323
-0.002787
-0.002607
-0.002780
-0.002750
-0.002530
-0.002709
-0.003319
-0.003653
-0.003344
-0.003828
-0.004474
-0.004517
-0.004435
-0.004276
-0.004716
-0.004553
-0.003944
-0.003688
-0.003604
-0.002830
-0.001978
-0.001422
-0.001097
-0.000840
-0.000780
-0.001083
-0.001938
-0.003634
-0.004770
-0.005511
-0.005066
-0.004796
-0.004905
-0.004365
-0.004037
-0.003783
-0.003349
-0.003480
-0.003687
-0.003241
-0.003068
-0.002936
-0.002622
-0.002157
-0.002413
-0.002963
-0.003631
-0.004157
-0.003294
-0.002159
-0.002162
-0.003184
-0.003919
-0.003768
-0.002606
-0.002143
-0.003037
-0.002864
-0.002219
-0.002879
-0.003191
-0.002841
-0.003062
-0.004335
-0.004765
-0.004564
-0.004376
-0.003493
-0.003181
-0.003093
-0.002469
-0.001622
-0.000316
-0.000037
-0.000635
-0.001128
-0.002416
-0.003499
-0.003998
-0.005409
-0.006077
-0.005740
-0.005483
-0.005226
-0.004734
-0.004421
-0.004458
-0.004022
-0.004006
-0.003358
-0.002734
-0.002162
-0.001854
-0.002193
-0.002944
-0.003623
-0.003649
-0.004393
-0.005992
-0.006376
-0.006283
-0.006193
-0.005627
-0.005279
-0.004272
-0.003747
-0.003927
-0.003636
-0.003227
-0.002692
-0.002570
-0.002429
-0.002615
-0.003339
-0.003448
-0.003325
-0.003585
-0.003583
-0.003502
-0.004126
-0.004261
-0.003282
-0.002408
-0.002357
-0.002035
-0.001894
-0.002177
-0.002664
-0.004302
-0.005355
-0.004935
-0.004954
-0.004468
-0.003799
-0.003621
-0.003182
-0.002913
-0.003312
-0.004184
-0.004310
-0.003581
-0.003717
-0.003628
-0.003144
-0.002353
-0.002093
-0.002771
-0.002611
-0.002417
-0.003208
-0.003747
-0.004165
-0.004321
-0.003993
-0.003969
-0.003256
-0.002553
-0.002676
-0.002598
-0.002942
-0.003876
-0.004043
-0.003366
-0.003216
-0.003061
-0.002638
-0.003073
-0.003679
-0.004144
-0.004002
-0.003533
-0.003303
-0.003398
-0.003364
-0.003393
-0.003689
-0.003801
-0.003293
-0.003429
-0.003277
-0.003141
-0.002997
-0.001824
-0.001367
-0.001551
-0.002328
-0.003581
-0.004592
-0.005025
-0.005424
-0.005606
-0.005540
-0.005051
-0.004693
-0.004756
-0.004562
-0.003488
-0.002795
-0.003060
-0.003519
-0.003990
-0.004120
-0.004492
-0.004974
-0.005196
-0.004960
-0.005668
-0.006360
-0.005995
-0.005807
-0.005236
-0.003789
-0.002721
-0.002805
-0.002362
-0.001757
-0.001523
-0.001612
-0.002909
-0.003126
-0.003336
-0.003743
-0.004501
-0.005044
-0.004737
-0.004992
-0.004995
-0.004322
-0.003712
-0.003910
-0.004800
-0.004827
-0.004765
-0.004640
-0.004851
-0.005702
-0.005337
-0.004252
-0.003557
-0.002756
-0.002168
-0.001804
-0.001254
-0.001443
-0.001439
-0.001388
-0.002743
-0.004986
-0.005375
-0.005325
-0.005446
-0.005552
-0.005226
-0.004413
-0.004324
-0.003703
-0.002044
-0.001134
-0.001218
-0.001541
-0.002055
-0.003259
-0.004325
-0.004639
-0.004943
-0.004901
-0.004741
-0.004209
-0.004073
-0.003709
-0.002831
-0.002849
-0.002761
-0.002901
-0.002631
-0.002911
-0.003566
-0.004311
-0.005262
-0.005814
-0.006349
-0.006386
-0.006743
-0.007181
-0.006075
-0.005365
-0.004389
-0.003516
-0.004229
-0.004584
-0.004032
-0.003011
-0.003339
-0.004252
-0.004469
-0.004876
-0.005393
-0.005831
-0.005968
-0.005104
-0.003659
-0.002324
-0.000957
0.000592
0.001548
0.001658
0.000681
-0.000142
0.000165
-0.000999
-0.003119
-0.004393
-0.005403
-0.005614
-0.005553
-0.005973
-0.006352
-0.006004
-0.006054
-0.006213
-0.005938
-0.004896
-0.004042
-0.003809
-0.003676
-0.003205
-0.002626
-0.002581
-0.003423
-0.004472
-0.005010
-0.005151
-0.004968
-0.004782
-0.004640
-0.004823
-0.004617
-0.004326
-0.003946
-0.003259
-0.003353
-0.003123
-0.002883
-0.003198
-0.003092
-0.003188
-0.003432
-0.003720
-0.003515
-0.003137
-0.003681
-0.004321
-0.004940
-0.004611
-0.003169
-0.002474
-0.002303
-0.002597
-0.002591
-0.002622
-0.003440
-0.004024
-0.004795
-0.005289
-0.005668
-0.006260
-0.005931
-0.004794
-0.004320
-0.004220
-0.004210
-0.003918
-0.003772
-0.004051
-0.003788
-0.004259
-0.004941
-0.005289
-0.005637
-0.005480
-0.004893
-0.004689
-0.003972
-0.003246
-0.002817
-0.001863
-0.001505
-0.002289
-0.002669
-0.003150
-0.003889
-0.004187
-0.004245
-0.005370
-0.006282
-0.006210
-0.007035
-0.007047
-0.005764
-0.004591
-0.004418
-0.004302
-0.003385
-0.002846
-0.001862
-0.001482
-0.001745
-0.001972
-0.002182
-0.001918
-0.002398
-0.002435
-0.002630
-0.003459
-0.004281
-0.004833
-0.004977
-0.004316
-0.004295
-0.004489
-0.004137
-0.004562
-0.004277
-0.004088
-0.004491
-0.004623
-0.004584
-0.004888
-0.005038
-0.005133
-0.004963
-0.003981
-0.003713
-0.003999
-0.004413
-0.004904
-0.005050
-0.004736
-0.004542
-0.004064
-0.003839
-0.003131
-0.002450
-0.002789
-0.002839
-0.003105
-0.004073
-0.004355
-0.004437
-0.003998
-0.004401
-0.004910
-0.004905
-0.005065
-0.004717
-0.004463
-0.004551
-0.004739
-0.004723
-0.004766
-0.004260
-0.004301
-0.003812
-0.002957
-0.002901
-0.002931
-0.003152
-0.003546
-0.003897
-0.004324
-0.004559
-0.004717
-0.004798
-0.004009
-0.003882
-0.004123
-0.003627
-0.003412
-0.003673
-0.004268
-0.004768
-0.004677
-0.004279
-0.004528
-0.004771
-0.004781
-0.004443
-0.003805
-0.003646
-0.003317
-0.003198
-0.003133
-0.002959
-0.004062
-0.004628
-0.004092
-0.004376
-0.005305
-0.005317
-0.005701
-0.005515
-0.004590
-0.004390
-0.004780
-0.005181
-0.004708
-0.004477
-0.005000
-0.004667
-0.003532
-0.002772
-0.002580
-0.002760
-0.003639
-0.004309
-0.004433
-0.004692
-0.005307
-0.005695
-0.005109
-0.004481
-0.003661
-0.003747
-0.004572
-0.004963
-0.005682
-0.006249
-0.005742
-0.005876
-0.007098
-0.007086
-0.007176
-0.006930
-0.006875
-0.007152
-0.006272
-0.006145
-0.005556
-0.003909
-0.003149
-0.002396
-0.001935
-0.001757
-0.001620
-0.002101
-0.003051
-0.003239
-0.003832
-0.004204
-0.004289
-0.004670
-0.004358
-0.003785
-0.003646
-0.004423
-0.005218
-0.005421
-0.005796
-0.005392
-0.005481
-0.005207
-0.004454
-0.004502
-0.004073
-0.003414
-0.003175
-0.003167
-0.002518
-0.002320
-0.002999
-0.003504
-0.003981
-0.004747
-0.005129
-0.005112
-0.005041
-0.005528
-0.005314
-0.005135
-0.005295
-0.004545
-0.004809
-0.005165
-0.005094
-0.005290
-0.004968
-0.005339
-0.005596
-0.004969
-0.005149
-0.005444
-0.004761
-0.003542
-0.003130
-0.003445
-0.003661
-0.004322
-0.005335
-0.005578
-0.005928
-0.005784
-0.005054
-0.004649
-0.004576
-0.004458
-0.004361
-0.004689
-0.004661
-0.004274
-0.003988
-0.003621
-0.003652
-0.003944
-0.004644
-0.004954
-0.005009
-0.005333
-0.005493
-0.005575
-0.004694
-0.004338
-0.004996
-0.004322
-0.004165
-0.004578
-0.003852
-0.003286
-0.002925
-0.002751
-0.003055
-0.004283
-0.005677
-0.005656
-0.005442
-0.006131
-0.006254
-0.006028
-0.005524
-0.004587
-0.004531
-0.004801
-0.004903
-0.004770
-0.004281
-0.004100
-0.003627
-0.003582
-0.004492
-0.005438
-0.005899
-0.005737
-0.005195
-0.004930
-0.005208
-0.004763
-0.003461
-0.003314
-0.003437
-0.003660
-0.003625
-0.003845
-0.003688
-0.003913
-0.004214
-0.004915
-0.005824
-0.006271
-0.006668
-0.006710
-0.007086
-0.005857
-0.004887
-0.004347
-0.003504
-0.003020
-0.003063
-0.003167
-0.002652
-0.002955
-0.003728
-0.003704
-0.003756
-0.004517
-0.005944
-0.006620
-0.006468
-0.006276
-0.006025
-0.005458
-0.005404
-0.005660
-0.005459
-0.005132
-0.004931
-0.004564
-0.004259
-0.004193
-0.004210
-0.003903
-0.003539
-0.003716
-0.003946
-0.003751
-0.004046
-0.004423
-0.004093
-0.004800
-0.005695
-0.005874
-0.005581
-0.005465
-0.005281
-0.004714
-0.004263
-0.004438
-0.004484
-0.004340
-0.004167
-0.003684
-0.004061
-0.004087
-0.004138
-0.004384
-0.004836
-0.004955
-0.005262
-0.005876
-0.005972
-0.006050
-0.005935
-0.005762
-0.005522
-0.005626
-0.004977
-0.003194
-0.001946
-0.000631
-0.000016
-0.000670
-0.001005
-0.000416
-0.001089
-0.002194
-0.002384
-0.002965
-0.002669
-0.002555
-0.003666
-0.004085
-0.004216
-0.004599
-0.005660
-0.006096
-0.005502
-0.004415
-0.003955
-0.004372
-0.003651
-0.002915
-0.002948
-0.002705
-0.002567
-0.002249
-0.001333
-0.000826
-0.000880
-0.001917
-0.002606
-0.002636
-0.003373
-0.003796
-0.003988
-0.003451
-0.003743
-0.004286
-0.003754
-0.003811
-0.003655
-0.003310
-0.003867
-0.004849
-0.004113
-0.003491
-0.004062
-0.003833
-0.003325
-0.002602
-0.001959
-0.001652
-0.002159
-0.002779
-0.002894
-0.002927
-0.003264
-0.003349
-0.002757
-0.002937
-0.003461
-0.003693
-0.003679
-0.003528
-0.003818
-0.003832
-0.003431
-0.003149
-0.002898
-0.002856
-0.002635
-0.002593
-0.003356
-0.003930
-0.004552
-0.005059
-0.005080
-0.004588
-0.004251
-0.003788
-0.003130
-0.002142
-0.001495
-0.001723
-0.002160
-0.002667
-0.002843
-0.002577
-0.002349
-0.002245
-0.002469
-0.002999
-0.003439
-0.004176
-0.005006
-0.005367
-0.005673
-0.005676
-0.005215
-0.004827
-0.004891
-0.004394
-0.003579
-0.003476
-0.003278
-0.003104
-0.003834
-0.004117
-0.003354
-0.003092
-0.003033
-0.002996
-0.002711
-0.002188
-0.002756
-0.003612
-0.003669
-0.003685
-0.003922
-0.003789
-0.003049
-0.003368
-0.004338
-0.004749
-0.005084
-0.004766
-0.004785
-0.005533
-0.004925
-0.004383
-0.004596
-0.004592
-0.004230
-0.004301
-0.004562
-0.004318
-0.004269
-0.003702
-0.002468
-0.001780
-0.001563
-0.002061
-0.002414
-0.002707
-0.003552
-0.004576
-0.005043
-0.004886
-0.004572
-0.004323
-0.004015
-0.003960
-0.004140
-0.003591
-0.003410
-0.003300
-0.002422
-0.002584
-0.003914
-0.004376
-0.003592
-0.003130
-0.002470
-0.002201
-0.002805
-0.003195
-0.003375
-0.003283
-0.003670
-0.003812
-0.003453
-0.002993
-0.002845
-0.003085
-0.002924
-0.003221
-0.003827
-0.003548
-0.003498
-0.003252
-0.003060
-0.003647
-0.003840
-0.003747
-0.003673
-0.003557
-0.003670
-0.004443
-0.005026
-0.004632
-0.003797
-0.003896
-0.004202
-0.004391
-0.004206
-0.003489
-0.003076
-0.003005
-0.003504
-0.003579
-0.003160
-0.002491
-0.002382
-0.003466
-0.004139
-0.004046
-0.004637
-0.004965
-0.004491
-0.004183
-0.004342
-0.004463
-0.004428
-0.004156
-0.004244
-0.004620
-0.004508
-0.003725
-0.003188
-0.002624
-0.001849
-0.001643
-0.002101
-0.002149
-0.002425
-0.002907
-0.003853
-0.004482
-0.004798
-0.004586
-0.004400
-0.004370
-0.003913
-0.004199
-0.004219
-0.004265
-0.004286
-0.003909
-0.003596
-0.003916
-0.004111
-0.004738
-0.005381
-0.005101
-0.004296
-0.003358
-0.003177
-0.003454
-0.003091
-0.002598
-0.001954
-0.001542
-0.001638
-0.002545
-0.003201
-0.003166
-0.003258
-0.003413
-0.003825
-0.004611
-0.004995
-0.005176
-0.005309
-0.005461
-0.005668
-0.005804
-0.005616
-0.004912
-0.003770
-0.002436
-0.001886
-0.002761
-0.003600
-0.003589
-0.003019
-0.003124
-0.002586
-0.002207
-0.002776
-0.002497
-0.002361
-0.003264
-0.003652
-0.004339
-0.005482
-0.005754
-0.005968
-0.006434
-0.005351
-0.004546
-0.004554
-0.004322
-0.004893
-0.004801
-0.003475
-0.002912
-0.002683
-0.003091
-0.003713
-0.003486
-0.003861
-0.004931
-0.004703
-0.004170
-0.005048
-0.005013
-0.003962
-0.003559
-0.003737
-0.003970
-0.003573
-0.002933
-0.002196
-0.002287
-0.002275
-0.002415
-0.002931
-0.002389
-0.003050
-0.004632
-0.005322
-0.005294
-0.005012
-0.005540
-0.006458
-0.006212
-0.006423
-0.006459
-0.005439
-0.005760
-0.005641
-0.005218
-0.005187
-0.004880
-0.004431
-0.004138
-0.003004
-0.002006
-0.002564
-0.002878
-0.001892
-0.001793
-0.002507
-0.002671
-0.002895
-0.003849
-0.004318
-0.004123
-0.003934
-0.004684
-0.004476
-0.004247
-0.004730
-0.004473
-0.004675
-0.005313
-0.005178
-0.004535
-0.003980
-0.003379
-0.002866
-0.002726
-0.003156
-0.004337
-0.004397
-0.004347
-0.004919
-0.004543
-0.004198
-0.004677
-0.005177
-0.005196
-0.005394
-0.005053
-0.003726
-0.003399
-0.003318
-0.003286
-0.003807
-0.004091
-0.004294
-0.003940
-0.004012
-0.004054
-0.003125
-0.003460
-0.004466
-0.004447
-0.004657
-0.005057
-0.004827
-0.004977
-0.005548
-0.005637
-0.005164
-0.004866
-0.004869
-0.004655
-0.004513
-0.004129
-0.004087
-0.004162
-0.004320
-0.005096
-0.004921
-0.004595
-0.004027
-0.003992
-0.004027
-0.003840
-0.003569
-0.003245
-0.003819
-0.003784
-0.003749
-0.004220
-0.004573
-0.004700
-0.004561
-0.004625
-0.004814
-0.005362
-0.005620
-0.005469
-0.005526
-0.004646
-0.003180
-0.003120
-0.003042
-0.002611
-0.002564
-0.002818
-0.003337
-0.003006
-0.002388
-0.002259
-0.002380
-0.003561
-0.004448
-0.004796
-0.005314
-0.005768
-0.006499
-0.006829
-0.006527
-0.006595
-0.006631
-0.005791
-0.005223
-0.004765
-0.004867
-0.004478
-0.003313
-0.003078
-0.002754
-0.002744
-0.003646
-0.004211
-0.004226
-0.004137
-0.003809
-0.002888
-0.003007
-0.004260
-0.004949
-0.004694
-0.003621
-0.002846
-0.002266
-0.003085
-0.003605
-0.004416
-0.005503
-0.004351
-0.003747
-0.003816
-0.004203
-0.004715
-0.005191
-0.005781
-0.005640
-0.004904
-0.004942
-0.005385
-0.004788
-0.003819
-0.003598
-0.004318
-0.004459
-0.004445
-0.003969
-0.003359
-0.003798
-0.004501
-0.004819
-0.004136
-0.003874
-0.004312
-0.004288
-0.004725
-0.005628
-0.006167
-0.005962
-0.006349
-0.007290
-0.007300
-0.006988
-0.006308
-0.004538
-0.003232
-0.002492
-0.001490
-0.001358
-0.001613
-0.002229
-0.002269
-0.002565
-0.002925
-0.002667
-0.003445
-0.004195
-0.004141
-0.004617
-0.005874
-0.006374
-0.005997
-0.005868
-0.005525
-0.005442
-0.004350
-0.003135
-0.002882
-0.002860
-0.003097
-0.002794
-0.003143
-0.003876
-0.004132
-0.004155
-0.004909
-0.005769
-0.006313
-0.006951
-0.007056
-0.006141
-0.005658
-0.005428
-0.004348
-0.004374
-0.003911
-0.002914
-0.002775
-0.002760
-0.004128
-0.005515
-0.004910
-0.004064
-0.003473
-0.003088
-0.002550
-0.002352
-0.002770
-0.003651
-0.004754
-0.005281
-0.004763
-0.004743
-0.004921
-0.004852
-0.004592
-0.004427
-0.003996
-0.002821
-0.002560
-0.003602
-0.004011
-0.003392
-0.003007
-0.002836
-0.002728
-0.003217
-0.003835
-0.004859
-0.005220
-0.004828
-0.003780
-0.003316
-0.003914
-0.004223
-0.004263
-0.004631
-0.005140
-0.005095
-0.005167
-0.005671
-0.005518
-0.004956
-0.004980
-0.004809
-0.004444
-0.003818
-0.002989
-0.002397
-0.002592
-0.002994
-0.003471
-0.003678
-0.003897
-0.003734
-0.004279
-0.004699
-0.004440
-0.004605
-0.005256
-0.005537
-0.005521
-0.005058
-0.005275
-0.006390
-0.006330
-0.005381
-0.003964
-0.003761
-0.004516
-0.003737
-0.003425
-0.004289
-0.004426
-0.004800
-0.004797
-0.005106
-0.004930
-0.004096
-0.004023
-0.003384
-0.002719
-0.003264
-0.003544
-0.003924
-0.004275
-0.004052
-0.004489
-0.005373
-0.004879
-0.004974
-0.005562
-0.005480
-0.005341
-0.004946
-0.003585
-0.002416
-0.003064
-0.003270
-0.002841
-0.003498
-0.003596
-0.003281
-0.003854
-0.004280
-0.004547
-0.005043
-0.005537
-0.004813
-0.004638
-0.004883
-0.003857
-0.003500
-0.004554
-0.005449
-0.004880
-0.004921
-0.004677
-0.004011
-0.004168
-0.003953
-0.004075
-0.004370
-0.004107
-0.004102
-0.003622
-0.003433
-0.003583
-0.002871
-0.002688
-0.003318
-0.004218
-0.004687
-0.005169
-0.004793
-0.004785
-0.005031
-0.004763
-0.004319
-0.003661
-0.002896
-0.003251
-0.004107
-0.004438
-0.005764
-0.006757
-0.006431
-0.005505
-0.004802
-0.004308
-0.004589
-0.005109
-0.005020
-0.005031
-0.004933
-0.004622
-0.003675
-0.002396
-0.001624
-0.000966
-0.001335
-0.001612
-0.001975
-0.003335
-0.004346
-0.004710
-0.005373
-0.006147
-0.006050
-0.005769
-0.005828
-0.005957
-0.005962
-0.005653
-0.005620
-0.005900
-0.005232
-0.004897
-0.004514
-0.003552
-0.002358
-0.001500
-0.001850
-0.002753
-0.003828
-0.004292
-0.003942
-0.003684
-0.003410
-0.003172
-0.003447
-0.005081
-0.006079
-0.005980
-0.005766
-0.005871
-0.005925
-0.005063
-0.004283
-0.003656
-0.003221
-0.003153
-0.003699
-0.004812
-0.005189
-0.005152
-0.004890
-0.004977
-0.004872
-0.004357
-0.004766
-0.004602
-0.004012
-0.004424
-0.004291
-0.004038
-0.004070
-0.003986
-0.004367
-0.004954
-0.005107
-0.005829
-0.005905
-0.005630
-0.005929
-0.005127
-0.004656
-0.005622
-0.005917
-0.005201
-0.005354
-0.005572
-0.004777
-0.003495
-0.002519
-0.002632
-0.003063
-0.002949
-0.002916
-0.004344
-0.005860
-0.006455
-0.006481
-0.006156
-0.006346
-0.006354
-0.005809
-0.005789
-0.005200
-0.004687
-0.003659
-0.002559
-0.002271
-0.002911
-0.003785
-0.004029
-0.004181
-0.004086
-0.003530
-0.003449
-0.004377
-0.005141
-0.005244
-0.005737
-0.005970
-0.005572
-0.006253
-0.006714
-0.006333
-0.005860
-0.004545
-0.003226
-0.003220
-0.002996
-0.003623
-0.004105
-0.003926
-0.004508
-0.005322
-0.005768
-0.005875
-0.005117
-0.004069
-0.004636
-0.005019
-0.004386
-0.004551
-0.004179
-0.003452
-0.003511
-0.003881
-0.003955
-0.003995
-0.004506
-0.004953
-0.006018
-0.007473
-0.008526
-0.008302
-0.006646
-0.004074
-0.002575
-0.002716
-0.002374
-0.002028
-0.001757
-0.002353
-0.003392
-0.003176
-0.003898
-0.004300
-0.003588
-0.003696
-0.004098
-0.004094
-0.004132
-0.004201
-0.004435
-0.004884
-0.004636
-0.003863
-0.004000
-0.004583
-0.003947
-0.003666
-0.003788
-0.004128
-0.004432
-0.004544
-0.003843
-0.003432
-0.003924
-0.004389
-0.004075
-0.003298
-0.003728
-0.004702
-0.004950
-0.004183
-0.003445
-0.003773
-0.004410
-0.004417
-0.003666
-0.003648
-0.003801
-0.003517
-0.003469
-0.003449
-0.003836
-0.004141
-0.004178
-0.004560
-0.004583
-0.004396
-0.004639
-0.004846
-0.004682
-0.004213
-0.004206
-0.003807
-0.003777
-0.003788
-0.003722
-0.004392
-0.004751
-0.004178
-0.003856
-0.004608
-0.005282
-0.005294
-0.005322
-0.005365
-0.004726
-0.003994
-0.003787
-0.003808
-0.003541
-0.003264
-0.002821
-0.002980
-0.003523
-0.003760
-0.004574
-0.005597
-0.006600
-0.006654
-0.006352
-0.006271
-0.005414
-0.004144
-0.004171
-0.003981
-0.003839
-0.003592
-0.003769
-0.004380
-0.004643
-0.005028
-0.004828
-0.004395
-0.004633
-0.004371
-0.003607
-0.003691
-0.004176
-0.004968
-0.005041
-0.005234
-0.005623
-0.004942
-0.004767
-0.004656
-0.004779
-0.004544
-0.003891
-0.003733
-0.003641
-0.003371
-0.003227
-0.003444
-0.003260
-0.002653
-0.002102
-0.001732
-0.001922
-0.003511
-0.004718
-0.004733
-0.005255
-0.006011
-0.006180
-0.006174
-0.005321
-0.004752
-0.004669
-0.004539
-0.004970
-0.004748
-0.003626
-0.003276
-0.003242
-0.003340
-0.003239
-0.002672
-0.003006
-0.003775
-0.004437
-0.005618
-0.005810
-0.005830
-0.005228
-0.003665
-0.003298
-0.003239
-0.003727
-0.003583
-0.003164
-0.003919
-0.004251
-0.004587
-0.004325
-0.003596
-0.003907
-0.004919
-0.005244
-0.005254
-0.006117
-0.006103
-0.005421
-0.004527
-0.004125
-0.005003
-0.005830
-0.006009
-0.005908
-0.006070
-0.006434
-0.007046
-0.007267
-0.006659
-0.006536
-0.006771
-0.006045
-0.004592
-0.003168
-0.002731
-0.003155
-0.003279
-0.003697
-0.003882
-0.003079
-0.002808
-0.003070
-0.003622
-0.004135
-0.004035
-0.004294
-0.004686
-0.004306
-0.005112
-0.005097
-0.004501
-0.005342
-0.005361
-0.005430
-0.005898
-0.005791
-0.005197
-0.004435
-0.003710
-0.003167
-0.003688
-0.004412
-0.004709
-0.005191
-0.005200
-0.005358
-0.005498
-0.005551
-0.004866
-0.004299
-0.004007
-0.003972
-0.004795
-0.005121
-0.005004
-0.005078
-0.005428
-0.006327
-0.006889
-0.006429
-0.005593
-0.005668
-0.005773
-0.005863
-0.005578
-0.004954
-0.005016
-0.004741
-0.005061
-0.005857
-0.005725
-0.005205
-0.005394
-0.005786
-0.005456
-0.004969
-0.004843
-0.004633
-0.004937
-0.004579
-0.004054
-0.004798
-0.005299
-0.004920
-0.004775
-0.003827
-0.003260
-0.003872
-0.003889
-0.003883
-0.003898
-0.002971
-0.002772
-0.003266
-0.003474
-0.003560
-0.004616
-0.006116
-0.007028
-0.006812
-0.006734
-0.006889
-0.006814
-0.006300
-0.006262
-0.006611
-0.006175
-0.006001
-0.005707
-0.004892
-0.004210
-0.003746
-0.003814
-0.004803
-0.005149
-0.004860
-0.005328
-0.005340
-0.005511
-0.006438
-0.006269
-0.005769
-0.004993
-0.003758
-0.004066
-0.004450
-0.004557
-0.004921
-0.005503
-0.005133
-0.004475
-0.004420
-0.004879
-0.005199
-0.005413
-0.005240
-0.004677
-0.005011
-0.005167
-0.004745
-0.004319
-0.004780
-0.005317
-0.005173
-0.005902
-0.005667
-0.005138
-0.005203
-0.005315
-0.005446
-0.004916
-0.005227
-0.005323
-0.005122
-0.005487
-0.004917
-0.004293
-0.003829
-0.003652
-0.003269
-0.003575
-0.004560
-0.004756
-0.004981
-0.005285
-0.005922
-0.005829
-0.005813
-0.006272
-0.006220
-0.005868
-0.005899
-0.005337
-0.003984
-0.003775
-0.003398
-0.002719
-0.002815
-0.004040
-0.004885
-0.005002
-0.005652
-0.005767
-0.005478
-0.005080
-0.004639
-0.003974
-0.003654
-0.003512
-0.003677
-0.004323
-0.004758
-0.005009
-0.005783
-0.006309
-0.005784
-0.005120
-0.005042
-0.005185
-0.004899
-0.005449
-0.006548
-0.006477
-0.006396
-0.006103
-0.005534
-0.005057
-0.004024
-0.003270
-0.003060
-0.002743
-0.003337
-0.004459
-0.004313
-0.003836
-0.003270
-0.003817
-0.004055
-0.003366
-0.003182
-0.004640
-0.006697
-0.006985
-0.006757
-0.006718
-0.006162
-0.005330
-0.004795
-0.004481
-0.004412
-0.004391
-0.004390
-0.004920
-0.004760
-0.003704
-0.003081
-0.002879
-0.003641
-0.003954
-0.004643
-0.006252
-0.006738
-0.007186
-0.007149
-0.006978
-0.007148
-0.006938
-0.006331
-0.005511
-0.005741
-0.005478
-0.004810
-0.004696
-0.003327
-0.002775
-0.003031
-0.004059
-0.005078
-0.005256
-0.005662
-0.005816
-0.005119
-0.004552
-0.005044
-0.005463
-0.005292
-0.005117
-0.004696
-0.004116
-0.003751
-0.003922
-0.003985
-0.003981
-0.004923
-0.004820
-0.004813
-0.005426
-0.005272
-0.004962
-0.004806
-0.004591
-0.004238
-0.003716
-0.003824
-0.004793
-0.005042
-0.004951
-0.005571
-0.006782
-0.006862
-0.006142
-0.006031
-0.006055
-0.005424
-0.004548
-0.003947
-0.003212
-0.002860
-0.002593
-0.002252
-0.001915
-0.001627
-0.002790
-0.003767
-0.004579
-0.005340
-0.005374
-0.005704
-0.006056
-0.005598
-0.005558
-0.006035
-0.005733
-0.006082
-0.006683
-0.006593
-0.006546
-0.005771
-0.004316
-0.003406
-0.002899
-0.002461
-0.002718
-0.003904
-0.004825
-0.004819
-0.004883
-0.005212
-0.005364
-0.004280
-0.003366
-0.003646
-0.003686
-0.004220
-0.004607
-0.004065
-0.004216
-0.004669
-0.004643
-0.004722
-0.004643
-0.005354
-0.004978
-0.004446
-0.004818
-0.004619
-0.003555
-0.003402
-0.004180
-0.003844
-0.002621
-0.002120
-0.002533
-0.003973
-0.004560
-0.004590
-0.004808
-0.004332
-0.004889
-0.005923
-0.005643
-0.005197
-0.005397
-0.005826
-0.005865
-0.005502
-0.005645
-0.006059
-0.006398
-0.006540
-0.006011
-0.004951
-0.004378
-0.004470
-0.004697
-0.003449
-0.002469
-0.002486
-0.002126
-0.002213
-0.003819
-0.005452
-0.006493
-0.006909
-0.006546
-0.006284
-0.006429
-0.006797
-0.006194
-0.004965
-0.004292
-0.004109
-0.004368
-0.004722
-0.005745
-0.006219
-0.005934
-0.005882
-0.005555
-0.006014
-0.006217
-0.005742
-0.005720
-0.005752
-0.005339
-0.005160
-0.005126
-0.004825
-0.004105
-0.004097
-0.004980
-0.005045
-0.004821
-0.005215
-0.005345
-0.004871
-0.005252
-0.006063
-0.006609
-0.005973
-0.005197
-0.005193
-0.005169
-0.005660
-0.005462
-0.005269
-0.005743
-0.005931
-0.005505
-0.005552
-0.005697
-0.005308
-0.004814
-0.004591
-0.004828
-0.004692
-0.004859
-0.005349
-0.004969
-0.004716
-0.004708
-0.004699
-0.004681
-0.005550
-0.006172
-0.006367
-0.006151
-0.006325
-0.006254
-0.005783
-0.005347
-0.004823
-0.004599
-0.004880
-0.005229
-0.005104
-0.005174
-0.004654
-0.004206
-0.004463
-0.003643
-0.002641
-0.002790
-0.003286
-0.003892
-0.004469
-0.005617
-0.005565
-0.005541
-0.005693
-0.005059
-0.005320
-0.005313
-0.004834
-0.004163
-0.003906
-0.004332
-0.004473
-0.005628
-0.005491
-0.004318
-0.004469
-0.004319
-0.004780
-0.004791
-0.003988
-0.004301
-0.004975
-0.004755
-0.004924
-0.005553
-0.005868
-0.005748
-0.005610
-0.005500
-0.005049
-0.004564
-0.004243
-0.004887
-0.004687
-0.004969
-0.006264
-0.006327
-0.006339
-0.006680
-0.006737
-0.006528
-0.006011
-0.005866
-0.005624
-0.005276
-0.005329
-0.004881
-0.003975
-0.003918
-0.003851
-0.003799
-0.003938
-0.004046
-0.004503
-0.005053
-0.005547
-0.005786
-0.005865
-0.005658
-0.004966
-0.004844
-0.004851
-0.004694
-0.005039
-0.004141
-0.003202
-0.003740
-0.003557
-0.003385
-0.003843
-0.004201
-0.004372
-0.004870
-0.005082
-0.005234
-0.005131
-0.004936
-0.005861
-0.006155
-0.005660
-0.005170
-0.005177
-0.004995
-0.004911
-0.005130
-0.005654
-0.005469
-0.005180
-0.005335
-0.005409
-0.006217
-0.006228
-0.005505
-0.005233
-0.005324
-0.004872
-0.005054
-0.005635
-0.005685
-0.005667
-0.005244
-0.005149
-0.005040
-0.004858
-0.005019
-0.005321
-0.004890
-0.004381
-0.005150
-0.006031
-0.005871
-0.005212
-0.004900
-0.004297
-0.004309
-0.004874
-0.004557
-0.004533
-0.004833
-0.004606
-0.004454
-0.005312
-0.006310
-0.006290
-0.005817
-0.005961
-0.006200
-0.005504
-0.004691
-0.004885
-0.005366
-0.005624
-0.005671
-0.005212
-0.005021
-0.004959
-0.004363
-0.003710
-0.003612
-0.004136
-0.004260
-0.004095
-0.003831
-0.003872
-0.004305
-0.004408
-0.004679
-0.004955
-0.004942
-0.005321
-0.005853
-0.006010
-0.006084
-0.006020
-0.005680
-0.005234
-0.004850
-0.005257
-0.005269
-0.004956
-0.006110
-0.006650
-0.006091
-0.005656
-0.005678
-0.005428
-0.004431
-0.003378
-0.002472
-0.002363
-0.002987
-0.003569
-0.004061
-0.004659
-0.005297
-0.005532
-0.005822
-0.005970
-0.005722
-0.005566
-0.005994
-0.006253
-0.006370
-0.006725
-0.006042
-0.004806
-0.005026
-0.005389
-0.004869
-0.004310
-0.003817
-0.003523
-0.004104
-0.004630
-0.004885
-0.004898
-0.004688
-0.005054
-0.004954
-0.004950
-0.005237
-0.005638
-0.005650
-0.005278
-0.005043
-0.004609
-0.004483
-0.004969
-0.004597
-0.004558
-0.004255
-0.004255
-0.004947
-0.005521
-0.005515
-0.005433
-0.005578
-0.005914
-0.006231
-0.006248
-0.005745
-0.005221
-0.005263
-0.004613
-0.003657
-0.003707
-0.003740
-0.003315
-0.003885
-0.005556
-0.006372
-0.005972
-0.006046
-0.005870
-0.005684
-0.005617
-0.005469
-0.005122
-0.004403
-0.003526
-0.003020
-0.003016
-0.002755
-0.003121
-0.003979
-0.004469
-0.004620
-0.004325
-0.005215
-0.006451
-0.006570
-0.006026
-0.005766
-0.005645
-0.004872
-0.004163
-0.003774
-0.004125
-0.003961
-0.004144
-0.004185
-0.004201
-0.004815
-0.005230
-0.005953
-0.007029
-0.007098
-0.006966
-0.006595
-0.006811
-0.006362
-0.006091
-0.005722
-0.005169
-0.004891
-0.004727
-0.004450
-0.004062
-0.004063
-0.005153
-0.006279
-0.006935
-0.006818
-0.006440
-0.005823
-0.005628
-0.005652
-0.004551
-0.003319
-0.003572
-0.003455
-0.002938
-0.003016
-0.003966
-0.004917
-0.004697
-0.004208
-0.004159
-0.003652
-0.003184
-0.003273
-0.002834
-0.003134
-0.004323
-0.004608
-0.005203
-0.005311
-0.005101
-0.005392
-0.005214
-0.005001
-0.004968
-0.004625
-0.004364
-0.004333
-0.004446
-0.005201
-0.005674
-0.005499
-0.005350
-0.005628
-0.005741
-0.005289
-0.004186
-0.003220
-0.002426
-0.002990
-0.003622
-0.003704
-0.004370
-0.005154
-0.006669
-0.007428
-0.007124
-0.006837
-0.006736
-0.006496
-0.005674
-0.005278
-0.005629
-0.005401
-0.005266
-0.005242
-0.005028
-0.005361
-0.005376
-0.005101
-0.004577
-0.004416
-0.004886
-0.005197
-0.004459
-0.003755
-0.003409
-0.003324
-0.003650
-0.004324
-0.004947
-0.005778
-0.006615
-0.006098
-0.005318
-0.005131
-0.004731
-0.004673
-0.004766
-0.004132
-0.003951
-0.004293
-0.004563
-0.005108
-0.005097
-0.004915
-0.005566
-0.005309
-0.005017
-0.004873
-0.004655
-0.004686
-0.003890
-0.003486
-0.003673
-0.004205
-0.004470
-0.004784
-0.005543
-0.005924
-0.007045
-0.007525
-0.007282
-0.007155
-0.006413
-0.005312
-0.004669
-0.004339
-0.003659
-0.002817
-0.002607
-0.002909
-0.003297
-0.003693
-0.004147
-0.005161
-0.005641
-0.005325
-0.005226
-0.005406
-0.005301
-0.004585
-0.003948
-0.003297
-0.003032
-0.004006
-0.004395
-0.005118
-0.006069
-0.006076
-0.005232
-0.005476
-0.007092
-0.007732
-0.008046
-0.007303
-0.005634
-0.004585
-0.003911
-0.003579
-0.004152
-0.004433
-0.004230
-0.004897
-0.005706
-0.006235
-0.006724
-0.007172
-0.007242
-0.006408
-0.005733
-0.005522
-0.005578
-0.005421
-0.005215
-0.004827
-0.004066
-0.004192
-0.005312
-0.005759
-0.006000
-0.006270
-0.005919
-0.005850
-0.005571
-0.005153
-0.005588
-0.006519
-0.007011
-0.006790
-0.006708
-0.006334
-0.006092
-0.006085
-0.005941
-0.006424
-0.006461
-0.005979
-0.006289
-0.005441
-0.004028
-0.003568
-0.003203
-0.003189
-0.004094
-0.004674
-0.005145
-0.005486
-0.005054
-0.004701
-0.005388
-0.006678
-0.007105
-0.006942
-0.007041
-0.008069
-0.007297
-0.005899
-0.005515
-0.004968
-0.004735
-0.004633
-0.004727
-0.003791
-0.003602
-0.003393
-0.003381
-0.003893
-0.003909
-0.003824
-0.003491
-0.004106
-0.004975
-0.005606
-0.006311
-0.006697
-0.006349
-0.006152
-0.005869
-0.005618
-0.005259
-0.004909
-0.004887
-0.004574
-0.004557
-0.004517
-0.004800
-0.005096
-0.005047
-0.004945
-0.005107
-0.006076
-0.005927
-0.005672
-0.006053
-0.006525
-0.006753
-0.006496
-0.005780
-0.005388
-0.005540
-0.006074
-0.006051
-0.005843
-0.005730
-0.006344
-0.006111
-0.005190
-0.005153
-0.005566
-0.005344
-0.004797
-0.004712
-0.004545
-0.004857
-0.004994
-0.004515
-0.004728
-0.004650
-0.003886
-0.004144
-0.004275
-0.004491
-0.006068
-0.006839
-0.007095
-0.006754
-0.006126
-0.005372
-0.004881
-0.005281
-0.005535
-0.005378
-0.005351
-0.005971
-0.005332
-0.004566
-0.004653
-0.004074
-0.003563
-0.003915
-0.004406
-0.005282
-0.006422
-0.006216
-0.005826
-0.005854
-0.005247
-0.004588
-0.004026
-0.003401
-0.003305
-0.002934
-0.003117
-0.004085
-0.004433
-0.005132
-0.006206
-0.006390
-0.006039
-0.005300
-0.005922
-0.006011
-0.005888
-0.005714
-0.005145
-0.005107
-0.005177
-0.005101
-0.005370
-0.007187
-0.007812
-0.007732
-0.007128
-0.006047
-0.005953
-0.005397
-0.004350
-0.003031
-0.001982
-0.002348
-0.002881
-0.003346
-0.003831
-0.004123
-0.004534
-0.004677
-0.005610
-0.006555
-0.006862
-0.007517
-0.007507
-0.006838
-0.006354
-0.005473
-0.005222
-0.005596
-0.005768
-0.004798
-0.003813
-0.004292
-0.004439
-0.004635
-0.004352
-0.004311
-0.004787
-0.004324
-0.004492
-0.004899
-0.005091
-0.005703
-0.006197
-0.006107
-0.006169
-0.006690
-0.006739
-0.006813
-0.006564
-0.006024
-0.005985
-0.006237
-0.006186
-0.006253
-0.006402
-0.005912
-0.005666
-0.005751
-0.005728
-0.005538
-0.004884
-0.003865
-0.003319
-0.003760
-0.004426
-0.004774
-0.005495
-0.005800
-0.006195
-0.006539
-0.006560
-0.006970
-0.006833
-0.005819
-0.005446
-0.005325
-0.005435
-0.005934
-0.006189
-0.006349
-0.006260
-0.005707
-0.005982
-0.006089
-0.006003
-0.006512
-0.006342
-0.005908
-0.005123
-0.004931
-0.005164
-0.004582
-0.004044
-0.003905
-0.004211
-0.005149
-0.005210
-0.005297
-0.005266
-0.005183
-0.005919
-0.006255
-0.006321
-0.006093
-0.005587
-0.005305
-0.005237
-0.004831
-0.004082
-0.003725
-0.003545
-0.003513
-0.003496
-0.004181
-0.005191
-0.006104
-0.006667
-0.006497
-0.006555
-0.005974
-0.005497
-0.005351
-0.005234
-0.005516
-0.005541
-0.005218
-0.004958
-0.004615
-0.004209
-0.003839
-0.004288
-0.004645
-0.004657
-0.005032
-0.005128
-0.005245
-0.006027
-0.006777
-0.006847
-0.006949
-0.007239
-0.007105
-0.006096
-0.005261
-0.004995
-0.004224
-0.004003
-0.004814
-0.004551
-0.003467
-0.003737
-0.004855
-0.005525
-0.005838
-0.006088
-0.005587
-0.005524
-0.004607
-0.003876
-0.004386
-0.004389
-0.004519
-0.005133
-0.005528
-0.005751
-0.005669
-0.005353
-0.004864
-0.004923
-0.005561
-0.005663
-0.005681
-0.005083
-0.004206
-0.003751
-0.003345
-0.004004
-0.005539
-0.006128
-0.004576
-0.004554
-0.005280
-0.005128
-0.005373
-0.005918
-0.006149
-0.006328
-0.005814
-0.005387
-0.005692
-0.005645
-0.005079
-0.005493
-0.005518
-0.004853
-0.005053
-0.004839
-0.004460
-0.004515
-0.004706
-0.005307
-0.004674
-0.004498
-0.005095
-0.004972
-0.004641
-0.005157
-0.005820
-0.005681
-0.006025
-0.006172
-0.005977
-0.006442
-0.006235
-0.006267
-0.006178
-0.005712
-0.005268
-0.004526
-0.004492
-0.004640
-0.004260
-0.004701
-0.005737
-0.005965
-0.005667
-0.005225
-0.005376
-0.004935
-0.005363
-0.006397
-0.006317
-0.006025
-0.005677
-0.005443
-0.005575
-0.005459
-0.004962
-0.004953
-0.005006
-0.005232
-0.005310
-0.005142
-0.005389
-0.005299
-0.004553
-0.004922
-0.005006
-0.004577
-0.005305
-0.006124
-0.005799
-0.005528
-0.005393
-0.005042
-0.004980
-0.005700
-0.005984
-0.006224
-0.006339
-0.006272
-0.006319
-0.006471
-0.007025
-0.007265
-0.007699
-0.008354
-0.009058
-0.008859
-0.008776
-0.008386
-0.007031
-0.005276
-0.004533
-0.004528
-0.003999
-0.003844
-0.003771
-0.003933
-0.003853
-0.004249
-0.005795
-0.005580
-0.005557
-0.005540
-0.004992
-0.005086
-0.004858
-0.004755
-0.005408
-0.005488
-0.004948
-0.004968
-0.004684
-0.004488
-0.004506
-0.003940
-0.003644
-0.004541
-0.005097
-0.005311
-0.006183
-0.007241
-0.007199
-0.006219
-0.006190
-0.006670
-0.006409
-0.006518
-0.006470
-0.006203
-0.006419
-0.006098
-0.005586
-0.005640
-0.005775
-0.005866
-0.005343
-0.005095
-0.005017
-0.005294
-0.006000
-0.006553
-0.007202
-0.006681
-0.006271
-0.005823
-0.005219
-0.005783
-0.006491
-0.006736
-0.006531
-0.006002
-0.005762
-0.005616
-0.005405
-0.005080
-0.004732
-0.003933
-0.004119
-0.004960
-0.005281
-0.005837
-0.005726
-0.005130
-0.005651
-0.006160
-0.006009
-0.005485
-0.004714
-0.004135
-0.004161
-0.004888
-0.005394
-0.005123
-0.004848
-0.005084
-0.004764
-0.004431
-0.005053
-0.006504
-0.007052
-0.006963
-0.005760
-0.004979
-0.005086
-0.005341
-0.005697
-0.005777
-0.005800
-0.006065
-0.006362
-0.006013
-0.004827
-0.004964
-0.005672
-0.005618
-0.005499
-0.005143
-0.004940
-0.005539
-0.005704
-0.005041
-0.004529
-0.004695
-0.004485
-0.004520
-0.005278
-0.005408
-0.005393
-0.005673
-0.005508
-0.004822
-0.004235
-0.004082
-0.004780
-0.005653
-0.005349
-0.004764
-0.005042
-0.005783
-0.006705
-0.007311
-0.008590
-0.008979
-0.008370
-0.008219
-0.007769
-0.006873
-0.006226
-0.005969
-0.005401
-0.004713
-0.004756
-0.004582
-0.004292
-0.004809
-0.004928
-0.005291
-0.005239
-0.004514
-0.005516
-0.006021
-0.005873
-0.006404
-0.006584
-0.007372
-0.007726
-0.007717
-0.007796
-0.007414
-0.006275
-0.005624
-0.006391
-0.006607
-0.006419
-0.006516
-0.005449
-0.004360
-0.003386
-0.003090
-0.003648
-0.003759
-0.005072
-0.006224
-0.006576
-0.006556
-0.006504
-0.006290
-0.005675
-0.005137
-0.004519
-0.004602
-0.004817
-0.005219
-0.006024
-0.006518
-0.006671
-0.006267
-0.005751
-0.005482
-0.006281
-0.006628
-0.006401
-0.006443
-0.006190
-0.006159
-0.005436
-0.005492
-0.005753
-0.005245
-0.005396
-0.005933
-0.005588
-0.005777
-0.006048
-0.005879
-0.005965
-0.006275
-0.006754
-0.006948
-0.006774
-0.006299
-0.005394
-0.004887
-0.005403
-0.006009
-0.005463
-0.005002
-0.005320
-0.005227
-0.005411
-0.005804
-0.006377
-0.005900
-0.006021
-0.006244
-0.006019
-0.005930
-0.005571
-0.005170
-0.004926
-0.004284
-0.004439
-0.004539
-0.004774
-0.005179
-0.005151
-0.005682
-0.005978
-0.005936
-0.005969
-0.006371
-0.006398
-0.006022
-0.005644
-0.005837
-0.006674
-0.007845
-0.007517
-0.007644
-0.007790
-0.007632
-0.007790
-0.007178
-0.006619
-0.007288
-0.007274
-0.006899
-0.006829
-0.006355
-0.006436
-0.006512
-0.006366
-0.005465
-0.004182
-0.004082
-0.003979
-0.004024
-0.003948
-0.004940
-0.005725
-0.006077
-0.007137
-0.007165
-0.007468
-0.008210
-0.007657
-0.006630
-0.006340
-0.006231
-0.005745
-0.005357
-0.004692
-0.004048
-0.004131
-0.004555
-0.004487
-0.005560
-0.006042
-0.005706
-0.005886
-0.006395
-0.006902
-0.006716
-0.006801
-0.007398
-0.006974
-0.006431
-0.006780
-0.006077
-0.004824
-0.004799
-0.004113
-0.003517
-0.003430
-0.003588
-0.004300
-0.005291
-0.006287
-0.006352
-0.006162
-0.006081
-0.005851
-0.006447
-0.006641
-0.006422
-0.007150
-0.007501
-0.008044
-0.007592
-0.006824
-0.006262
-0.005208
-0.005267
-0.005895
-0.005929
-0.005174
-0.004879
-0.004534
-0.004175
-0.004517
-0.004986
-0.005160
-0.005256
-0.005697
-0.006191
-0.006086
-0.005490
-0.005364
-0.005777
-0.005679
-0.005492
-0.005229
-0.005347
-0.005606
-0.005819
-0.006062
-0.005971
-0.006215
-0.006388
-0.006472
-0.006856
-0.006926
-0.006467
-0.006786
-0.007477
-0.007568
-0.007145
-0.006328
-0.006183
-0.005556
-0.005263
-0.005601
-0.005498
-0.006511
-0.006940
-0.006542
-0.007240
-0.007994
-0.007721
-0.007373
-0.007426
-0.007222
-0.006988
-0.006919
-0.006658
-0.006866
-0.007041
-0.006383
-0.005708
-0.005184
-0.005039
-0.004651
-0.004611
-0.005348
-0.005249
-0.004661
-0.005263
-0.005655
-0.006006
-0.006277
-0.006083
-0.006916
-0.006936
-0.006294
-0.006078
-0.006195
-0.006723
-0.006764
-0.005922
-0.005081
-0.004352
-0.004672
-0.005306
-0.005154
-0.005181
-0.005007
-0.004616
-0.004502
-0.005133
-0.005846
-0.005769
-0.005315
-0.005916
-0.006733
-0.006614
-0.006113
-0.006615
-0.007367
-0.007624
-0.007382
-0.007460
-0.007354
-0.006895
-0.006682
-0.006481
-0.006256
-0.006547
-0.006867
-0.006539
-0.006363
-0.006173
-0.005698
-0.005364
-0.005386
-0.005758
-0.005193
-0.005060
-0.005213
-0.004874
-0.005194
-0.004966
-0.005024
-0.004491
-0.003662
-0.004386
-0.004870
-0.004929
-0.005849
-0.005973
-0.005075
-0.004981
-0.005180
-0.005226
-0.005884
-0.006397
-0.006263
-0.006128
-0.006486
-0.007303
-0.007420
-0.006935
-0.007339
-0.008261
-0.007742
-0.007223
-0.006090
-0.005348
-0.005454
-0.005567
-0.005875
-0.006495
-0.006610
-0.005559
-0.004792
-0.004742
-0.004269
-0.004297
-0.004283
-0.004518
-0.005771
-0.006406
-0.006284
-0.006592
-0.006517
-0.006715
-0.007259
-0.007108
-0.006528
-0.005882
-0.005169
-0.005441
-0.005968
-0.005530
-0.005519
-0.005937
-0.005769
-0.005813
-0.006000
-0.005277
-0.004915
-0.004822
-0.005170
-0.005754
-0.005444
-0.004981
-0.005497
-0.005597
-0.005304
-0.005846
-0.006263
-0.006467
-0.006370
-0.006253
-0.006566
-0.006262
-0.006469
-0.007337
-0.006263
-0.006356
-0.006773
-0.006335
-0.005910
-0.005399
-0.004555
-0.004586
-0.004700
-0.004552
-0.004891
-0.004601
-0.004350
-0.004359
-0.004622
-0.004795
-0.004424
-0.004712
-0.005637
-0.006423
-0.006522
-0.006614
-0.007098
-0.006102
-0.005806
-0.006480
-0.006530
-0.006065
-0.006047
-0.005703
-0.005337
-0.005117
-0.004793
-0.004986
-0.005375
-0.006070
-0.006470
-0.006705
-0.006286
-0.005659
-0.005446
-0.005361
-0.004978
-0.004765
-0.004551
-0.004157
-0.004973
-0.005826
-0.005388
-0.005807
-0.006479
-0.006396
-0.006219
-0.005806
-0.005861
-0.005962
-0.006068
-0.006086
-0.005712
-0.006455
-0.007155
-0.006460
-0.006346
-0.005775
-0.005184
-0.005532
-0.005266
-0.005055
-0.005180
-0.004962
-0.004282
-0.004864
-0.004915
-0.004232
-0.004404
-0.004105
-0.004016
-0.004500
-0.005384
-0.005846
-0.006232
-0.007408
-0.008917
-0.009052
-0.008436
-0.008050
-0.006832
-0.005122
-0.004188
-0.003967
-0.003629
-0.003051
-0.003768
-0.003968
-0.003166
-0.003697
-0.004615
-0.005411
-0.005801
-0.006542
-0.007274
-0.007972
-0.007227
-0.006526
-0.006640
-0.008859
-0.006449
