# STATIONID: 201
# STARTTIME: 1123745614.930000
# SAMPLERATE: 100
# NUMSAMPLES: 8267
-0.000569
-0.000433
0.000632
0.000727
0.000475
0.001347
0.002925
0.003266
0.003348
0.003327
0.002594
0.001455
0.001633
0.001096
0.000503
-0.000038
-0.000393
-0.000051
0.000424
0.000338
0.001063
0.001882
0.002065
0.002185
0.001450
-0.000161
-0.000778
-0.000965
-0.000356
0.000836
0.001973
0.002643
0.002727
0.002574
0.001793
0.001032
0.000475
0.000063
0.000090
0.000611
0.000567
-0.000074
0.000190
0.000478
0.000855
0.001205
0.001292
0.001140
0.000586
0.000743
0.001597
0.001869
0.001711
0.001746
0.002365
0.001889
0.001491
0.001382
-0.000002
-0.000589
-0.000416
0.000183
0.001237
0.001965
0.002827
0.003694
0.003875
0.003996
0.003421
0.003197
0.002961
0.002306
0.002046
0.000938
0.001020
0.001448
0.001176
0.001434
0.001360
0.001246
0.001708
0.001936
0.000733
-0.001568
-0.001655
-0.000512
0.000677
0.002671
0.003733
0.003627
0.002573
0.001536
0.000585
-0.000113
-0.000639
-0.000812
-0.001163
-0.000978
0.000420
0.001196
0.001276
0.000407
0.000188
0.000426
0.001129
0.002609
0.003308
0.002837
0.002324
0.001357
0.000145
0.000105
0.000049
0.000226
0.000710
0.000689
0.001429
0.001658
0.001213
0.001238
0.001076
0.000033
-0.000594
-0.000786
0.000149
0.002446
0.004313
0.004711
0.004472
0.003227
0.001487
0.000205
-0.000237
-0.000185
-0.000310
0.001183
0.003292
0.003765
0.002859
0.001801
0.000928
-0.000018
-0.000667
-0.001176
-0.000701
-0.000061
0.000837
0.001936
0.002421
0.003193
0.003487
0.003257
0.002517
0.001680
0.000786
-0.000037
-0.000212
0.000048
0.000374
0.001084
0.001497
0.001918
0.001673
0.001082
0.001152
0.001255
0.001076
0.000324
0.000128
0.000428
0.000605
0.000320
0.000866
0.001960
0.002685
0.003011
0.002616
0.002235
0.001373
0.000276
-0.000388
-0.000555
-0.000073
0.000410
0.001323
0.001475
0.001110
0.000622
-0.000217
-0.001118
-0.000690
-0.000269
0.000247
0.001224
0.001733
0.002012
0.002096
0.003107
0.003995
0.003576
0.002668
0.002243
0.001196
0.000497
0.000616
0.000877
0.000937
0.000836
0.001008
0.001414
0.001764
0.001815
0.002098
0.001598
0.000604
-0.000087
-0.000263
-0.000454
-0.000033
0.000109
0.000704
0.002011
0.003261
0.003629
0.003667
0.003106
0.002564
0.001761
0.001105
0.000386
-0.000023
0.000218
0.000752
0.001430
0.001706
0.002582
0.002459
0.001537
0.000759
-0.000440
-0.001290
-0.001442
-0.001401
-0.001284
-0.000446
0.000505
0.001910
0.002757
0.003476
0.004117
0.003551
0.003198
0.002637
0.001965
0.001571
0.001175
0.001670
0.001573
0.000913
0.000855
-0.000031
-0.000580
-0.000799
-0.000792
-0.000244
-0.000106
-0.000133
0.000133
0.001297
0.002425
0.003017
0.003915
0.003873
0.003535
0.002973
0.002080
0.001652
0.000819
-0.000163
0.000092
0.000543
0.000381
0.000797
0.001486
0.002222
0.002454
0.001660
0.001232
0.001279
0.001290
0.000636
0.000121
0.000508
0.001352
0.001506
0.001269
0.001534
0.001665
0.001000
0.000399
0.000688
0.000706
0.001165
0.001695
0.002528
0.003194
0.003508
0.003652
0.002502
0.002249
0.001697
0.000643
0.000170
-0.001144
-0.001672
-0.001813
-0.002508
-0.002066
-0.000888
0.000525
0.001993
0.002637
0.003086
0.002629
0.002119
0.001749
0.001710
0.001721
0.001139
0.001301
0.002324
0.002859
0.003357
0.003923
0.003757
0.002942
0.001349
-0.000628
-0.001609
-0.001992
-0.002188
-0.002266
-0.001948
-0.000110
0.002245
0.003467
0.003641
0.003331
0.002465
0.001468
0.001218
0.000941
0.000120
0.000372
0.000611
0.001162
0.001841
0.001686
0.001625
0.002044
0.001781
0.001114
0.000900
0.000380
0.000315
-0.000234
-0.000258
0.001649
0.002597
0.002299
0.002601
0.003213
0.002528
0.001614
0.001300
0.001109
0.000838
-0.000010
-0.000061
0.001189
0.001692
0.000608
0.000551
0.001146
0.000935
0.001181
0.001951
0.002405
0.001895
0.001631
0.001935
0.000849
0.000011
-0.000516
-0.000672
-0.000492
-0.000270
0.000747
0.001727
0.002557
0.003134
0.002803
0.002061
0.002368
0.002415
0.001861
0.001779
0.001840
0.002281
0.002334
0.001942
0.001735
0.002173
0.002605
0.002150
0.001371
0.001056
0.000522
-0.000460
-0.000177
0.000781
0.001612
0.001985
0.001782
0.002422
0.002529
0.002123
0.002230
0.002180
0.001523
0.001651
0.001806
0.000744
0.000031
0.000124
0.000888
0.001535
0.001868
0.002107
0.001523
0.001348
0.001253
0.001208
0.001450
0.000813
-0.000125
-0.000713
-0.000739
-0.000711
-0.000781
-0.001005
-0.000184
0.000767
0.001077
0.001317
0.001646
0.002617
0.003692
0.003647
0.003737
0.003160
0.002124
0.001455
0.001227
0.001306
0.001156
0.000911
0.000743
0.001235
0.001580
0.001398
0.000778
0.001110
0.000831
0.000129
0.000532
0.000862
0.001148
0.002284
0.003070
0.004052
0.004331
0.003850
0.003869
0.002627
0.002025
0.001387
0.000820
0.000624
0.000678
0.000558
0.000571
0.000615
-0.000198
-0.000850
-0.000779
-0.000518
0.000260
0.000551
0.001409
0.001908
0.001926
0.002226
0.002017
0.001701
0.001579
0.002357
0.002777
0.002828
0.002710
0.001761
0.000498
0.000533
0.000366
0.000085
0.000447
0.000873
0.000458
0.000625
0.001501
0.002769
0.003486
0.002799
0.002373
0.002638
0.001909
0.000974
0.000511
0.001010
0.000898
0.000695
0.000837
0.000896
0.000482
0.000426
0.000560
0.000836
0.000666
0.000891
0.000960
0.000596
0.000542
0.001164
0.001799
0.001897
0.001871
0.001436
0.001154
0.001474
0.001287
0.001230
0.002260
0.002885
0.003371
0.003796
0.003920
0.003717
0.002369
0.001267
0.001292
0.001230
0.000568
0.000940
0.001105
0.000982
0.001761
0.002009
0.002253
0.002385
0.001132
0.000113
0.000260
0.000318
0.001117
0.001859
0.002071
0.003099
0.003573
0.003989
0.004911
0.004277
0.003444
0.002621
0.001448
0.000718
0.000120
0.000002
-0.000087
-0.000165
-0.000279
0.000084
0.000430
0.000557
0.000884
0.001026
0.000805
0.001149
0.001362
0.001807
0.002162
0.001372
0.001944
0.002201
0.001044
0.000922
0.000674
0.000115
0.000508
0.000529
0.000583
0.000798
0.001493
0.002414
0.002527
0.002814
0.002352
0.001724
0.001515
0.001216
0.001180
0.001303
0.001305
0.001232
0.000915
0.000826
0.001542
0.001560
0.001407
0.002033
0.002494
0.002502
0.001756
0.001422
0.001780
0.001962
0.001769
0.002342
0.002638
0.001677
0.001912
0.002365
0.002751
0.003190
0.002320
0.001400
0.001408
0.000850
0.000464
0.000574
0.000774
0.001351
0.001746
0.001660
0.001204
0.001065
0.001105
0.000611
-0.000281
0.000243
0.000623
0.000397
0.000867
0.001039
0.001118
0.001091
0.001283
0.001654
0.001721
0.000795
-0.000560
-0.000687
-0.000694
-0.000199
0.000581
0.000816
0.001658
0.002141
0.002332
0.002476
0.002699
0.002851
0.002726
0.002565
0.002531
0.002530
0.002368
0.002455
0.002973
0.003283
0.002994
0.002612
0.002646
0.002351
0.001051
0.000762
0.001219
0.001086
0.001266
0.001629
0.001659
0.001641
0.002064
0.001503
0.000704
0.000594
0.000549
0.000123
0.000262
0.000997
0.000721
0.000641
0.001071
0.001320
0.001519
0.000582
-0.000091
0.000209
0.001141
0.001371
0.001813
0.002228
0.002368
0.002965
0.002592
0.002198
0.002680
0.003460
0.002962
0.002102
0.002052
0.001471
0.000350
-0.000249
-0.000256
-0.001314
-0.002123
-0.002106
-0.001588
-0.000491
0.000147
0.000497
0.001194
0.002299
0.002985
0.003168
0.003148
0.003364
0.003888
0.003617
0.003153
0.002284
0.001763
0.001799
0.000999
-0.000191
-0.001135
-0.001374
-0.001244
-0.000840
0.000218
0.001078
0.000899
0.001836
0.002725
0.002883
0.003396
0.003039
0.003200
0.003363
0.003335
0.002372
0.001507
0.001592
0.001383
0.001031
0.001009
0.000913
0.000918
0.000958
0.000566
0.000648
0.000698
0.000571
0.001006
0.001214
0.001184
0.001835
0.002496
0.002744
0.003672
0.003317
0.002325
0.002086
0.001498
0.001085
0.000800
0.000329
0.000384
0.000228
0.000444
0.001276
0.001159
0.000706
0.000908
0.000931
0.000698
0.000764
0.000374
0.000447
0.000488
0.000614
0.000723
0.001372
0.002116
0.002007
0.002072
0.001844
0.001288
0.001417
0.001474
0.001903
0.002310
0.002195
0.001703
0.001595
0.001396
0.001717
0.002213
0.001988
0.002257
0.001683
0.000929
0.001188
0.001107
0.001064
0.000608
0.000665
0.001296
0.001096
0.001157
0.001999
0.002529
0.002816
0.002406
0.002173
0.002512
0.002563
0.002202
0.002135
0.002190
0.001764
0.000937
0.001403
0.001159
0.000539
0.000868
0.000853
0.000648
0.000795
0.001598
0.001228
0.000440
0.000828
0.001157
0.000936
0.001190
0.001286
0.000846
0.000700
0.001184
0.001743
0.001750
0.001711
0.002005
0.002324
0.002411
0.002213
0.001661
0.001637
0.002009
0.001364
0.000583
0.000247
-0.000175
-0.000409
0.000043
0.000176
0.000411
0.000069
0.000384
0.001219
0.000595
0.000510
0.001337
0.002163
0.002749
0.002954
0.003130
0.003748
0.003464
0.003646
0.003923
0.003070
0.002866
0.002398
0.001515
0.001117
0.000428
-0.000459
-0.000874
-0.001018
-0.000548
0.000168
0.000553
0.001502
0.001770
0.001747
0.001987
0.002147
0.002632
0.002625
0.002457
0.002742
0.002725
0.001695
0.001499
0.001917
0.001310
0.001092
0.001355
0.000824
-0.000075
-0.000359
-0.000636
-0.000538
0.000235
0.000699
0.001934
0.002495
0.002328
0.002069
0.001475
0.001790
0.002618
0.002780
0.001797
0.000755
0.000086
-0.000159
0.000096
0.000691
0.000954
0.000283
0.000050
0.000345
0.000764
0.001067
0.000746
0.000976
0.001028
0.000873
0.001462
0.002405
0.002555
0.002372
0.002328
0.002707
0.003008
0.001948
0.001637
0.001256
0.001391
0.001299
0.000490
0.000726
0.001698
0.001866
0.001608
0.001730
0.001931
0.001435
0.001394
0.001232
0.001122
0.001503
0.001439
0.001644
0.001687
0.001661
0.001106
0.000846
0.000783
0.000636
0.001100
0.001421
0.001811
0.002073
0.002076
0.002256
0.002988
0.003143
0.002558
0.001655
0.001107
0.001519
0.001474
0.001755
0.002287
0.002497
0.002105
0.001611
0.000906
0.000506
0.000628
0.000648
0.001453
0.001403
0.000791
0.000842
0.001236
0.001711
0.001892
0.002137
0.002331
0.001542
0.000793
0.000982
0.001293
0.000997
0.001110
0.001035
0.001364
0.001744
0.001211
0.001425
0.000967
0.000770
0.001114
0.000736
0.000232
0.000495
0.000784
0.000778
0.001474
0.002232
0.003091
0.003489
0.003586
0.003324
0.003229
0.002805
0.001940
0.001879
0.001912
0.002003
0.001459
0.000935
0.001236
0.001644
0.001193
0.000438
0.000366
-0.000272
-0.000448
-0.000295
0.000602
0.000767
0.000623
0.001397
0.001994
0.001914
0.002663
0.003062
0.002839
0.003262
0.003253
0.002751
0.002685
0.002715
0.001591
0.000309
0.000542
-0.000060
-0.000314
-0.000098
0.000808
0.001171
0.000577
0.000349
0.000787
0.000950
0.000584
0.000782
0.000658
0.000499
0.001188
0.001135
0.001230
0.001686
0.001932
0.002001
0.001633
0.001841
0.002375
0.001691
0.001086
0.000915
0.000173
0.000028
0.000101
0.000086
0.000373
0.000468
0.000588
0.000716
0.001070
0.001171
0.001569
0.001841
0.001600
0.001879
0.002253
0.001515
0.001270
0.001656
0.001968
0.001427
0.000696
0.001154
0.001657
0.002168
0.001543
0.000620
0.001003
0.000758
0.000643
0.000998
0.001604
0.001957
0.001541
0.002021
0.002688
0.002599
0.002595
0.002356
0.002050
0.001847
0.001991
0.001494
0.001733
0.001276
0.000176
0.000796
0.001043
0.000818
0.001019
0.000990
0.000422
0.000104
0.000576
0.001156
0.001954
0.002661
0.002306
0.002278
0.002459
0.002137
0.002318
0.002567
0.001942
0.001226
0.001549
0.001233
0.000343
0.000369
0.000618
-0.000190
-0.000551
-0.000171
-0.000397
-0.000173
0.000035
0.000049
0.000321
0.000284
0.000192
0.000515
0.000878
0.000849
0.000872
0.001646
0.002399
0.002676
0.002468
0.001786
0.001927
0.001816
0.000825
0.000362
0.000206
0.000412
0.000704
0.000880
0.001086
0.000348
0.000045
0.000457
0.000448
0.000934
0.001383
0.001947
0.002432
0.002178
0.002203
0.002570
0.002451
0.001464
0.001702
0.002284
0.001568
0.001795
0.002946
0.003140
0.002985
0.002781
0.001765
0.001229
0.001360
0.001348
0.000602
0.000663
0.000680
0.000666
0.001556
0.001836
0.002183
0.002231
0.001949
0.001940
0.001721
0.001443
0.001578
0.001479
0.001926
0.002013
0.001723
0.001627
0.001530
0.001271
0.001061
0.001031
0.000963
0.001219
0.001218
0.000467
0.000267
0.000491
0.000145
0.000970
0.001500
0.001247
0.001614
0.001577
0.001185
0.000800
0.000790
0.001772
0.003051
0.003202
0.003140
0.003342
0.003184
0.003053
0.002474
0.001545
0.001579
0.001080
0.000350
0.000034
-0.000611
-0.000860
-0.000627
-0.000384
0.000069
0.000662
0.000907
0.001747
0.001812
0.001476
0.002337
0.002845
0.002253
0.002107
0.002401
0.001803
0.000521
0.000613
0.001219
0.000593
0.000505
0.000320
0.000073
0.000545
0.000795
0.001066
0.001830
0.001930
0.002349
0.002564
0.002229
0.002463
0.002037
0.001443
0.001422
0.000476
-0.000110
0.000552
0.001085
0.000803
0.000681
0.001105
0.001753
0.001991
0.002081
0.002725
0.002426
0.002119
0.001979
0.000865
0.000624
0.000359
0.000293
0.001125
0.001500
0.000816
0.000133
0.001337
0.002684
0.002974
0.002211
0.001634
0.001932
0.002100
0.001642
0.001828
0.001705
0.001830
0.001594
0.000615
0.000362
0.001072
0.001338
0.001970
0.002317
0.001458
0.001092
0.001507
0.000857
0.000314
0.000093
0.000436
0.000675
0.000683
0.000721
0.000737
0.001240
0.002053
0.001944
0.001868
0.002007
0.002326
0.002613
0.002766
0.002473
0.002231
0.002766
0.002510
0.001616
0.001300
0.001945
0.001713
0.000642
0.000591
0.000364
0.000769
0.000884
0.001027
0.000923
0.000092
-0.000252
0.000438
0.000662
0.001451
0.002146
0.001754
0.001829
0.001474
0.001135
0.001486
0.000890
0.000178
0.000208
0.000400
0.001038
0.001427
0.001931
0.002511
0.002608
0.002236
0.002397
0.001884
0.001306
0.001650
0.001611
0.001321
0.000471
-0.000418
-0.000323
0.000270
0.000667
0.000655
0.001024
0.001596
0.002019
0.002200
0.002236
0.002850
0.002808
0.001974
0.001849
0.001927
0.001321
0.001146
0.000879
0.001252
0.001192
0.000081
0.000515
0.000861
0.000525
0.000553
0.000673
0.001580
0.002090
0.002244
0.001958
0.001541
0.001643
0.001140
0.001556
0.002364
0.002604
0.002363
0.001924
0.001478
0.000543
0.000417
0.000063
-0.000695
-0.000031
0.001123
0.001695
0.002178
0.002767
0.002966
0.002233
0.002150
0.002397
0.001514
0.000966
0.001187
0.002041
0.002316
0.002210
0.001922
0.001715
0.001027
0.000693
0.000903
0.000150
0.000154
0.000500
0.000413
0.000926
0.001982
0.002682
0.003132
0.003237
0.002924
0.002848
0.002530
0.001589
0.001172
0.000230
-0.000783
-0.000792
-0.000283
0.000507
0.000915
0.000634
0.000194
-0.000042
-0.000006
0.000034
-0.000044
0.000160
0.000785
0.001628
0.001203
0.001106
0.001453
0.001124
0.000960
0.001603
0.002466
0.001807
0.000803
0.001046
0.001413
0.001622
0.002073
0.002099
0.001994
0.002067
0.002096
0.001374
0.001234
0.001442
0.001275
0.001301
0.001737
0.001797
0.000514
-0.000244
0.000049
0.001097
0.001632
0.001689
0.001326
0.001284
0.001888
0.002542
0.002739
0.001692
0.001491
0.001641
0.001810
0.001857
0.001587
0.001466
0.001325
0.002004
0.001340
0.000914
0.001094
0.001327
0.001493
0.000752
0.000209
0.000357
0.000573
0.001303
0.001373
0.001024
0.001933
0.002123
0.001917
0.002858
0.003099
0.001729
0.000836
0.000511
-0.000189
-0.000229
-0.000011
0.000005
0.000471
0.001482
0.001704
0.001355
0.001097
0.000855
0.001598
0.001669
0.001481
0.002030
0.002276
0.001900
0.001813
0.001874
0.001869
0.001823
0.001987
0.002475
0.002641
0.001678
0.000746
0.000977
0.000854
0.000037
-0.000219
0.000141
0.000315
0.000332
0.000344
0.000802
0.000860
0.001274
0.001828
0.002272
0.002456
0.002615
0.001686
0.001291
0.002063
0.001998
0.001657
0.001693
0.001363
0.001834
0.001594
0.000410
0.000026
0.000185
0.000039
0.000860
0.001041
0.000822
0.001366
0.001649
0.001754
0.001789
0.001030
0.000630
0.001131
0.001798
0.002112
0.001784
0.001951
0.002438
0.002524
0.002152
0.001538
0.002104
0.002750
0.001946
0.001597
0.001834
0.001237
0.001026
0.001044
0.000599
0.000476
0.000407
0.000507
0.000731
0.000847
0.000667
0.000657
0.001265
0.001663
0.001269
0.001711
0.002305
0.001480
0.001490
0.001529
0.001334
0.001515
0.002014
0.002103
0.001446
0.001063
0.000795
0.000300
0.000519
0.000232
-0.000052
0.000925
0.001969
0.001777
0.001256
0.001310
0.002168
0.002518
0.002138
0.001718
0.002143
0.001956
0.001377
0.001423
0.000903
0.000916
0.000869
0.000875
0.001480
0.001431
0.000458
0.000559
0.000690
0.000661
0.000853
0.001166
0.002124
0.002391
0.001908
0.002017
0.002504
0.002483
0.002168
0.001248
0.001197
0.001843
0.001858
0.001736
0.001024
0.001508
0.002115
0.002541
0.002184
0.001388
0.001229
0.000936
0.000963
0.000933
0.001110
0.001485
0.001432
0.001822
0.001942
0.001894
0.002456
0.002656
0.002332
0.001742
0.001016
0.001125
0.000702
0.000370
0.000687
0.000293
0.000829
0.001664
0.002005
0.001484
0.001175
0.001816
0.002007
0.001461
0.001175
0.001232
0.001549
0.001824
0.001641
0.001463
0.001972
0.002845
0.002819
0.002885
0.003219
0.002428
0.002162
0.002817
0.002420
0.001794
0.001403
0.001523
0.001110
0.000655
0.000790
0.000129
-0.000015
0.000532
0.000474
0.000521
0.000716
0.000515
0.000673
0.001001
0.000896
0.000718
0.000802
0.001089
0.001155
0.001329
0.001512
0.001374
0.001028
0.000857
0.000953
0.001111
0.000676
0.000757
0.000929
0.000667
0.001045
0.000848
0.000914
0.000733
0.000555
0.001052
0.001224
0.001473
0.002219
0.002309
0.001110
0.000555
0.000497
0.000914
0.001250
0.001861
0.002554
0.002095
0.001105
0.001265
0.001123
0.000906
0.001363
0.001489
0.001458
0.001559
0.002163
0.002427
0.001975
0.001648
0.001983
0.001233
0.000609
0.000700
0.000754
0.001199
0.001681
0.002239
0.002893
0.003389
0.003166
0.001896
0.001449
0.001388
0.001306
0.001321
0.001022
0.001083
0.001319
0.001074
0.000897
0.000572
0.000081
0.000558
0.000834
0.000705
0.000762
0.000822
0.001209
0.001104
0.000372
0.000893
0.001345
0.000943
0.000791
0.000717
0.001395
0.001869
0.001514
0.001620
0.001761
0.001298
0.001098
0.001408
0.001802
0.001236
0.000447
0.000844
0.001574
0.001255
0.000419
0.001474
0.001859
0.001313
0.001663
0.002435
0.002837
0.002700
0.002282
0.002048
0.001943
0.001670
0.001645
0.002510
0.002392
0.002014
0.002570
0.001978
0.001262
0.001533
0.001121
0.000470
0.000417
0.000367
0.000635
0.000997
0.000684
0.000557
0.000566
0.000588
0.000889
0.000797
0.000994
0.001476
0.001807
0.002256
0.001882
0.001942
0.001851
0.001369
0.000776
0.001059
0.000782
0.000252
0.001127
0.001486
0.001564
0.001594
0.001227
0.001451
0.001571
0.001089
0.000808
0.001392
0.001172
0.001264
0.001319
0.001015
0.001895
0.001335
0.001037
0.001448
0.001122
0.001122
0.001457
0.001960
0.002310
0.002354
0.002844
0.003071
0.002547
0.001949
0.001713
0.000886
0.001087
0.001551
0.001276
0.001337
0.001308
0.000872
0.000655
0.001260
0.001712
0.001648
0.001440
0.001819
0.002346
0.002722
0.002453
0.001595
0.001044
0.000843
0.000973
0.000963
0.000879
0.000941
0.001013
0.000927
0.000579
0.000836
0.001029
0.001069
0.001378
0.001567
0.001737
0.001219
0.000870
0.001008
0.000747
0.000453
0.000903
0.001546
0.001494
0.001735
0.001754
0.001466
0.001272
0.001216
0.000866
0.001221
0.001203
0.001504
0.001678
0.001340
0.001392
0.001541
0.001497
0.001496
0.001198
0.000473
0.000572
0.000472
0.000726
0.001852
0.001689
0.001427
0.002187
0.002180
0.001945
0.002481
0.003039
0.002984
0.001834
0.001818
0.001965
0.001168
0.001100
0.000735
0.000630
0.000984
0.001617
0.001732
0.001324
0.001358
0.001210
0.000314
0.000637
0.001359
0.001150
0.001199
0.002196
0.002113
0.002040
0.002568
0.002019
0.001980
0.002068
0.001503
0.001987
0.002264
0.001682
0.001634
0.001556
0.001477
0.001760
0.001373
0.000878
0.000697
0.000948
0.001115
0.001057
0.001660
0.002358
0.002196
0.001338
0.001122
0.001364
0.001067
0.000686
0.000975
0.000751
0.000386
0.000815
0.000832
0.000493
0.000643
0.000892
0.000866
0.000566
0.000687
0.000969
0.001351
0.001343
0.002218
0.002882
0.002396
0.002545
0.001919
0.002000
0.002392
0.002300
0.002264
0.001490
0.001418
0.001421
0.001081
0.001143
0.000898
-0.000394
-0.000264
0.000927
0.000831
0.000558
0.000341
0.000477
0.000605
0.001008
0.001874
0.002753
0.002697
0.002166
0.002722
0.002522
0.001685
0.001676
0.002368
0.002447
0.001551
0.001171
0.001023
0.000530
0.000502
0.000389
0.000003
0.000223
0.000016
-0.000621
-0.000178
0.000461
0.001147
0.001743
0.001869
0.002093
0.002591
0.002528
0.001784
0.000915
0.000703
0.001421
0.001716
0.001574
0.001708
0.001634
0.002109
0.002123
0.001126
0.000914
0.000883
0.000940
0.001289
0.001242
0.001780
0.001787
0.001247
0.001142
0.001254
0.001199
0.000782
0.000838
0.000829
0.001302
0.001556
0.001660
0.001546
0.000791
0.000383
0.001054
0.001147
0.000976
0.001160
0.001321
0.001781
0.001700
0.001352
0.001678
0.001902
0.001652
0.001395
0.001417
0.001095
0.001200
0.001523
0.002264
0.002305
0.001667
0.001480
0.001411
0.001870
0.001686
0.001694
0.001596
0.001332
0.001562
0.001493
0.001467
0.001106
0.000757
0.000768
0.001054
0.001439
0.001481
0.001797
0.002620
0.001595
0.000798
0.001213
0.001365
0.001246
0.000509
0.000830
0.000852
0.000793
0.001539
0.001489
0.001906
0.002764
0.002311
0.001989
0.001243
0.001065
0.001645
0.001625
0.001064
0.001213
0.001029
0.000791
0.000739
0.001134
0.001439
0.000597
0.000540
0.001036
0.001975
0.001943
0.001328
0.001748
0.001412
0.000764
0.000885
0.001547
0.001455
0.001598
0.002022
0.001886
0.002128
0.001561
0.000817
0.001433
0.001466
0.000935
0.000285
0.001021
0.001831
0.001596
0.000992
0.000993
0.001128
0.001181
0.001189
0.000848
0.000179
0.000970
0.002317
0.002154
0.001835
0.001863
0.000980
0.000882
0.001693
0.001532
0.000844
0.000898
0.001607
0.001285
0.001205
0.001413
0.001722
0.001769
0.002033
0.002604
0.002124
0.001887
0.002156
0.001946
0.001055
0.000858
0.001345
0.001530
0.001902
0.001688
0.001592
0.001589
0.000554
0.000214
0.000484
0.000078
0.000044
0.000346
0.000554
0.001056
0.001882
0.001792
0.001006
0.000983
0.001137
0.001290
0.001610
0.001418
0.001320
0.001242
0.001688
0.002088
0.001958
0.001462
0.001305
0.001332
0.001097
0.001103
0.001041
0.001431
0.001481
0.001256
0.001498
0.001571
0.001737
0.001145
0.000898
0.001338
0.001552
0.001671
0.001380
0.001411
0.001527
0.001475
0.001418
0.001474
0.001795
0.001817
0.001899
0.001445
0.001204
0.001063
0.000721
0.001045
0.001246
0.001094
0.000917
0.001499
0.001962
0.001547
0.001815
0.001744
0.001347
0.001796
0.002260
0.002225
0.001492
0.001254
0.001250
0.001464
0.001794
0.001783
0.001622
0.001230
0.001022
0.000583
0.000644
0.001592
0.001859
0.001145
0.000969
0.000972
0.001082
0.001309
0.001190
0.001652
0.001349
0.000896
0.001024
0.000840
0.001576
0.001679
0.001086
0.001815
0.002727
0.002987
0.002586
0.001807
0.001540
0.001430
0.001400
0.001589
0.001824
0.001932
0.001283
0.000826
0.000926
0.000807
0.000468
0.000851
0.001808
0.002214
0.001861
0.001722
0.001561
0.001386
0.001230
0.001435
0.001217
0.001223
0.000784
0.000419
0.000985
0.000881
0.000852
0.001132
0.001408
0.001375
0.001636
0.000589
0.000207
0.000585
0.000672
0.001014
0.001340
0.002096
0.002719
0.002399
0.001530
0.001510
0.001901
0.001542
0.001275
0.001205
0.001659
0.002417
0.001804
0.000795
0.000489
0.000658
0.001136
0.002091
0.002918
0.001998
-0.000111
-0.001919
-0.003203
-0.003009
-0.001047
0.001102
0.004245
0.005972
0.005596
0.004860
0.002438
0.000448
0.001268
0.002627
0.003932
0.004430
0.002965
0.000018
-0.003885
-0.006314
-0.005312
-0.002066
0.001475
0.004025
0.005082
0.004722
0.003957
0.001516
-0.001377
-0.000751
0.001590
0.002548
0.005196
0.007595
0.008334
0.006092
0.001723
-0.002191
-0.004789
-0.005760
-0.004883
-0.003626
-0.002202
0.000373
0.002738
0.005158
0.008455
0.011915
0.012556
0.012408
0.012148
0.009905
0.003977
-0.002565
-0.008123
-0.014519
-0.017382
-0.017048
-0.013588
-0.008291
-0.004216
-0.001336
0.001233
0.003973
0.007208
0.010218
0.013385
0.015644
0.016728
0.016056
0.014511
0.012330
0.008653
0.003068
-0.004077
-0.011869
-0.020335
-0.028630
-0.033238
-0.029947
-0.015772
0.008422
0.033307
0.046279
0.042424
0.024327
-0.000541
-0.013789
-0.010854
0.001813
0.012160
0.012583
0.003363
-0.009837
-0.015805
-0.012887
-0.003772
0.002369
0.001416
-0.006784
-0.019563
-0.029070
-0.033771
-0.029465
-0.010981
0.021578
0.053073
0.064845
0.053693
0.026703
0.004439
-0.000066
0.007403
0.013981
0.006973
-0.013290
-0.032100
-0.038918
-0.034837
-0.024195
-0.016086
-0.017204
-0.022723
-0.019794
-0.000595
0.030190
0.055460
0.064124
0.059625
0.047925
0.032842
0.018408
0.006562
-0.007558
-0.028163
-0.056829
-0.080792
-0.080471
-0.053526
-0.007470
0.031940
0.045952
0.034812
0.007003
-0.013209
-0.011122
0.010639
0.042220
0.067304
0.069948
0.048046
0.009576
-0.025884
-0.046237
-0.046047
-0.039229
-0.040202
-0.049911
-0.057352
-0.057443
-0.050249
-0.028444
0.009268
0.052390
0.087562
0.112062
0.128345
0.130796
0.111583
0.066935
0.014437
-0.033833
-0.075051
-0.104782
-0.116981
-0.115536
-0.106126
-0.092283
-0.074009
-0.052004
-0.025396
0.006993
0.045583
0.087639
0.125810
0.151574
0.155541
0.135824
0.093280
0.034461
-0.035461
-0.098977
-0.132775
-0.129306
-0.094384
-0.050611
-0.015868
-0.002418
-0.008621
-0.027392
-0.037450
-0.030524
-0.000277
0.042657
0.080669
0.091144
0.074038
0.036079
0.000530
-0.008736
0.008540
0.041164
0.067350
0.072889
0.055352
0.017985
-0.022398
-0.055264
-0.070528
-0.069630
-0.062654
-0.059114
-0.059478
-0.063479
-0.064635
-0.056122
-0.033596
-0.001423
0.024700
0.036838
0.044032
0.054257
0.066402
0.071110
0.064288
0.044060
0.022388
0.008176
0.003313
0.007467
0.025283
0.052198
0.069354
0.067979
0.046330
0.012803
-0.022278
-0.056744
-0.092489
-0.127589
-0.147497
-0.148847
-0.136009
-0.109639
-0.067496
-0.015151
0.038512
0.092493
0.145259
0.185191
0.194636
0.167563
0.112421
0.048133
-0.007702
-0.042851
-0.053360
-0.048883
-0.044721
-0.051556
-0.073462
-0.096064
-0.101759
-0.078704
-0.029511
0.022613
0.050335
0.051996
0.034687
0.010325
-0.011103
-0.020710
-0.017506
-0.003092
0.012546
0.021970
0.029550
0.037763
0.045108
0.047189
0.045074
0.043510
0.039797
0.027818
0.012934
0.003245
-0.002962
-0.010167
-0.016917
-0.023539
-0.034761
-0.055526
-0.079290
-0.100475
-0.110735
-0.103613
-0.077792
-0.039851
0.003093
0.046695
0.082793
0.111441
0.125918
0.123804
0.104224
0.076292
0.054424
0.039498
0.029542
0.021981
0.010925
-0.009523
-0.039447
-0.071297
-0.096550
-0.109006
-0.110458
-0.100298
-0.078840
-0.052133
-0.029026
-0.012897
0.004792
0.030040
0.062126
0.089694
0.100705
0.094634
0.080982
0.068335
0.055781
0.041135
0.024251
0.007570
-0.007458
-0.024310
-0.043320
-0.062525
-0.077179
-0.082321
-0.077483
-0.061725
-0.036010
-0.006765
0.020272
0.034908
0.035311
0.026909
0.018934
0.018845
0.027270
0.042060
0.050235
0.046601
0.027320
-0.002323
-0.031319
-0.049831
-0.053480
-0.045072
-0.027070
-0.008357
0.005331
0.012877
0.019385
0.029666
0.043154
0.052234
0.051019
0.039022
0.016851
-0.008671
-0.025766
-0.028531
-0.022362
-0.015592
-0.018428
-0.028182
-0.037231
-0.039999
-0.034994
-0.020124
0.001752
0.024645
0.036649
0.037791
0.032045
0.023284
0.020026
0.019042
0.016850
0.011177
0.002361
-0.006012
-0.013992
-0.021560
-0.028422
-0.033621
-0.033264
-0.023254
-0.004075
0.015215
0.029811
0.036023
0.034493
0.028413
0.023401
0.021372
0.019481
0.015328
0.007993
-0.001641
-0.011102
-0.020735
-0.031162
-0.041938
-0.049938
-0.050364
-0.042161
-0.025368
-0.004910
0.018214
0.040860
0.055536
0.057125
0.051088
0.043288
0.036086
0.027294
0.015621
0.000694
-0.016333
-0.033435
-0.046137
-0.050121
-0.045918
-0.034845
-0.019869
-0.003861
0.009172
0.018699
0.022746
0.023014
0.022313
0.022087
0.023346
0.025681
0.026015
0.022403
0.014274
0.001621
-0.014204
-0.027426
-0.033916
-0.034295
-0.031899
-0.028112
-0.023496
-0.015879
-0.003192
0.013573
0.032384
0.047838
0.052078
0.046121
0.032716
0.019523
0.007710
-0.003053
-0.014820
-0.028688
-0.043302
-0.055593
-0.058502
-0.050800
-0.032448
-0.006905
0.022678
0.050110
0.070158
0.076533
0.070229
0.050775
0.029078
0.010285
-0.005217
-0.016799
-0.026727
-0.037171
-0.047774
-0.056867
-0.059287
-0.053137
-0.035303
-0.011080
0.011321
0.028058
0.035935
0.036901
0.034541
0.029567
0.025588
0.022105
0.016511
0.009090
0.001645
-0.003672
-0.005761
-0.005567
-0.004644
-0.003084
-0.002087
-0.002966
-0.003910
-0.003943
-0.002671
0.000855
0.005162
0.007166
0.006030
-0.000475
-0.010798
-0.018603
-0.020373
-0.016397
-0.008106
0.002309
0.013203
0.019924
0.021138
0.018773
0.012424
0.004563
-0.000823
-0.001823
0.002969
0.007757
0.008903
0.006732
0.001743
-0.004430
-0.011272
-0.017292
-0.019377
-0.017973
-0.011222
0.000558
0.016009
0.032278
0.044034
0.047272
0.041765
0.027033
0.004667
-0.019680
-0.040338
-0.050913
-0.051815
-0.046124
-0.037287
-0.029142
-0.021959
-0.012182
0.003020
0.021781
0.041029
0.054906
0.060106
0.059053
0.053495
0.043465
0.028786
0.009686
-0.011782
-0.031311
-0.047241
-0.054991
-0.054312
-0.045897
-0.032064
-0.017199
-0.004009
0.005281
0.010975
0.017772
0.027625
0.038926
0.047270
0.049033
0.042399
0.028054
0.010294
-0.007287
-0.021862
-0.032865
-0.038123
-0.038153
-0.033014
-0.022220
-0.009539
0.001339
0.008063
0.010372
0.007121
0.000597
-0.002553
-0.000228
0.006740
0.016793
0.024962
0.027405
0.024631
0.020818
0.017276
0.012888
0.008843
0.003993
-0.001578
-0.005092
-0.007571
-0.008813
-0.008593
-0.008812
-0.012056
-0.017322
-0.023542
-0.026857
-0.024129
-0.014236
-0.000612
0.011874
0.019331
0.020393
0.017306
0.011099
0.005903
0.004200
0.006071
0.011794
0.018299
0.021319
0.019377
0.012969
0.001898
-0.009319
-0.017889
-0.022105
-0.021886
-0.017695
-0.009932
-0.002523
0.003330
0.006305
0.006836
0.007429
0.008596
0.010061
0.012112
0.014637
0.016822
0.016193
0.011036
0.002333
-0.006393
-0.011822
-0.012627
-0.010748
-0.007692
-0.005176
-0.003045
-0.003514
-0.007045
-0.011766
-0.017549
-0.021226
-0.020077
-0.014471
-0.004830
0.008596
0.022562
0.032815
0.038412
0.038684
0.034081
0.026518
0.018834
0.011788
0.004504
-0.002812
-0.009413
-0.016929
-0.023769
-0.027567
-0.028251
-0.025862
-0.019222
-0.011864
-0.004661
0.001517
0.005615
0.008007
0.011714
0.016482
0.020533
0.023223
0.023417
0.022107
0.017942
0.013091
0.008559
0.003110
-0.002377
-0.008942
-0.016927
-0.023600
-0.028688
-0.032690
-0.033640
-0.030732
-0.023347
-0.013350
0.000790
0.017856
0.033889
0.047669
0.057323
0.059109
0.053829
0.042122
0.025521
0.006271
-0.012210
-0.028246
-0.039538
-0.045010
-0.045526
-0.041973
-0.034478
-0.024235
-0.012481
-0.000576
0.010169
0.019646
0.025892
0.026359
0.022341
0.014981
0.006666
0.001112
-0.001084
-0.001493
-0.000543
0.001412
0.002766
0.002546
0.002717
0.005235
0.009004
0.013325
0.015655
0.013886
0.007044
-0.002711
-0.013475
-0.021738
-0.024984
-0.023966
-0.019387
-0.013491
-0.007290
-0.001950
0.002408
0.006825
0.011607
0.017545
0.024280
0.029817
0.033079
0.032861
0.027161
0.017530
0.006934
-0.003878
-0.015292
-0.026602
-0.036304
-0.042755
-0.044404
-0.042221
-0.033859
-0.021516
-0.006321
0.011075
0.028427
0.043380
0.054452
0.058876
0.056682
0.047328
0.033119
0.015782
-0.001767
-0.018459
-0.032907
-0.043915
-0.049753
-0.049835
-0.044572
-0.034421
-0.019786
-0.003190
0.012635
0.024507
0.031759
0.033913
0.032097
0.026494
0.019856
0.013812
0.008775
0.005393
0.001914
-0.002032
-0.005834
-0.010106
-0.014390
-0.016332
-0.016150
-0.014056
-0.009862
-0.004142
0.001271
0.006962
0.011967
0.014762
0.016418
0.016810
0.014878
0.010852
0.005094
-0.001581
-0.007806
-0.012398
-0.014673
-0.015479
-0.013272
-0.007949
-0.002145
0.003136
0.007731
0.010534
0.010837
0.009177
0.007368
0.006426
0.005786
0.005271
0.005279
0.003612
0.001555
-0.000236
-0.002214
-0.003447
-0.004376
-0.004470
-0.004069
-0.004263
-0.005292
-0.006053
-0.005241
-0.004481
-0.003833
-0.002666
0.000763
0.004183
0.007476
0.010740
0.013555
0.016521
0.017960
0.017509
0.015162
0.010438
0.003821
-0.003195
-0.010108
-0.015763
-0.018829
-0.019482
-0.017821
-0.013619
-0.007898
-0.001489
0.005451
0.010781
0.014405
0.015996
0.015278
0.011518
0.005877
0.001235
-0.001370
-0.000893
0.000989
0.001741
0.001886
0.000616
-0.001597
-0.003418
-0.004774
-0.004149
-0.002425
-0.000443
0.002148
0.005674
0.008020
0.009748
0.010399
0.008497
0.004621
-0.000413
-0.005754
-0.009308
-0.010355
-0.008409
-0.004701
-0.000664
0.004488
0.008268
0.007810
0.003919
-0.002001
-0.006981
-0.009081
-0.008462
-0.005570
-0.000237
0.006670
0.013096
0.018011
0.020794
0.019196
0.014789
0.010488
0.005348
0.000249
-0.003578
-0.006918
-0.009655
-0.010940
-0.011753
-0.010624
-0.007592
-0.004892
-0.002710
-0.001190
-0.000473
-0.000100
0.001028
0.003350
0.005472
0.007701
0.009467
0.009375
0.007555
0.005729
0.004056
0.002172
0.000972
-0.000071
-0.001738
-0.003955
-0.005157
-0.004819
-0.002852
-0.000082
0.003419
0.006313
0.007139
0.006606
0.005644
0.003360
-0.000378
-0.004029
-0.006472
-0.006933
-0.005144
-0.000458
0.004235
0.008532
0.011046
0.010759
0.008180
0.004564
0.001332
-0.001618
-0.004958
-0.007987
-0.009607
-0.009174
-0.006744
-0.002830
0.000782
0.003391
0.006499
0.010639
0.013869
0.015272
0.016072
0.014605
0.008711
0.000682
-0.007466
-0.015132
-0.019990
-0.020678
-0.018373
-0.013591
-0.006930
0.000580
0.007059
0.013450
0.018770
0.021607
0.022451
0.021725
0.018071
0.012999
0.007132
-0.000203
-0.007681
-0.013472
-0.017761
-0.019165
-0.018126
-0.016026
-0.012739
-0.008637
-0.005056
-0.000847
0.003658
0.007927
0.012333
0.015189
0.016629
0.016455
0.014130
0.011102
0.008937
0.006992
0.004468
0.002159
-0.000125
-0.003169
-0.005708
-0.006299
-0.005552
-0.002611
-0.000513
0.000312
0.000504
-0.001367
-0.003832
-0.005307
-0.004663
-0.001313
0.001508
0.004389
0.006748
0.006837
0.005995
0.003321
0.000798
0.000045
-0.000914
-0.001079
-0.000172
0.001375
0.003740
0.005489
0.005919
0.005634
0.004031
0.002068
0.000102
-0.002725
-0.004263
-0.004624
-0.005255
-0.004980
-0.003154
-0.001349
0.000725
0.003216
0.005553
0.007037
0.007825
0.008112
0.006967
0.006027
0.006115
0.005253
0.004242
0.003732
0.003060
0.002626
0.001293
-0.001058
-0.002958
-0.004957
-0.006802
-0.006986
-0.006886
-0.006820
-0.005660
-0.004032
-0.002318
0.000822
0.003741
0.006333
0.007969
0.008163
0.007593
0.006057
0.004215
0.002946
0.002539
0.002674
0.003939
0.004141
0.003412
0.002994
0.002255
-0.000227
-0.002694
-0.005984
-0.008767
-0.009379
-0.009994
-0.009166
-0.005631
-0.000751
0.004607
0.010686
0.016254
0.018760
0.019368
0.019655
0.016376
0.010956
0.004673
-0.002143
-0.008042
-0.013846
-0.017107
-0.017420
-0.016383
-0.013189
-0.008336
-0.003285
0.002233
0.007669
0.012259
0.016105
0.017721
0.017390
0.014782
0.010369
0.005285
-0.000898
-0.007002
-0.011694
-0.013997
-0.014589
-0.013219
-0.010786
-0.007980
-0.004131
0.000012
0.003774
0.006553
0.008553
0.010180
0.011405
0.011549
0.011035
0.010721
0.009833
0.008444
0.006203
0.003241
-0.000012
-0.003095
-0.004904
-0.006591
-0.007640
-0.006938
-0.006046
-0.004314
-0.001580
0.001597
0.004481
0.006279
0.007599
0.007798
0.006938
0.005158
0.003051
0.000270
-0.002435
-0.004373
-0.005708
-0.006361
-0.005068
-0.002228
0.001016
0.003393
0.004913
0.006524
0.007744
0.006916
0.005535
0.003762
0.001647
0.000390
-0.000578
-0.001284
-0.001537
-0.002029
-0.002522
-0.002655
-0.002577
-0.002746
-0.002290
-0.001174
-0.000220
0.000357
0.001058
0.001936
0.002790
0.004821
0.006705
0.007358
0.007916
0.007674
0.006393
0.004555
0.002732
0.001415
0.000358
-0.001147
-0.003643
-0.005368
-0.006960
-0.007215
-0.005776
-0.004279
-0.001891
0.001263
0.005086
0.008401
0.010640
0.011049
0.010893
0.009430
0.006530
0.002325
-0.000776
-0.002300
-0.003575
-0.002989
-0.000849
0.000652
0.000873
0.000548
-0.000541
-0.001499
-0.002316
-0.002448
-0.002552
-0.002384
-0.000823
0.001155
0.002491
0.004410
0.006124
0.007425
0.007609
0.006769
0.004710
0.002422
0.001022
-0.000998
-0.002556
-0.003642
-0.003983
-0.003788
-0.003672
-0.003268
-0.001402
0.000960
0.003349
0.004810
0.005503
0.005929
0.005657
0.005743
0.005263
0.004746
0.004203
0.002100
0.000288
-0.002318
-0.005112
-0.006445
-0.006827
-0.007127
-0.006488
-0.003811
-0.001343
0.002363
0.005620
0.007527
0.009438
0.009760
0.009985
0.009841
0.008093
0.005958
0.003045
-0.000423
-0.003514
-0.006215
-0.008379
-0.009518
-0.009042
-0.007142
-0.004445
-0.000933
0.001840
0.004182
0.006113
0.007800
0.009040
0.009171
0.008767
0.008258
0.007692
0.006330
0.003546
0.000033
-0.003174
-0.006100
-0.008016
-0.008529
-0.008386
-0.006890
-0.003296
0.000194
0.003718
0.007980
0.010438
0.010805
0.010447
0.009383
0.007937
0.005816
0.003102
0.000804
-0.001033
-0.003131
-0.005213
-0.005875
-0.005606
-0.004711
-0.003028
-0.001104
0.001484
0.004285
0.006506
0.006794
0.005817
0.004874
0.003017
0.001069
-0.000112
-0.000739
-0.000696
0.000353
0.001715
0.002907
0.003375
0.004216
0.004687
0.003613
0.001825
0.000943
0.000532
0.000048
-0.000894
-0.001319
-0.001605
-0.001873
-0.001415
-0.001364
-0.001438
-0.001116
-0.001627
-0.001412
-0.000483
0.000042
0.000588
0.001874
0.002910
0.003187
0.003024
0.003303
0.002788
0.002315
0.003435
0.004835
0.005740
0.006284
0.006417
0.006862
0.006172
0.004479
0.002975
0.000616
-0.001473
-0.002973
-0.005026
-0.007261
-0.008545
-0.008677
-0.008003
-0.006061
-0.002794
0.000866
0.003993
0.006351
0.007880
0.008877
0.009741
0.008792
0.007131
0.006017
0.003759
0.002016
0.001465
0.001365
0.001199
0.000086
-0.001301
-0.001861
-0.002529
-0.003211
-0.002332
-0.000927
0.000079
0.000508
0.000622
0.000641
0.000837
0.000425
0.000807
0.002239
0.003924
0.004876
0.005263
0.006057
0.005667
0.004636
0.003398
0.001736
0.000505
-0.000737
-0.001639
-0.002006
-0.001626
-0.001198
-0.000693
-0.000669
-0.000559
0.000183
0.000477
0.000853
0.001659
0.002384
0.003012
0.003837
0.004755
0.005978
0.007059
0.006762
0.005175
0.003445
0.001926
0.000182
-0.001473
-0.002623
-0.003558
-0.003511
-0.002716
-0.001978
-0.000812
0.000890
0.002359
0.003118
0.002860
0.002047
0.001753
0.001643
0.001849
0.001788
0.001661
0.001646
0.001942
0.001793
0.001422
0.001678
0.001600
0.000791
0.001101
0.001756
0.002014
0.002224
0.001137
0.000248
0.000127
-0.000493
-0.000839
-0.000569
-0.000698
-0.000026
0.000912
0.001841
0.002431
0.003329
0.003850
0.002945
0.002929
0.002302
0.001689
0.001719
0.001735
0.001765
0.001556
0.001840
0.001927
0.001679
0.001432
0.000978
0.000144
-0.000106
0.000834
0.001693
0.002259
0.002926
0.003393
0.003251
0.003367
0.002805
0.002363
0.002312
0.001895
0.000706
-0.000736
-0.000740
-0.000839
-0.000818
-0.000403
-0.000195
0.000902
0.002048
0.002627
0.003468
0.003688
0.003518
0.003247
0.002373
0.001454
0.000242
-0.000663
-0.000958
-0.001580
-0.001046
-0.000290
0.000179
0.000281
-0.000105
0.000650
0.000897
0.000905
0.001771
0.002040
0.002405
0.002135
0.001302
0.001432
0.001498
0.000719
-0.000320
-0.000057
0.000388
0.000982
0.002342
0.003482
0.004754
0.006337
0.007580
0.007590
0.007119
0.006153
0.003898
0.001599
-0.000813
-0.003140
-0.004829
-0.005820
-0.005970
-0.006265
-0.006098
-0.005302
-0.003901
-0.001824
0.000578
0.003464
0.005301
0.006412
0.008112
0.009140
0.009079
0.008342
0.006714
0.005688
0.004552
0.002471
0.000286
-0.001740
-0.003434
-0.005002
-0.005646
-0.005895
-0.005937
-0.005031
-0.003056
-0.000125
0.002131
0.003955
0.005335
0.006087
0.006340
0.005357
0.004462
0.004000
0.003941
0.003868
0.002784
0.002028
0.001393
0.000083
-0.000282
-0.000477
-0.002407
-0.003339
-0.002681
-0.001066
-0.000251
-0.000375
-0.000136
0.001147
0.001632
0.001554
0.002687
0.003213
0.002880
0.003936
0.004679
0.004337
0.004322
0.003899
0.002747
0.002478
0.002130
0.001945
0.001984
0.001548
0.001046
0.000168
-0.000339
-0.000243
-0.000967
-0.001302
-0.001909
-0.002253
-0.001366
-0.001159
-0.000854
0.000435
0.002148
0.003171
0.003999
0.004663
0.004886
0.004909
0.004189
0.003532
0.002521
0.001984
0.001279
0.000296
-0.000288
-0.000330
-0.000699
-0.001356
-0.001020
-0.000246
-0.000971
-0.000893
-0.000521
-0.000529
0.000867
0.001827
0.002676
0.004052
0.004615
0.004853
0.004966
0.004134
0.002933
0.002514
0.001665
0.000034
-0.001258
-0.000965
-0.001198
-0.001588
-0.001061
0.000356
0.001933
0.003246
0.004008
0.004024
0.003575
0.002993
0.002819
0.001516
0.000081
-0.000117
-0.000022
-0.000301
-0.000921
-0.000720
-0.000290
0.000025
0.000789
0.001194
0.002147
0.003049
0.004200
0.005334
0.005222
0.004200
0.003479
0.002365
0.000171
-0.000490
-0.000554
-0.000182
0.000634
0.001872
0.003146
0.004381
0.004946
0.005076
0.004912
0.004230
0.003299
0.001708
0.000084
-0.000908
-0.001424
-0.002190
-0.001860
-0.001473
-0.001982
-0.001389
0.000749
0.002022
0.002496
0.003301
0.003967
0.004484
0.004391
0.003571
0.002743
0.002187
0.001384
0.000371
-0.000316
-0.000586
-0.000432
-0.000579
-0.000212
0.000329
0.000897
0.001724
0.002331
0.002565
0.002905
0.002615
0.002399
0.002159
0.002059
0.001607
0.000415
-0.000038
-0.000988
-0.001507
-0.001182
-0.000745
-0.000721
-0.000026
0.001094
0.001848
0.002838
0.003485
0.003531
0.003909
0.003762
0.003425
0.003080
0.002959
0.002994
0.001903
0.001308
0.001119
0.001436
0.001496
0.001004
0.001003
0.000905
0.000923
0.000420
0.000131
0.000431
0.001040
0.001524
0.001221
0.000826
0.000833
0.001005
0.001454
0.001616
0.001329
0.001392
0.001158
0.000554
0.001276
0.002035
0.001807
0.001885
0.001862
0.001874
0.001779
0.001812
0.001964
0.002137
0.002096
0.002570
0.003146
0.003619
0.003552
0.002895
0.002881
0.002432
0.001973
0.001544
0.000919
0.000618
-0.000050
-0.000777
-0.001172
-0.001021
-0.000342
-0.000325
-0.000168
0.000359
0.000453
0.000869
0.001431
0.002238
0.002323
0.002756
0.004235
0.004071
0.002885
0.002140
0.001713
0.001537
0.000829
-0.001073
-0.001863
-0.001478
-0.001347
-0.001488
-0.001239
-0.000326
0.001372
0.002849
0.004035
0.003914
0.003576
0.004265
0.004078
0.001942
0.001199
0.001393
0.000138
-0.001087
-0.001096
-0.001198
-0.001599
-0.001226
-0.000440
0.000507
0.001735
0.003355
0.003853
0.003125
0.003522
0.004076
0.003265
0.002365
0.002318
0.002402
0.001602
0.000274
-0.000010
0.000172
0.000913
0.001483
0.001211
0.001274
0.001384
0.001669
0.001953
0.001345
0.000710
0.000389
-0.000386
-0.000351
0.000505
0.000714
0.000568
0.000618
0.001428
0.001876
0.002254
0.002965
0.002590
0.002166
0.002310
0.001256
-0.000247
-0.000503
0.000012
-0.000215
-0.000042
0.001135
0.001916
0.002171
0.002638
0.003350
0.003792
0.003936
0.003472
0.003146
0.003311
0.002916
0.003082
0.002854
0.001331
0.000066
-0.000843
-0.000844
-0.000838
-0.001196
-0.001106
-0.000005
0.000234
0.000411
0.001708
0.002339
0.002521
0.002842
0.003094
0.003446
0.003011
0.002502
0.001981
0.001576
0.001731
0.001528
0.001023
0.000761
0.000358
0.000830
-0.000559
-0.001946
-0.001791
-0.001190
-0.001073
-0.000917
-0.000122
0.000482
0.000392
0.000837
0.002071
0.002274
0.002143
0.002770
0.002897
0.003018
0.002267
0.001093
0.000899
0.000658
0.000490
0.000754
0.001044
0.001121
0.000919
0.000148
0.000148
0.000521
0.000697
0.001457
0.001900
0.002065
0.002675
0.003072
0.002724
0.002346
0.001307
0.000036
-0.000869
-0.001901
-0.002297
-0.001953
-0.001110
-0.000011
0.000735
0.001714
0.002006
0.002966
0.003941
0.004406
0.004492
0.003723
0.003833
0.004257
0.003600
0.002156
0.001655
0.001329
0.000835
0.000252
-0.000353
-0.000552
-0.000893
-0.000724
-0.000941
-0.000768
0.000290
0.000417
0.000226
0.000391
0.000582
0.000552
0.000439
0.000882
0.001657
0.002098
0.002359
0.002146
0.002306
0.002905
0.002689
0.003237
0.004085
0.003972
0.003748
0.002547
0.001531
0.001435
0.000631
0.000406
-0.000017
-0.001175
-0.001149
-0.001108
-0.000811
0.000070
0.000854
0.001263
0.001601
0.001194
0.001245
0.001678
0.001634
0.001004
0.000614
0.001059
0.001460
0.001196
0.001098
0.001585
0.001049
0.001044
0.001391
0.001267
0.000857
0.000564
0.000228
-0.000059
-0.000008
0.000112
0.000676
0.001223
0.001056
0.000567
0.001016
0.002057
0.002530
0.003341
0.004264
0.003742
0.002788
0.002290
0.001742
0.001235
0.001096
0.000663
0.000192
0.000643
0.000418
-0.000093
0.000503
0.000349
0.000343
0.000678
0.000952
0.001378
0.001678
0.002612
0.003355
0.003799
0.003299
0.002874
0.002983
0.001737
0.000628
-0.000114
-0.000600
-0.000434
0.000729
0.001662
0.001367
0.000933
0.000658
0.000519
0.000830
0.000894
0.000460
0.000804
0.001395
0.001394
0.001917
0.002377
0.002143
0.002110
0.001979
0.001520
0.001285
0.001035
0.000940
0.000757
0.000773
0.000982
0.000030
-0.000554
-0.000241
0.000117
0.000794
0.001815
0.002606
0.002618
0.002388
0.002319
0.002148
0.002106
0.001892
0.001920
0.002021
0.001511
0.001479
0.001847
0.001725
0.001441
0.001574
0.001130
-0.000109
-0.000228
-0.000027
0.000838
0.001149
0.000996
0.000995
0.001263
0.001575
0.001231
0.001234
0.001056
0.000927
0.001359
0.001633
0.002018
0.002275
0.001476
0.000887
0.000245
-0.000207
-0.001055
0.000174
-0.002793
0.002485
-0.004071
0.009048
-0.010167
0.023753
-0.094246
-0.196837
0.012052
-0.008453
0.009957
0.000276
0.006190
0.001434
0.002377
-0.000054
-0.000048
-0.000670
-0.000228
-0.000166
-0.000987
-0.000517
0.000487
0.001135
0.001688
0.002248
0.001981
0.002261
0.002151
0.001698
0.001353
0.001325
0.001487
0.001551
0.001357
0.001096
0.000448
-0.000822
-0.001032
0.000132
0.000601
0.001130
0.001509
0.001359
0.002331
0.002826
0.002399
0.002050
0.001877
0.001924
0.001901
0.001864
0.002272
0.002488
0.002654
0.002389
0.001336
0.000677
0.000278
0.000062
0.000177
0.000451
0.001236
0.001460
0.000857
0.001132
0.001154
0.001232
0.001848
0.001919
0.001750
0.001920
0.001515
0.001551
0.001743
0.001920
0.001766
0.001379
0.001342
0.000989
0.001161
0.001703
0.001313
0.000845
0.000714
0.000674
0.001071
0.000698
0.000732
0.001113
0.001359
0.001413
0.000937
0.000651
0.000633
0.000984
0.000355
0.000371
0.000989
0.001120
0.002231
0.002872
0.002742
0.002650
0.002723
0.003122
0.002857
0.001847
0.001872
0.002191
0.001221
0.000685
0.000559
0.000392
0.000235
0.000094
0.000679
0.000475
0.000323
0.000939
0.001137
0.000860
0.000956
0.002035
0.003094
0.003079
0.003463
0.004098
0.004163
0.003402
0.003027
0.002284
0.001531
0.001312
0.000308
-0.000450
-0.000656
-0.000394
-0.000152
-0.000243
-0.000043
0.000084
0.000170
0.001148
0.002465
0.002873
0.003232
0.003467
0.003008
0.003240
0.003358
0.002640
0.001656
0.001820
0.002186
0.001051
0.001333
0.000846
0.000410
0.000487
0.000087
0.000071
0.000375
0.000340
0.000555
0.000978
0.000660
0.000854
0.000648
0.000872
0.002560
0.003047
0.002152
0.001501
0.001539
0.000495
-0.000583
-0.000457
0.000078
0.000374
0.000965
0.001899
0.002491
0.003041
0.002899
0.003037
0.003009
0.002409
0.002333
0.002021
0.001359
0.001165
0.000497
0.000118
0.000251
0.000011
-0.000476
-0.000075
0.000495
0.000639
0.001878
0.002494
0.002699
0.002618
0.002156
0.001808
0.001851
0.002476
0.002719
0.002674
0.002104
0.002071
0.001563
0.000375
-0.000641
-0.001441
-0.001428
-0.000872
-0.000159
-0.000012
0.000440
0.000394
0.000708
0.001922
0.002075
0.002372
0.002750
0.002958
0.003030
0.002376
0.001734
0.001412
0.000874
0.000544
-0.000210
-0.000853
-0.000621
-0.000658
-0.000616
-0.000963
-0.001197
-0.000208
-0.000167
-0.000026
0.001169
0.001575
0.002223
0.002946
0.002959
0.002422
0.002147
0.002303
0.002064
0.002108
0.001620
0.000461
0.000490
0.001237
0.001156
0.001397
0.002033
0.002146
0.002656
0.002808
0.002585
0.002634
0.002662
0.002649
0.002375
0.002172
0.002345
0.001757
0.000570
0.000568
0.000918
0.000819
0.001042
0.001071
0.000905
0.000996
0.000998
0.001045
0.001424
0.001012
0.000448
0.000912
0.001212
0.001238
0.000728
0.000621
0.000563
-0.000057
0.000648
0.001445
0.001584
0.001659
0.001821
0.001927
0.001966
0.001187
0.001000
0.001105
0.000409
0.000608
0.000800
0.000518
0.000253
0.000339
0.000519
0.000341
0.000329
0.000404
0.000293
0.000250
0.000784
0.001593
0.001915
0.002469
0.002664
0.002275
0.001879
0.001993
0.002006
0.001748
0.001735
0.001906
0.002171
0.002262
0.002501
0.002336
0.001588
0.001160
0.000987
0.000841
0.000727
0.001317
0.001562
0.001208
0.000932
0.001439
0.001429
0.000718
0.001169
0.001577
0.001452
0.002393
0.002752
0.002538
0.003026
0.002367
0.001440
0.001323
0.002047
0.002085
0.001852
0.001925
0.001641
0.001703
0.001393
0.001320
0.001079
0.000986
0.000791
0.000442
0.000717
0.001169
0.001446
0.001372
0.001091
0.000895
0.000685
0.000645
0.000993
0.001796
0.003089
0.003423
0.003034
0.003148
0.002397
0.001610
0.001633
0.001497
0.000721
0.000252
0.000476
0.000927
0.000710
0.000008
-0.000058
0.000077
0.000199
0.000539
0.000836
0.001213
0.001857
0.002556
0.002552
0.002067
0.001759
0.001214
0.000588
0.001158
0.002228
0.001963
0.001516
0.002049
0.001537
0.000769
0.000474
0.001145
0.001231
0.001353
0.001934
0.001719
0.001278
0.001104
0.001408
0.001574
0.001604
0.002164
0.002087
0.001987
0.002393
0.002268
0.002319
0.002707
0.002196
0.001368
0.001589
0.002311
0.002343
0.001981
0.002092
0.001840
0.001668
0.002184
0.002035
0.001823
0.001272
0.000499
0.000300
0.000305
0.000599
0.000601
0.000683
0.001230
0.000970
0.001187
0.001590
0.001661
0.001939
0.002306
0.002881
0.002870
0.002588
0.002481
0.002314
0.002208
0.001546
0.001329
0.001501
0.001416
0.000903
0.000801
0.000955
0.000238
0.000007
0.000382
0.001048
0.001647
0.001991
0.002328
0.001759
0.000955
0.000536
0.000746
0.001553
0.001328
0.001132
0.001197
0.001493
0.001712
0.002445
0.003241
0.003300
0.002700
0.002191
0.001960
0.001727
0.001643
0.001450
0.001262
0.001483
0.001030
0.000570
0.000758
0.001201
0.001227
0.000820
0.000852
0.000420
0.000554
0.000963
0.000716
0.000758
0.001218
0.001193
0.000866
0.000977
0.001157
0.001717
0.001960
0.001485
0.001810
0.002409
0.002488
0.002612
0.002968
0.002468
0.001828
0.001891
0.001902
0.001172
0.000720
0.001259
0.001898
0.001899
0.001247
0.001777
0.002015
0.001461
0.001333
0.000816
0.000816
0.001134
0.001422
0.001797
0.001123
0.000755
0.001751
0.002127
0.001696
0.001201
0.001729
0.002203
0.001835
0.002204
0.002704
0.001868
0.001711
0.002115
0.001977
0.001239
0.001109
0.001237
0.000493
0.000432
0.000886
0.001033
0.001133
0.001151
0.001250
0.001865
0.002006
0.001891
0.001652
0.001433
0.001265
0.001870
0.002144
0.001388
0.000998
0.001278
0.001276
0.001056
0.000669
0.000660
0.000267
0.000060
0.000219
0.000118
0.000513
0.001681
0.001535
0.000892
0.001020
0.001661
0.002442
0.002465
0.002468
0.002615
0.002029
0.001660
0.001511
0.001114
0.000846
0.000719
0.001015
0.000680
0.000796
0.000729
0.001190
0.001956
0.002023
0.001974
0.001797
0.001758
0.001500
0.001488
0.001370
0.001116
0.000775
0.001045
0.000373
0.000072
0.000364
0.000984
0.001316
0.001362
0.001142
0.001308
0.001396
0.001455
0.002126
0.002047
0.001158
0.000957
0.001427
0.001090
0.000653
0.000406
0.000450
0.000639
0.000320
0.000216
0.001173
0.001689
0.001659
0.001426
0.000852
0.001207
0.001839
0.001517
0.001996
0.002430
0.001966
0.001714
0.001870
0.001979
0.002091
0.002811
0.003030
0.002523
0.002188
0.001670
0.001074
0.000923
0.001438
0.001972
0.002055
0.001644
0.001349
0.000740
0.000598
0.000558
0.000528
0.000219
0.000433
0.000692
0.000437
0.000142
0.000560
0.000833
0.000665
0.001416
0.001754
0.002249
0.002375
0.001525
0.000985
0.001648
0.001894
0.001889
0.002015
0.001415
0.000974
0.001170
0.001439
0.001348
0.001419
0.000879
0.000583
0.000905
0.000478
0.000598
0.001872
0.002498
0.002596
0.002387
0.002078
0.001930
0.001584
0.001571
0.001967
0.002172
0.002511
0.002812
0.002405
0.001848
0.000810
0.000035
0.000241
0.001034
0.001642
0.001627
0.001577
0.001779
0.002242
0.001831
0.001891
0.002365
0.002185
0.001619
0.001590
0.002088
0.001922
0.001344
0.001083
0.000769
0.000189
0.000069
0.000664
0.000894
0.000746
0.000508
0.001402
0.001381
0.001020
0.001327
0.001685
0.001723
0.001417
0.001195
0.001259
0.001580
0.001120
0.000226
-0.000106
-0.000107
0.000206
0.000573
0.000165
-0.000011
0.000243
0.000912
0.001218
0.000843
0.001375
0.001794
0.001959
0.002213
0.001768
0.001149
0.001113
0.001194
0.001779
0.001706
0.001657
0.002041
0.001596
0.001133
0.001116
0.001219
0.001742
0.002111
0.002347
0.002876
0.002586
0.001577
0.001683
0.001604
0.001127
0.001263
0.001760
0.001862
0.001795
0.001684
0.001462
0.001792
0.002594
0.001704
0.000865
0.001532
0.001322
0.000331
0.000441
0.001102
0.001482
0.001185
0.000576
0.000707
0.000591
0.000173
0.000496
0.001049
0.001136
0.001432
0.001620
0.001962
0.002189
0.002280
0.002569
0.002684
0.002230
0.001158
0.000965
0.001185
0.001222
0.001294
0.001546
0.001223
0.000845
0.001328
0.001518
0.001145
0.000210
-0.000255
-0.000064
0.000062
0.000366
0.001186
0.001302
0.000268
-0.000154
-0.000288
-0.000317
0.000570
0.001484
0.002390
0.002349
0.002189
0.002011
0.001569
0.001773
0.001770
0.001436
0.001171
0.001002
0.001262
0.001147
0.001970
0.002570
0.002246
0.001559
0.000957
0.000954
0.001828
0.002089
0.001651
0.001396
0.001126
0.001398
0.001856
0.000783
0.000521
0.000793
0.001187
0.001371
0.001159
0.001301
0.001745
0.001594
0.001533
0.001574
0.001298
0.000993
0.000753
0.000614
0.001066
0.001480
0.001617
0.001167
0.000468
0.000385
0.000261
-0.000261
-0.000187
0.000505
0.001210
0.001618
0.001770
0.001642
0.001066
0.001535
0.002286
0.002962
0.003147
0.002851
0.001851
0.001370
0.001725
0.001473
0.001422
0.001650
0.001191
0.000820
0.001482
0.001222
0.001471
0.001531
0.001573
0.002383
0.002079
0.001927
0.001916
0.001568
0.001646
0.001735
0.001325
0.001185
0.001837
0.001773
0.001813
0.001909
0.000953
0.000370
0.000145
-0.000263
-0.000174
0.000524
0.001134
0.001015
0.001031
0.000878
0.000477
0.000929
0.001820
0.001834
0.000970
0.001334
0.002103
0.001740
0.000995
0.001121
0.001298
0.001277
0.001334
0.001221
0.000901
0.000671
0.000446
0.000541
0.000715
0.000872
0.000832
0.000841
0.001139
0.000911
0.001437
0.001908
0.001844
0.001457
0.000872
0.001780
0.001800
0.001660
0.001958
0.002078
0.002006
0.001874
0.001902
0.001817
0.002357
0.002330
0.001455
0.000493
0.001072
0.001572
0.000733
0.000664
0.000982
0.000643
0.000304
0.000613
0.000054
-0.000287
-0.000340
0.000113
0.000698
0.000576
0.001499
0.001764
0.001913
0.001948
0.001172
0.001780
0.002908
0.002546
0.001949
0.001901
0.002000
0.001519
0.001078
0.001365
0.001651
0.001285
0.000659
0.000743
0.000939
0.001032
0.001159
0.001227
0.001329
0.001633
0.001710
0.001424
0.001849
0.002512
0.002640
0.002943
0.002359
0.001471
0.001786
0.001523
0.001776
0.001805
0.001161
0.001543
0.001812
0.001287
0.001182
0.000743
0.000194
0.000380
0.000530
0.000821
0.001381
0.001862
0.001348
0.000252
0.000023
0.000416
0.000824
0.001063
0.001151
0.000914
0.000855
0.000869
0.001096
0.000915
0.000467
0.001057
0.001810
0.002150
0.001684
0.001010
0.001327
0.001956
0.002141
0.002135
0.001776
0.001558
0.001349
0.000675
0.000522
0.000762
0.001040
0.001092
0.001385
0.001804
0.001463
0.001649
0.001597
0.001304
0.000669
0.001389
0.002032
0.001349
0.001556
0.001558
0.001630
0.001587
0.001448
0.001046
0.001178
0.001198
0.001537
0.001617
0.001156
0.001318
0.001248
0.001302
0.001030
0.000610
0.001248
0.001404
0.000970
0.001471
0.001657
0.001052
0.000723
0.000312
0.000625
0.001456
0.000989
0.001131
0.001694
0.001189
0.001272
0.001094
0.000497
0.000382
0.000416
0.000428
0.000920
0.001397
0.001355
0.001390
0.001610
0.001389
0.000144
0.000113
0.001174
0.001620
0.001913
0.001792
0.001682
0.001635
0.000937
0.000606
0.000769
0.000932
0.001168
0.001692
0.001779
0.002207
0.002289
0.001465
0.001270
0.001920
0.002114
0.001673
0.001048
0.001122
0.001651
0.001841
0.001924
0.001750
0.000853
0.000510
0.000642
0.000470
0.000527
0.000650
0.000822
0.001561
0.001781
0.001639
0.001383
0.001971
0.002636
0.001881
0.001778
0.001779
0.001575
0.001197
0.000661
0.000549
0.001099
0.001650
0.001375
0.001145
0.001319
0.000974
0.000953
0.001477
0.002319
0.002140
0.002275
0.001499
0.000951
0.001018
0.000434
0.000130
0.000355
0.000963
0.001095
0.000939
0.000862
0.001276
0.001627
0.001156
0.001252
0.001224
0.000539
0.000286
0.000766
0.001404
0.002087
0.002177
0.001649
0.000820
0.000753
0.000875
0.000446
0.000600
0.000911
0.000796
0.001200
0.001362
0.001548
0.001289
0.000380
0.000079
0.000992
0.001319
0.000339
0.000438
0.000715
0.000350
0.000879
0.001374
0.001653
0.001642
0.001906
0.002138
0.002876
0.002410
0.002166
0.002687
0.002399
0.001620
0.001460
0.001209
0.000933
0.000622
0.000582
0.000795
0.000971
0.000970
0.000989
0.001199
0.001183
0.000984
0.000839
0.001001
0.001314
0.001368
0.001577
0.001685
0.001111
0.001012
0.001812
0.002365
0.002841
0.002847
0.002160
0.000759
-0.000398
-0.000661
-0.000229
0.000166
0.000498
0.001344
0.002005
0.002069
0.001897
0.001507
0.001939
0.001888
0.001576
0.001538
0.001152
0.001389
0.002065
0.001991
0.001635
0.000978
0.001040
0.001073
0.001921
0.001970
0.000816
0.001041
0.000901
0.000160
-0.000473
-0.000275
0.000838
0.000827
0.000634
0.000585
0.000575
0.001333
0.001508
0.001815
0.001925
0.001500
0.001934
0.002046
0.001104
0.000859
0.001108
0.001322
0.001172
0.001438
0.002317
0.002175
0.000908
-0.000203
-0.000219
0.000018
0.000485
0.000590
0.000998
0.001431
0.001316
0.001182
0.000949
0.001516
0.001971
0.001856
0.001739
0.001914
0.001560
0.000781
0.000853
0.001234
0.000950
0.000408
0.000830
0.001476
0.002191
0.002362
0.002071
0.002292
0.002468
0.002265
0.001774
0.001767
0.001506
0.001860
0.002062
0.001371
0.001254
0.001423
0.001534
0.001356
0.001599
0.001655
0.001434
0.001031
0.000564
0.000811
0.001092
0.001294
0.001125
-0.000151
-0.000242
0.000316
-0.000172
-0.000314
0.000504
0.001064
0.001385
0.001875
0.001911
0.000925
0.000723
0.001072
0.000552
0.000298
0.000604
0.000793
0.001283
0.001674
0.001543
0.001342
0.001176
0.001238
0.000865
0.000786
0.001353
0.001324
0.001496
0.001606
0.001717
0.001353
0.000870
0.001386
0.001492
0.001502
0.002059
0.002276
0.001928
0.001667
0.001939
0.002038
0.001862
0.001992
0.001635
0.001073
0.001314
0.001272
0.001078
0.001030
0.001266
0.001396
0.001543
0.001371
0.001032
0.001550
0.001463
0.000580
0.000673
0.001286
0.001508
0.001123
0.000927
0.001006
0.000952
0.000914
0.000124
-0.000061
0.000471
0.000539
0.000624
0.000163
0.000193
0.001132
0.000857
0.000632
0.000559
0.000421
0.000742
0.001388
0.001630
0.001746
0.001803
0.001700
0.001910
0.001924
0.001413
0.001063
0.001278
0.001446
0.001246
0.000764
0.000522
0.000734
0.001172
0.001182
0.001173
0.001623
0.002430
0.002605
0.001872
0.001987
0.002365
0.001820
0.001739
0.002031
0.002545
0.002419
0.002442
0.001965
0.001176
0.001601
0.001755
0.000448
0.000010
0.000968
0.001120
0.001043
0.001649
0.002173
0.002006
0.002073
0.001978
0.001609
0.001686
0.001351
0.001165
0.001535
0.001136
0.000733
0.000938
0.000865
0.001657
0.001956
0.001174
0.001156
0.001313
0.001025
0.000698
0.000015
0.000258
0.000790
0.000428
0.000595
0.000878
0.000725
0.001605
0.001711
0.001057
0.001165
0.001325
0.001558
0.001518
0.001626
0.001246
0.001070
0.001664
0.001418
0.000603
0.000402
0.000745
0.001109
0.000728
0.000529
0.000684
0.000836
0.001185
0.001573
0.001841
0.002077
0.001434
0.000779
0.001510
0.002592
0.003014
0.002468
0.002677
0.003104
0.002040
0.001776
0.001590
0.001013
0.000633
-0.000004
0.000501
0.001014
0.001131
0.001433
0.001270
0.000623
0.000165
0.000461
0.000623
0.000779
0.001363
0.001772
0.002150
0.002240
0.001688
0.000906
0.000892
0.000798
0.001414
0.001608
0.000359
-0.000578
0.000185
0.000516
0.000893
0.001382
0.000660
0.000425
0.001273
0.001550
0.002082
0.002231
0.001871
0.001635
0.001999
0.002005
0.001218
0.000998
0.001192
0.001050
0.001736
0.001924
0.001925
0.001554
0.001012
0.000079
-0.000218
0.000180
0.000687
0.000556
0.000674
0.000971
0.001119
0.001418
0.001546
0.001918
0.001931
0.002201
0.002741
0.001935
0.000874
0.000933
0.001368
0.001567
0.001336
0.000732
0.000430
0.000818
0.001163
0.000804
0.000817
0.001828
0.002225
0.002044
0.001979
0.002170
0.001536
0.001199
0.001471
0.001558
0.001620
0.001770
0.002229
0.001932
0.001500
0.001261
0.001233
0.001303
0.001646
0.001930
0.001392
0.000802
0.000872
0.000662
0.000191
0.000729
0.001220
0.001656
0.001822
0.001173
0.000838
0.001082
0.001839
0.001896
0.001838
0.001760
0.001341
0.000638
0.000745
0.001007
0.000911
0.000948
0.000837
0.001029
0.001867
0.001721
0.000466
0.000427
0.001148
0.001050
0.001507
0.001950
0.001470
0.001683
0.001650
0.001023
0.000683
0.001347
0.001590
0.001538
0.001809
0.001857
0.001769
0.001824
0.002091
0.001975
0.001835
0.001206
0.000597
0.000585
0.000875
0.001505
0.001799
0.001439
0.001313
0.001392
0.002189
0.002555
0.002719
0.003091
0.002565
0.002794
0.002778
0.002168
0.002095
0.002323
0.002313
0.001936
0.001913
0.001313
0.000122
0.000137
0.000395
0.000133
0.000289
0.000954
0.001015
0.001813
0.002452
0.001432
0.001227
0.002033
0.002336
0.001778
0.001550
0.001240
0.001311
0.001673
0.001477
0.000888
0.000673
0.000800
0.000578
0.000073
0.000330
0.001070
0.001568
0.002164
0.002410
0.001897
0.001357
0.001415
0.000980
0.000527
0.000840
0.001508
0.001796
0.001185
0.001125
0.001821
0.001845
0.001836
0.002272
0.001748
0.000680
0.000449
0.000481
0.000475
0.000879
0.000828
0.000808
0.000966
0.000867
0.000826
0.001068
0.001528
0.002176
0.002467
0.002622
0.002309
0.001468
0.001335
0.001261
0.001325
0.001449
0.001568
0.002418
0.002250
0.001927
0.002825
0.003470
0.003506
0.003261
0.002505
0.002033
0.002305
0.002407
0.001835
0.001754
0.002199
0.001578
0.001066
0.001022
0.000201
0.000200
0.000412
0.000755
0.001802
0.002395
0.002171
0.001772
0.001462
0.001770
0.002106
0.001819
0.000906
0.000950
0.001071
0.001114
0.001188
0.000602
0.000454
0.000920
0.001786
0.001557
0.001402
0.000979
0.000956
0.001979
0.002696
0.002767
0.002691
0.001884
0.001470
0.001232
0.001228
0.001235
0.000692
0.000200
0.001156
0.002130
0.001869
0.001015
0.001195
0.000896
0.000185
0.000429
0.000615
0.000514
0.000877
0.000931
0.000947
0.001289
0.001008
0.000698
0.000809
0.000895
0.001328
0.002396
0.002472
0.001855
0.002223
0.002186
0.001901
0.001892
0.002022
0.002009
0.001763
0.001303
0.000776
0.000809
0.000845
0.000833
0.001221
0.001813
0.001646
0.001592
0.001300
0.001278
0.001687
0.001624
0.001222
0.001519
0.001691
0.001460
0.001323
0.001803
0.001631
0.000656
0.000425
0.000721
0.001472
0.001895
0.001935
0.001613
0.001462
0.001591
0.001366
0.001202
0.001385
0.002062
0.001640
0.001588
0.002281
0.002247
0.001571
0.001032
0.001269
0.001306
0.000788
0.001280
0.001271
0.001639
0.001780
0.001645
0.002203
0.001519
0.001191
0.001454
0.001820
0.002404
0.002929
0.002743
0.002019
0.001232
0.000989
0.001514
0.001638
0.001436
0.001712
0.002175
0.001912
0.000980
0.000918
0.001123
0.000615
0.000912
0.001460
0.001191
0.001056
0.000565
0.000375
0.000645
0.001020
0.001620
0.002107
0.002859
0.002282
0.001972
0.002782
0.002486
0.001788
0.001524
0.000971
0.001241
0.001293
0.000618
0.000927
0.001146
0.001356
0.000923
0.000674
0.001454
0.001126
0.000788
0.001451
0.002125
0.001950
0.001289
0.001223
0.001071
0.001104
0.001710
0.002058
0.002105
0.001584
0.001398
0.001145
0.000615
0.000588
0.000682
0.001399
0.001439
0.001402
0.002523
0.002859
0.001981
0.001711
0.001799
0.001150
0.001060
0.001295
0.001264
0.001672
0.002000
0.002473
0.002762
0.002133
0.001748
0.001724
0.001494
0.001173
0.001092
0.001039
0.001157
0.001738
0.001884
0.001978
0.001898
0.001482
0.001642
0.001649
0.001839
0.001986
0.001758
0.001935
0.002136
0.001757
0.001299
0.000875
0.000954
0.000436
0.000155
0.000488
0.000645
0.000858
0.000536
0.000193
0.001231
0.001551
0.001640
0.002199
0.001892
0.001374
0.001118
0.001453
0.002265
0.001617
0.001147
0.001328
0.001288
0.001573
0.001211
0.001179
0.001686
0.001582
0.001260
0.001428
0.001493
0.001588
0.001460
0.000579
0.000327
0.000480
0.000533
0.000686
0.001186
0.001342
0.001335
0.001419
0.002064
0.001912
0.001924
0.002541
0.002452
0.002353
0.002503
0.002363
0.002598
0.002472
0.001827
0.001917
0.002097
0.001753
0.001902
0.001613
0.000954
0.000045
-0.000402
0.000173
0.000581
0.000224
0.000447
0.001458
0.001941
0.001817
0.001958
0.001453
0.001471
0.001322
0.000911
0.000613
0.000694
0.000526
0.000938
0.002031
0.001393
0.000160
0.000246
0.000731
0.001306
0.001964
0.001819
0.001345
0.001280
0.000992
0.000435
0.000931
0.002241
0.002876
0.002621
0.002084
0.001739
0.001647
0.001259
0.001118
0.000748
-0.000319
-0.000162
0.001431
0.002025
0.001912
0.002017
0.001770
0.001815
0.001852
0.001956
0.001902
0.002040
0.001717
0.001531
0.001807
0.002053
0.002161
0.001968
0.000992
0.000099
0.000308
0.000970
0.000682
0.000432
0.001039
0.001737
0.001216
0.000432
0.000691
0.001188
0.002133
0.003256
0.002937
0.002011
0.001256
0.001465
0.001357
0.000531
0.000098
0.000307
0.000258
0.000534
0.001032
0.001007
0.000435
0.000241
0.000375
-0.000197
-0.000094
0.000225
0.000192
0.000662
0.000986
0.000604
0.000934
0.001774
0.001801
0.001775
0.001902
0.001781
0.001793
0.001742
0.001728
0.001331
0.001145
0.001550
0.001514
0.000920
0.000726
0.000672
0.000713
0.000554
0.001323
0.002962
0.003023
0.002649
0.002757
0.002680
0.002060
0.001723
0.001381
0.001085
0.001177
0.001191
0.001361
0.001780
0.002148
0.002063
0.001440
0.000562
0.000934
0.001204
0.001033
0.001404
0.001338
0.001242
0.001235
0.000717
0.000615
0.001277
0.001016
0.000713
0.001630
0.002258
0.001922
0.001822
0.001980
0.001176
0.001143
0.001727
0.001871
0.001760
0.000893
0.000210
0.000282
0.000729
0.000919
0.000411
0.000270
0.000752
-0.000034
-0.000880
-0.000369
0.000814
0.001130
0.001012
0.001265
0.001459
0.001744
0.001767
0.001549
0.001438
0.001906
0.002621
0.002178
0.001659
0.001307
0.001060
0.001650
0.001510
0.001042
0.001143
0.001113
0.001319
0.001240
0.000987
0.000872
0.000814
0.001227
0.001753
0.002169
0.001987
0.002042
0.002841
0.002817
0.002449
0.002248
0.002058
0.002269
0.002754
0.002247
0.001234
0.001045
0.000811
-0.000076
-0.000165
0.000256
0.000472
0.001334
0.001658
0.001803
0.001234
0.000752
0.000613
0.000357
0.000514
0.001051
0.001472
0.001202
0.001341
0.001333
0.000341
0.000324
0.000673
0.000591
0.000866
0.001060
0.000884
0.001005
0.001129
0.000033
-0.000126
0.000402
0.000639
-0.000145
-0.000285
0.000543
0.000540
0.000552
0.001444
0.001979
0.002015
0.002325
0.002576
0.003592
0.004797
0.004637
0.003248
0.003027
0.003204
0.002521
0.001279
0.000926
0.001434
0.001236
0.000928
0.001231
0.000955
0.000957
0.000904
0.000210
0.000512
0.001489
0.001614
0.001753
0.001787
0.001798
0.001944
0.001672
0.001434
0.001639
0.001852
0.001782
0.001648
0.001897
0.001764
0.001191
0.001050
0.001104
0.000931
0.000521
-0.000190
-0.000069
0.000268
0.001341
0.002545
0.002967
0.002645
0.002656
0.002457
0.002153
0.001283
0.000571
0.000421
0.000456
0.000911
0.001139
0.000919
0.000657
0.000607
0.001227
0.001601
0.000659
-0.000037
0.000198
0.001203
0.001822
0.002111
0.001643
0.001173
0.001824
0.002027
0.001750
0.002042
0.002253
0.001961
0.001627
0.001553
0.002327
0.002363
0.002125
0.002680
0.002165
0.001886
0.001808
0.001635
0.002349
0.002423
0.001631
0.001234
0.001015
0.000920
0.000948
0.001181
0.001639
0.002041
0.002209
0.001767
0.001710
0.001886
0.001600
0.001496
0.001243
0.000809
0.000757
0.001212
0.002103
0.001587
0.000967
0.000753
0.000964
0.001359
0.001607
0.000869
0.000097
0.000318
0.000441
0.000731
0.001036
0.001155
0.000962
0.001195
0.001390
0.001166
0.001407
0.001506
0.001581
0.001369
0.001076
0.000773
0.000557
0.001423
0.002611
0.002315
0.001642
0.002117
0.001861
0.000946
0.001370
0.002184
0.002022
0.001837
0.002273
0.001847
0.001589
0.001670
0.002044
0.001951
0.001039
0.000869
0.000496
0.000808
0.001450
0.001274
0.001454
0.001915
0.002722
0.002821
0.002129
0.001752
0.002237
0.002061
0.001406
0.001718
0.001810
0.001024
0.001235
0.002186
0.002068
0.001440
0.000707
0.000658
0.000771
0.000610
0.000883
0.001539
0.002017
0.001841
0.001034
0.000691
0.000225
0.000493
0.000572
0.000131
0.000679
0.001472
0.001489
0.001658
0.002040
0.001874
0.001869
0.002489
0.002234
0.001524
0.001504
0.001323
0.000769
0.000305
0.000025
0.000006
0.000725
0.001077
0.000750
0.000903
0.001130
0.001454
0.001169
0.000985
0.002112
0.002474
0.002307
0.002765
0.002627
0.001562
0.001545
0.001764
0.001694
0.001363
0.001180
0.001348
0.000686
0.000066
0.000538
0.000719
0.001078
0.001206
0.001500
0.002333
0.001930
0.001595
0.001843
0.001668
0.001515
0.002049
0.001693
0.001878
0.001312
-0.000148
0.000082
-0.000052
0.000030
0.000034
0.000376
0.000592
0.000658
0.000233
-0.000062
0.000177
0.000744
0.001811
0.001812
0.001872
0.002414
0.002530
0.003164
0.003453
0.003394
0.002413
0.001451
0.001343
0.001384
0.001350
0.001137
0.001089
0.001500
0.001558
0.001627
0.001412
0.000612
0.000695
0.001067
0.001024
0.001622
0.002027
0.001432
0.001734
0.001567
-0.000038
0.000029
0.000001
-0.000049
0.000398
0.001611
0.001006
0.000713
0.000734
0.000069
0.000289
0.000842
0.000597
0.000894
0.001119
0.000582
0.000220
0.000365
0.001122
0.001537
0.002189
0.002364
0.002276
0.002375
0.002196
0.002107
0.001568
0.001030
0.000615
0.000961
0.001226
0.000961
0.001483
0.001130
0.000626
0.001107
0.001129
0.000844
0.001236
0.000856
0.000870
0.001237
0.001571
0.002233
0.001999
0.001112
0.000962
0.000745
0.001007
0.001001
0.001179
0.001741
0.001434
0.001421
0.001671
0.001791
0.001626
0.001332
0.001648
0.002356
0.002590
0.002211
0.001491
0.000905
0.001340
0.001425
0.001369
0.002198
0.002071
0.001536
0.002014
0.001984
0.001408
0.001105
0.001131
0.001556
0.001454
0.001916
0.002684
0.001870
0.001516
0.001171
0.000531
0.000830
0.001187
0.001573
0.001748
0.001559
0.002061
0.001985
0.001362
0.001782
0.001442
0.001020
0.001430
0.000908
0.000853
0.001097
0.000723
0.000257
0.000317
0.000481
0.000239
0.000042
0.000924
0.001479
0.001480
0.001854
0.002175
0.001987
0.001817
0.001603
0.001154
0.001161
0.001405
0.000589
-0.000102
0.000004
0.000974
0.002326
0.001771
0.001238
0.001705
0.001888
0.002159
0.002505
0.001753
0.000922
0.000444
0.000497
0.000686
0.000679
0.000930
0.000962
0.000629
0.000722
0.000747
0.000993
0.001063
0.001228
0.000948
0.001154
0.001593
0.001197
0.001523
0.001616
0.001539
0.001152
0.000516
0.000873
0.001400
0.002096
0.002473
0.002420
0.002577
0.002579
0.002209
0.001918
0.001603
0.001818
0.001767
0.001254
0.001701
0.001960
0.001229
0.000278
0.000682
0.001049
0.001492
0.001875
0.001438
0.001351
0.001789
0.001355
0.001256
0.002104
0.002511
0.001477
0.000580
0.000252
0.000201
0.000571
0.000229
0.000616
0.001163
0.001760
0.002219
0.001479
0.001093
0.001508
0.001876
0.002012
0.002567
0.002480
0.001164
0.001237
0.001269
0.000917
0.000959
0.001178
0.000749
0.000134
0.000286
0.000948
0.001461
0.001006
0.000697
0.001079
0.000924
0.000508
0.000365
0.000662
0.001126
0.000910
0.000614
0.001183
0.001766
0.001810
0.001952
0.001368
0.000810
0.000797
0.000569
0.000402
0.001120
0.001291
0.001225
0.001530
0.001802
0.001783
0.000822
0.000259
-0.000451
-0.000745
-0.000478
-0.000305
0.000370
0.001242
0.001633
0.001359
0.001347
0.001235
0.000967
0.001007
0.000989
0.001984
0.002807
0.002428
0.001674
0.001454
0.001380
0.000846
0.000440
0.000583
0.000562
0.000382
0.000582
0.001329
0.001164
0.000492
0.000531
0.000285
-0.000038
0.000756
0.001186
0.000967
0.001181
0.002054
0.002217
0.002006
0.002673
0.003133
0.002719
0.002368
0.001719
0.001317
0.000757
0.000165
0.000661
0.000716
0.000080
0.000397
0.000587
0.000867
0.001053
0.001177
0.001661
0.001508
0.001491
0.001285
0.001074
0.001142
0.000841
0.000585
0.000969
0.000975
0.000894
0.001169
0.001354
0.001099
0.000733
0.000741
0.001007
0.001155
0.001427
0.001505
0.001117
0.000221
0.000239
0.000798
0.001318
0.001930
0.002015
0.001712
0.001747
0.001452
0.001765
0.002418
0.001774
0.001493
0.001765
0.001885
0.001742
0.001257
0.001220
0.001140
0.001141
0.001135
0.000271
0.000604
0.000453
0.000925
0.001426
0.001183
0.001812
0.002529
0.002030
0.001335
0.000584
0.001302
0.001953
0.001545
0.001318
0.001402
0.000587
0.000158
0.000365
-0.000147
-0.000118
0.000235
-0.000360
-0.000036
0.000499
0.000652
0.001151
0.001404
0.001619
0.001176
0.001205
0.001543
0.001198
0.000475
0.000738
0.001449
0.001160
0.000366
0.000335
0.000172
-0.000500
-0.000567
0.000012
0.000530
0.001633
0.002203
0.002883
0.002704
0.002313
0.002937
0.002717
0.001745
0.001415
0.001136
0.001897
0.002224
0.001451
0.001198
0.001341
0.000821
-0.000267
-0.000018
0.000358
0.001453
0.002068
0.001477
0.001611
0.002133
0.002600
0.002293
0.001684
0.001945
0.002230
0.001920
0.002022
0.001837
0.001991
0.002115
0.001297
0.000694
0.001108
0.001299
0.000819
0.000255
0.000593
0.000597
0.000158
0.000296
-0.000109
-0.000646
-0.000143
0.000198
0.000770
0.001304
0.001265
0.001860
0.002159
0.001981
0.001900
0.001657
0.001347
0.001700
0.001648
0.001159
0.000983
0.000946
0.000658
0.000255
0.000342
0.000672
0.000987
0.000946
0.001459
0.001795
0.002251
0.002512
0.001838
0.001616
0.001607
0.001737
0.001225
0.001126
0.001902
0.002256
0.002040
0.001222
0.000345
0.000768
0.000976
0.000049
0.000358
0.000687
0.000597
0.000564
0.001286
0.002471
0.002265
0.001432
0.000931
0.001408
0.001823
0.002338
0.002290
0.001470
0.001171
0.001271
0.002018
0.001909
0.000958
0.001061
0.001727
0.001696
0.001747
0.002271
0.001796
0.000595
0.000633
0.001101
0.001305
0.001827
0.002059
0.001836
0.001482
0.001344
0.001644
0.001084
0.000798
0.001588
0.001331
0.001082
0.000818
0.000272
0.000289
0.000834
0.001501
0.001353
0.001024
0.000936
0.000726
0.000493
0.000571
0.000817
0.000855
0.000706
0.000861
0.001731
0.001217
0.000398
0.001133
0.001300
0.000991
0.001001
0.001186
0.002077
0.002812
0.002943
0.002515
0.001934
0.002135
0.002221
0.001660
0.001288
0.001233
0.001466
0.002018
0.001960
0.002298
0.002931
0.002414
0.002276
0.001794
0.001021
0.001161
0.001323
0.000466
0.000067
0.000432
0.000715
0.001215
0.001634
0.001910
0.001406
0.000676
0.000813
0.000462
0.000365
0.001802
0.002309
0.002283
0.001643
0.001537
0.001444
0.000707
0.000576
0.000296
-0.000157
-0.000550
-0.000204
-0.000058
-0.000194
0.000347
0.001250
0.001397
0.001362
0.001841
0.002113
0.001499
0.000918
0.001062
0.001743
0.001850
0.001447
0.001499
0.001729
0.001807
0.001392
0.001906
0.002387
0.002322
0.002136
0.002480
0.002516
0.002457
0.001916
0.001450
0.001463
0.000923
0.000628
0.001255
0.001036
0.001466
0.001469
0.001415
0.002035
0.002443
0.002637
0.002457
0.001901
0.002250
0.001780
0.000837
0.001212
0.001555
0.001456
0.001379
0.002267
0.001859
0.001296
0.001843
0.000986
0.000522
0.000997
0.001607
0.000978
0.000351
0.000627
0.001119
0.000962
0.000506
0.000483
0.000445
0.000451
0.000906
0.001137
0.001714
0.000997
0.001103
0.001694
0.001801
0.001737
0.001963
0.002603
0.002943
0.002091
0.001543
0.001824
0.001804
0.001267
0.001123
0.001393
0.002231
0.002136
0.001827
0.001569
0.000641
0.000193
-0.000096
-0.000265
0.000015
0.000242
0.000511
0.000960
0.000881
0.000725
0.001086
0.001764
0.001984
0.001754
0.002047
0.001971
0.001522
0.001390
0.001425
0.001429
0.001639
0.002206
0.001417
0.000991
0.000763
0.000853
0.001088
0.001222
0.001298
0.001593
0.001879
0.001396
0.001350
0.001462
0.001455
0.001624
0.001287
0.000969
0.001259
0.001956
0.002240
0.002410
0.002611
0.002391
0.002531
0.003238
0.003302
0.002390
0.001984
0.001725
0.001826
0.002019
0.001412
0.001453
0.002027
0.001952
0.001102
0.001219
0.001633
0.001461
0.001566
0.001456
0.001259
0.001378
0.001444
0.001688
0.000941
0.000435
0.001161
0.000980
0.000444
0.000963
0.001711
0.002664
0.002565
0.002384
0.002466
0.001709
0.001128
0.000706
-0.000020
-0.000209
-0.000130
0.000066
0.000665
0.001617
0.001615
0.000662
0.000565
0.000861
0.001553
0.001816
0.001375
0.001326
0.001935
0.001553
0.001255
0.001491
0.001308
0.001429
0.001185
0.001068
0.001523
0.001370
0.001319
0.001633
0.001888
0.001947
0.001036
0.000484
0.000767
0.000901
0.000839
0.000491
0.000691
0.001122
0.001117
0.001182
0.001432
0.002078
0.002373
0.002673
0.002950
0.002293
0.001586
0.001858
0.002273
0.002189
0.002203
0.001736
0.001141
0.001084
0.000758
0.000601
0.001087
0.001446
0.001617
0.001743
0.000687
0.000403
0.001509
0.001531
0.001620
0.002038
0.002272
0.002185
0.001364
0.001086
0.001032
0.000832
0.000896
0.000707
0.000175
0.000103
0.000405
0.001048
0.000934
-0.000236
-0.000551
0.000268
0.000040
0.000057
0.001029
0.001602
0.002804
0.002876
0.002749
0.002535
0.001619
0.001438
0.001046
0.001452
0.001851
0.001030
0.000785
0.000991
0.000744
0.000207
0.000508
0.000855
0.000416
0.000592
0.001713
0.001927
0.001886
0.002689
0.002521
0.002242
0.002021
0.001809
0.002276
0.002504
0.001495
0.001002
0.001464
0.001498
0.001311
0.001110
0.001085
0.000937
0.000233
0.000363
0.000598
0.001246
0.002094
0.001478
0.000498
0.000614
0.001074
0.001403
0.001896
0.001641
0.001615
0.001806
0.002359
0.002270
0.001308
0.001184
0.001322
0.001241
0.001274
0.001378
0.001941
0.002301
0.001869
0.001818
0.001608
0.001749
0.002411
0.002022
0.001153
0.001717
0.001869
0.001515
0.001440
0.001564
0.001560
0.001147
0.000252
-0.000361
0.000023
0.000142
0.000574
0.000802
0.000771
0.000575
0.000901
0.001453
0.001399
0.000986
0.000751
0.001402
0.002161
0.002778
0.002897
0.002309
0.002304
0.002383
0.002630
0.002630
0.001717
0.001616
0.002272
0.002389
0.001986
0.001368
0.000662
0.000989
0.000802
0.000950
0.001327
0.001271
0.001445
0.001473
0.001337
0.001466
0.001681
0.001677
0.001651
0.001395
0.001776
0.002692
0.002300
0.001575
0.001584
0.001169
0.001270
0.000984
0.000738
0.001486
0.001786
0.001768
0.002256
0.002043
0.001939
0.002016
0.002435
0.002190
0.001501
0.001856
0.002382
0.002279
0.001348
0.001418
0.001148
0.000102
0.000208
0.000958
0.001608
0.000988
-0.000091
0.000109
0.000375
0.000907
0.001045
0.001319
0.001676
0.001611
0.001215
0.001315
0.001254
0.000868
0.001310
0.001118
0.001080
0.001363
0.001395
0.001466
0.001650
0.001571
0.001588
0.002043
0.002638
0.002773
0.002287
0.001582
0.001326
0.001302
0.001034
0.000563
0.000662
0.001097
0.001521
0.002026
0.002098
0.001831
0.002074
0.002445
0.002191
0.001891
0.001122
0.000903
0.001205
0.001799
0.001870
0.000744
