# STATIONID: 200
# STARTTIME: 1123758131.570000
# SAMPLERATE: 100
# NUMSAMPLES: 8267
-0.001467
-0.001367
-0.000039
0.000699
0.001470
0.002722
0.003077
0.001837
0.000580
-0.000333
-0.001193
-0.000776
-0.000813
-0.001336
-0.001306
-0.001518
-0.001953
-0.001611
-0.001560
-0.001279
-0.000348
-0.000316
0.000716
0.002250
0.002913
0.002334
0.001110
0.000724
0.000153
-0.001134
-0.001887
-0.001834
-0.001935
-0.001735
-0.001385
-0.000478
0.000488
0.000598
0.000513
0.001431
0.002250
0.002968
0.004186
0.003439
0.001430
0.000585
-0.000836
-0.003439
-0.003979
-0.002427
-0.000188
0.001190
0.001469
0.001608
0.001703
0.001467
-0.001040
-0.002326
-0.000962
-0.000182
0.000155
0.001203
0.001895
0.001619
0.000426
-0.001378
-0.002116
-0.000714
0.000695
0.001191
0.002029
0.001533
-0.000061
-0.001558
-0.002235
-0.001834
0.000289
0.001522
0.001550
0.002063
0.002583
0.002019
0.000200
-0.001880
-0.003307
-0.003465
-0.002584
-0.000057
0.002421
0.002913
0.002568
0.002202
0.001221
0.000618
0.001372
0.001369
-0.000066
-0.000424
0.000124
0.000321
0.000167
-0.000838
-0.002789
-0.003464
-0.002579
-0.000860
0.000271
0.000447
0.000364
0.002077
0.004135
0.003481
0.001478
0.000050
-0.002316
-0.003971
-0.003204
-0.001854
-0.001686
-0.001477
0.000070
0.001978
0.002445
0.002588
0.003640
0.003979
0.003012
0.001851
0.001090
-0.000582
-0.002017
-0.002594
-0.003816
-0.004392
-0.004035
-0.002676
-0.001243
-0.000083
0.001454
0.002920
0.003044
0.001224
0.000369
0.000193
-0.000928
-0.001707
-0.001349
-0.000476
-0.000005
0.000454
0.002259
0.003307
0.002537
0.001651
0.000843
-0.001039
-0.002540
-0.002815
-0.001976
-0.000657
0.001206
0.002587
0.002495
0.001457
0.000568
-0.000238
-0.001335
-0.001650
-0.000369
0.001442
0.001443
0.000758
0.000443
-0.000651
-0.001939
-0.002640
-0.001742
-0.000262
0.001317
0.002999
0.003882
0.004006
0.002974
0.001112
0.000010
-0.000884
-0.001600
-0.001458
-0.001995
-0.003835
-0.004590
-0.002998
-0.001539
-0.000819
0.000167
0.001039
0.000956
0.000769
0.001677
0.000734
-0.001194
-0.001030
0.000282
0.000913
0.001729
0.002248
0.002000
0.001798
0.000332
-0.000860
-0.000921
-0.000844
-0.000461
0.000323
0.000893
0.000925
0.000453
-0.000007
-0.000882
-0.001204
-0.000468
-0.000253
-0.000595
-0.001744
-0.002504
-0.002812
-0.003454
-0.003010
-0.001230
-0.000037
0.000756
0.002085
0.002462
0.001909
0.000980
0.000300
-0.000156
-0.000302
0.000825
0.002008
0.001990
0.000815
-0.000006
-0.000315
-0.001706
-0.003180
-0.002914
-0.002140
-0.002062
-0.002057
-0.001314
-0.000475
0.000221
0.000438
0.001698
0.002406
0.002094
0.003249
0.003219
0.001852
0.000631
-0.000395
-0.001623
-0.002517
-0.002823
-0.002481
-0.001991
-0.001739
-0.000710
0.000521
0.001071
0.000707
0.000200
0.000328
-0.000054
-0.000244
0.001127
0.003015
0.003673
0.003911
0.003121
0.000489
-0.001437
-0.002609
-0.002823
-0.002358
-0.001279
0.000290
0.001009
0.000667
-0.000202
-0.000445
-0.000957
-0.001680
-0.001180
0.000013
0.000347
0.000393
0.000212
0.000480
0.000262
0.000005
0.001398
0.002304
0.001497
0.001708
0.002540
0.001436
-0.000177
-0.001509
-0.002212
-0.002313
-0.002091
-0.000650
0.000771
0.001470
0.001678
0.001612
0.000938
-0.000926
-0.001694
-0.001555
-0.001437
-0.001899
-0.001928
-0.001362
-0.001700
-0.000949
-0.000121
-0.000669
-0.000557
0.000871
0.001858
0.001599
0.001078
0.001136
0.000766
0.000060
-0.000951
-0.001056
-0.001365
-0.002482
-0.001970
-0.000090
0.001320
0.001883
0.001650
0.001767
0.001186
-0.000977
-0.001252
-0.001861
-0.002749
-0.001772
-0.000372
0.000274
0.000152
-0.000020
0.000506
0.000494
0.000061
0.000000
-0.000030
-0.000345
-0.000611
-0.000882
-0.001479
-0.002497
-0.002870
-0.001236
0.000657
0.000465
0.000265
0.000936
0.000664
0.000663
0.001310
0.001530
0.000953
0.000657
0.001050
0.000467
-0.000615
-0.001095
-0.000430
0.000782
0.001454
0.001306
0.000451
-0.000201
-0.001914
-0.002652
-0.002105
-0.000951
0.000810
0.002742
0.003425
0.002586
0.001950
0.001135
-0.001462
-0.003550
-0.003921
-0.003094
-0.001452
-0.000708
0.000420
0.001198
0.000253
-0.000537
-0.000055
-0.000267
-0.000713
0.000028
0.001499
0.002262
0.001931
0.001016
0.001001
0.000035
-0.001254
-0.001249
-0.000448
-0.000657
-0.001241
-0.000388
-0.000280
-0.000437
0.000103
0.000324
0.000130
0.000277
0.000935
0.001004
0.000989
0.000528
0.000419
0.000500
0.000023
0.000235
-0.000082
-0.000761
-0.001217
-0.001429
-0.001288
-0.001267
-0.000877
0.000722
0.002556
0.002205
0.001445
0.001700
0.000980
-0.000859
-0.001763
-0.001465
-0.001108
-0.000895
-0.000493
-0.000561
-0.001036
-0.001677
-0.001858
-0.000719
-0.000544
-0.000479
0.000553
0.001346
0.001718
0.001721
0.000224
-0.000908
-0.001059
-0.000331
0.000356
-0.000158
-0.000388
0.000763
0.000191
-0.001431
-0.001920
-0.001741
-0.001182
0.000529
0.002028
0.002585
0.003533
0.003169
0.001253
0.000252
-0.001157
-0.002031
-0.002153
-0.002215
-0.001950
-0.000951
-0.000535
-0.000860
-0.000602
-0.000099
0.000439
0.000704
0.000623
0.000819
0.001204
0.000063
-0.001126
-0.000915
-0.001006
-0.000973
0.000525
0.001464
0.001737
0.002814
0.002937
0.002837
0.001596
0.001526
0.001283
0.000419
-0.000509
-0.000848
-0.000369
-0.000848
-0.001170
-0.000652
-0.000584
-0.000413
-0.000299
-0.000113
0.000131
-0.000102
0.000114
0.000601
0.000241
-0.000436
-0.000556
-0.000562
-0.000516
0.000200
0.000920
0.000384
-0.000692
-0.000208
0.000138
-0.000186
-0.000131
-0.000662
-0.000854
-0.000728
-0.000822
-0.000818
-0.000917
-0.001303
-0.000586
0.000295
0.000168
0.000213
0.000601
0.000856
0.000227
-0.000532
-0.001000
-0.000874
-0.000957
-0.001055
-0.000483
0.000352
0.000553
0.000351
0.000412
0.000291
0.000120
0.000396
0.000204
-0.000191
-0.000708
-0.000133
0.000337
0.000482
0.000702
0.000902
0.001453
0.001628
0.001795
0.002287
0.002100
0.002147
0.002372
0.001994
0.000591
-0.000125
0.000128
-0.000138
-0.001395
-0.001201
-0.000182
-0.000310
-0.000701
-0.000367
0.000460
0.000794
0.001072
0.001180
0.001120
0.001338
0.001423
0.001008
0.000086
-0.000408
-0.000122
0.000047
-0.000845
-0.001661
-0.001287
-0.000939
-0.000858
-0.000021
0.001290
0.001927
0.001889
0.002024
0.001553
0.000317
-0.000816
-0.000813
-0.000681
-0.001305
-0.001244
-0.001105
-0.001146
-0.001275
-0.000797
0.000459
0.000781
0.000470
0.000154
0.000246
0.000147
0.000050
0.000141
0.000329
-0.000291
-0.000227
0.000910
0.001079
0.000785
0.001194
0.001007
-0.000580
-0.001198
-0.000887
-0.000415
-0.000268
0.000673
0.001077
0.000730
0.000092
-0.000985
-0.001107
-0.000517
-0.000308
-0.000513
-0.000610
-0.000366
-0.000207
0.000005
-0.000230
-0.000462
-0.000003
0.000431
0.000956
0.001016
0.000838
0.000008
-0.000763
-0.000552
0.000297
0.000529
0.000033
0.000185
0.000743
0.000212
-0.000314
-0.000299
-0.000720
-0.000889
-0.000380
0.001107
0.000788
-0.000074
-0.000467
-0.000836
-0.000410
-0.000564
-0.000592
0.000305
0.000618
0.001251
0.002655
0.002921
0.001454
0.000814
0.000824
-0.000273
-0.000676
-0.000614
-0.001214
-0.001796
-0.001580
-0.001153
-0.000527
-0.000243
-0.000064
0.000874
0.001476
0.001553
0.000614
0.000267
-0.000326
-0.001224
-0.000902
-0.000859
-0.001151
-0.000992
-0.000931
-0.000564
-0.000751
-0.000493
-0.000085
-0.000974
-0.000819
-0.000234
-0.000297
-0.000561
-0.000449
0.000435
0.001273
0.001123
0.001682
0.002412
0.001936
0.001213
0.000146
-0.000497
-0.001030
-0.001690
-0.001552
-0.001336
-0.001725
-0.002033
-0.001642
-0.001454
-0.001230
-0.000350
0.000376
0.000983
0.001628
0.001506
0.000778
0.000597
0.000786
0.000998
0.001044
0.000227
-0.000269
0.000055
-0.000266
-0.000667
-0.000055
0.000489
-0.000087
-0.000890
-0.000527
-0.000113
-0.000455
-0.000041
0.000145
-0.000015
-0.000201
-0.000961
-0.001059
-0.000617
0.000059
0.000728
0.000807
0.000559
0.000755
0.001897
0.001586
0.000325
-0.000047
0.000590
0.000405
0.000328
0.000435
0.000066
-0.000488
-0.001403
-0.001035
-0.000936
-0.000955
-0.000469
-0.000937
-0.000932
-0.000335
0.000285
0.000377
-0.000320
-0.000422
-0.000165
-0.000273
-0.001391
-0.000793
0.000057
0.000062
-0.000047
0.000067
0.000119
-0.000171
-0.000072
0.000310
0.000798
0.001712
0.001475
0.000815
0.000916
0.000496
-0.000058
0.000089
-0.000244
-0.000186
-0.000523
-0.000068
0.000255
-0.000188
0.000206
0.000175
-0.000382
-0.000138
-0.000417
-0.000958
-0.001017
-0.000619
-0.000189
-0.000266
-0.000005
0.000631
0.000451
0.000754
0.001381
0.001014
0.000639
0.000731
0.000988
0.001109
0.001261
0.000671
-0.000399
-0.001369
-0.001795
-0.001363
-0.000387
-0.000388
-0.000462
0.000465
0.000695
0.000645
0.000260
-0.000569
0.000733
0.001247
0.000558
0.000726
0.000551
0.000582
0.001378
0.001771
0.001118
-0.000008
0.000533
0.001502
0.000575
-0.001116
-0.001007
-0.000440
-0.000528
-0.000808
-0.000419
-0.000338
-0.000399
-0.000228
0.000188
0.000289
-0.000576
0.000006
0.001038
0.000000
-0.000268
0.001168
0.000922
0.000260
0.000237
0.000267
0.000555
0.000063
-0.000293
-0.000094
0.000667
0.000281
-0.000208
-0.000172
0.000022
0.000033
0.000091
0.000871
0.000528
-0.000474
-0.000727
-0.000856
-0.001045
-0.000521
0.000417
0.000596
0.000732
0.000471
0.000382
0.000169
-0.000167
-0.000153
-0.001084
-0.001334
-0.000321
0.000137
-0.000085
-0.000220
-0.000319
-0.000775
-0.000881
-0.000086
0.000502
0.000564
0.000440
0.000447
0.000618
0.000545
0.000775
0.000298
-0.000307
-0.000776
-0.000084
0.000087
-0.000441
0.000222
0.000771
0.001195
0.000740
0.000339
0.000647
0.001291
0.001178
0.001228
0.001405
0.000946
0.000368
0.000189
0.000637
0.000450
-0.000767
-0.001060
-0.000639
-0.000783
-0.000662
-0.000222
0.000193
0.000015
-0.000399
-0.000379
-0.000851
-0.000995
-0.000611
0.000267
0.000484
-0.000105
-0.000176
0.000409
0.000213
-0.000309
0.000235
0.000476
0.000232
0.000397
0.000316
-0.000200
0.000459
0.000950
0.000371
-0.000050
-0.000111
0.000042
-0.000310
-0.000811
-0.001397
-0.001527
-0.000794
-0.000532
0.000145
0.000486
-0.000024
0.000202
0.000386
-0.000161
-0.000378
-0.000199
-0.000354
-0.000347
-0.000457
-0.000507
0.000412
0.000410
0.000116
-0.000255
-0.000238
0.000257
0.000377
0.000646
0.001136
0.001068
0.000298
0.000158
0.000148
-0.000837
-0.001650
-0.001094
-0.000201
-0.000848
-0.001151
-0.000422
-0.000056
0.000807
0.002076
0.001797
0.001446
0.001665
0.001365
0.001084
0.000567
-0.000109
-0.000674
-0.000450
-0.000258
-0.000203
-0.000239
-0.000283
0.000156
-0.000183
-0.000454
-0.000643
-0.000492
0.000489
0.000720
0.000515
0.000425
0.000389
-0.000177
-0.000988
-0.000318
-0.000389
-0.000901
-0.000750
-0.000548
-0.001185
-0.001756
-0.000680
-0.000431
-0.000450
-0.000283
0.000102
0.000619
-0.000065
-0.000743
0.000171
-0.000100
-0.000541
-0.000254
0.000311
0.000254
0.000112
0.000095
-0.000340
-0.000194
0.000099
0.000387
0.000455
0.000068
-0.000392
0.000050
0.000186
0.000182
0.000373
0.000494
0.000852
0.000533
0.000029
0.000043
-0.000146
-0.000166
0.000447
0.000487
-0.000130
-0.000485
-0.000800
-0.000836
-0.000336
-0.000402
-0.001092
-0.001230
-0.000296
0.000437
0.000398
0.000773
0.001376
0.001303
0.001329
0.000760
0.000651
0.000788
0.000597
0.000839
0.000606
-0.000023
-0.000627
-0.000162
0.000050
-0.000764
-0.000805
-0.000401
-0.000291
-0.000660
-0.000245
0.000462
0.000440
-0.000115
-0.000128
-0.000205
-0.000910
-0.000840
-0.000441
-0.000786
-0.001124
-0.000755
-0.000405
-0.000717
-0.000537
-0.000115
-0.000448
-0.000482
-0.000563
-0.000755
0.000107
0.000525
0.000862
0.000998
0.000828
0.000633
0.000843
0.000430
-0.000646
-0.000312
0.000382
0.000645
0.001047
0.000673
-0.000181
-0.000367
0.000125
0.000088
0.000082
0.000313
-0.000600
-0.000929
-0.000732
-0.000117
0.000232
-0.000150
-0.000728
-0.000442
0.000033
0.000351
0.000104
0.000065
-0.000030
-0.000169
0.000052
-0.000096
0.000251
0.000925
0.000557
-0.000504
-0.000528
-0.000331
-0.000434
-0.000810
-0.001174
-0.000818
-0.000873
-0.001031
-0.000187
0.000166
0.000029
0.000323
0.000530
0.000200
-0.000194
-0.000174
-0.000205
-0.001135
-0.000967
-0.000007
0.000359
0.000236
0.000168
0.000412
0.000683
0.000617
0.000139
0.000339
0.000108
-0.000008
0.000580
0.000291
-0.000706
-0.000607
-0.000206
-0.000775
-0.000880
-0.000190
0.000102
-0.000413
-0.001259
-0.000796
-0.000659
-0.001618
-0.001273
-0.000661
-0.000619
0.000054
0.000918
0.001514
0.001432
0.000298
0.000513
0.001074
0.000303
0.000179
-0.000060
-0.000092
0.000376
0.000111
0.000189
-0.000015
-0.000277
0.000060
0.000107
0.000368
0.000177
-0.000753
-0.000723
-0.000056
-0.000019
-0.000480
-0.000812
-0.000883
-0.000856
-0.000793
-0.000503
0.000242
0.001392
0.001446
0.000297
-0.000135
-0.000166
0.000022
0.000246
0.000333
0.000541
0.000474
-0.000582
-0.001701
-0.001329
-0.000621
-0.000949
-0.000856
-0.000452
-0.000462
0.000012
0.000068
0.000031
-0.000040
0.000095
0.000436
0.000148
0.000731
0.000805
0.000544
0.000331
-0.000771
-0.000596
0.000042
-0.000092
-0.000244
-0.000351
-0.000307
-0.000271
0.000752
0.001253
0.000324
0.000169
0.000833
0.000913
0.000667
0.000649
0.000308
0.000161
0.000235
-0.000102
-0.000764
-0.001227
-0.000618
0.000105
-0.000043
-0.000421
-0.000449
-0.000236
-0.000279
0.000050
0.000623
0.000170
0.000385
0.001185
0.001158
0.001354
0.001060
0.000902
0.000853
0.000531
0.000212
0.000070
0.000279
0.000254
-0.000471
-0.000774
-0.000557
-0.000379
0.000476
0.000844
0.000600
0.000080
-0.000424
0.000577
0.000719
-0.000486
-0.000746
-0.000310
-0.000707
-0.000528
-0.000417
0.000201
0.000153
0.000588
0.000817
0.000193
0.000237
0.000824
0.000816
0.000511
0.000428
-0.000200
-0.000266
-0.000521
-0.000618
-0.000323
-0.000807
-0.001119
-0.000299
-0.000425
-0.000597
-0.000631
-0.000912
-0.000648
-0.000345
-0.000896
-0.001174
-0.000877
-0.000272
-0.000040
0.000231
0.000314
0.000566
0.000811
0.001380
0.001539
0.000813
0.000604
0.000246
0.000048
0.000493
0.000469
-0.000043
-0.000152
-0.000209
-0.000449
-0.000481
-0.000369
-0.000354
-0.000809
-0.000562
0.000311
0.000810
0.001146
0.001049
0.000754
0.000717
0.000463
-0.000211
-0.000030
0.000488
-0.000085
-0.001054
-0.000656
-0.000407
-0.000916
-0.001136
-0.000089
0.000789
0.000053
0.000075
0.000818
0.000315
-0.000209
0.000262
0.000760
0.000446
-0.000233
0.000141
-0.000016
-0.001284
-0.001556
-0.000903
-0.000890
-0.001454
-0.001498
-0.000619
-0.000167
-0.000039
0.000186
-0.000078
-0.000157
0.000126
0.000447
0.000599
0.000174
-0.000116
0.000087
0.000199
0.000692
0.001664
0.001675
0.000693
-0.000076
0.000490
0.000361
0.000322
0.000558
-0.000511
-0.001361
-0.001159
-0.000772
-0.000631
-0.001078
-0.001002
-0.000481
0.000050
-0.000107
0.000139
0.000812
0.000583
0.000931
0.000901
-0.000155
-0.000668
-0.000539
0.000223
0.000144
-0.000232
-0.000393
-0.000605
-0.000505
-0.000463
-0.000305
-0.000163
-0.000505
-0.000430
0.000064
0.000127
-0.000391
-0.000704
-0.000025
0.000497
0.000150
-0.000323
-0.000177
-0.000055
0.000072
-0.000264
0.000400
0.000124
-0.000573
0.000181
-0.000467
-0.000748
-0.000496
-0.000585
-0.000784
-0.000919
-0.000907
-0.000486
0.000266
0.000510
-0.000017
-0.000139
0.000555
0.000593
0.000581
0.000511
0.000949
0.001026
0.000577
0.000387
-0.000052
0.000468
0.000738
-0.000407
-0.000123
0.000633
0.000543
0.000287
-0.000179
0.000073
0.000142
0.000436
0.000852
0.000732
0.000660
0.000715
0.000953
0.000983
0.000188
-0.000286
0.000371
0.001303
0.000916
0.000327
0.000720
0.000752
-0.000033
-0.000407
-0.000233
-0.000448
-0.000102
0.000212
-0.000122
-0.000651
-0.000195
0.000590
-0.000487
-0.001318
-0.000853
-0.000169
0.000235
0.000300
0.000482
0.000302
0.000112
-0.000214
-0.000116
0.000527
0.000298
0.000257
0.000260
0.000629
0.000922
0.001220
0.001377
0.001155
0.000734
0.000496
0.000093
-0.000764
-0.000767
-0.000478
-0.000476
-0.000873
-0.001696
-0.001547
-0.000650
-0.000432
-0.000502
-0.000891
-0.001488
-0.001216
-0.000286
-0.000049
-0.000199
0.000043
0.000895
0.000893
0.000286
-0.000016
0.000544
0.000757
0.000312
0.000820
0.001023
0.000257
0.000204
0.000128
-0.000384
-0.000347
0.000201
0.000329
-0.000045
-0.000260
-0.000266
0.000182
0.000031
-0.000153
0.000667
0.001151
0.000872
0.000904
0.000445
-0.000240
-0.000573
-0.001031
-0.000612
0.000457
0.000321
-0.000407
0.000103
0.000310
-0.000404
-0.000742
-0.000348
-0.000042
-0.000692
-0.000897
-0.000373
-0.000390
0.000047
-0.000023
0.000302
0.000235
-0.000134
0.000400
0.000522
-0.000253
-0.000656
-0.000671
-0.000058
0.000075
-0.000125
0.000034
0.000250
-0.000226
0.000269
0.000246
0.000279
0.000170
-0.000168
-0.000024
-0.000058
-0.000335
-0.000681
-0.000890
-0.000666
-0.000570
-0.000486
-0.000506
-0.000423
-0.000349
0.000294
0.000947
0.000855
0.000475
0.000467
0.000847
0.000739
0.000542
0.000056
-0.000691
-0.000642
-0.000655
-0.000862
-0.000729
-0.000632
-0.000726
-0.000679
0.000032
0.000101
-0.000357
-0.000129
0.000146
0.000643
0.000698
0.000898
0.001409
0.000648
-0.000036
0.000485
0.000287
-0.001112
-0.000829
-0.000198
-0.000955
-0.000815
-0.000013
-0.000174
-0.000599
0.000094
0.000936
0.000765
0.000569
0.000618
0.001151
0.001302
0.001446
0.000930
0.000263
-0.000378
-0.000603
0.000224
0.000588
0.000742
0.000084
-0.000084
0.001073
0.000516
-0.000251
0.000089
0.000396
0.000637
0.001175
0.001532
0.000414
-0.000458
-0.000100
-0.000324
-0.000379
-0.000640
-0.000791
-0.000823
-0.000692
-0.000629
-0.000499
-0.000739
-0.001009
-0.000232
0.000787
0.000710
0.000838
0.000591
0.000082
0.000383
0.000336
0.000298
0.000422
0.000154
-0.000131
-0.000086
-0.000293
-0.000471
-0.000041
-0.000507
-0.001073
-0.000760
-0.000471
-0.000185
0.000281
0.000227
0.000319
0.000408
0.000934
0.000887
0.000308
0.001087
0.001354
0.000900
0.000656
-0.000259
-0.000710
-0.000568
-0.001096
-0.001193
-0.001021
-0.000560
-0.000553
-0.000683
-0.000065
-0.000190
-0.000192
0.000319
0.000807
0.001109
0.001165
0.001179
0.001335
0.001084
0.000682
0.000284
-0.000112
0.000346
0.000188
0.000107
0.000123
-0.000501
-0.000246
0.000247
-0.000324
-0.000713
0.000102
0.000187
-0.000639
-0.000748
-0.000074
-0.000239
-0.000383
0.000938
0.001373
0.000816
0.000358
0.000648
0.001430
0.001270
0.000365
0.000006
0.000324
0.000312
0.000192
0.000469
0.000134
0.000127
0.001000
0.001298
0.000702
0.001052
0.001846
0.001552
0.001509
0.001704
0.001373
0.000753
0.000391
0.000771
0.000805
-0.000085
-0.000708
-0.001002
-0.000529
-0.001090
-0.001466
-0.001014
-0.000956
-0.001115
-0.000679
-0.000223
-0.000231
0.000236
0.000736
0.001595
0.001219
-0.000201
0.000030
0.000495
0.000346
0.000041
-0.000444
-0.000738
-0.000583
-0.000046
0.000336
0.000064
-0.000278
0.000406
0.000631
0.000692
0.001296
0.001510
0.000740
-0.000188
-0.000085
-0.000611
-0.001274
-0.001135
-0.000850
-0.000656
-0.000135
-0.000823
-0.000380
0.000070
-0.000292
0.000460
0.000732
0.000465
0.000613
0.000607
0.001302
0.001673
0.001440
0.001798
0.001338
0.000931
0.000967
0.000874
0.001214
0.001117
0.001344
0.001072
0.000212
0.000122
0.000551
0.000354
-0.000168
-0.000184
-0.000370
-0.000222
-0.000095
-0.000701
-0.000471
-0.000053
0.000064
0.000140
-0.000004
-0.000354
-0.000353
-0.000037
0.000007
-0.000062
0.000096
-0.000147
-0.000380
-0.000684
-0.000859
-0.000562
-0.000448
-0.000401
-0.000268
-0.000114
-0.000416
-0.000562
-0.000401
-0.000115
0.000453
0.001207
0.001088
0.000532
0.000754
0.000883
0.001356
0.001155
0.000429
0.001348
0.001161
-0.000504
-0.000927
-0.000106
0.001145
0.000969
0.000221
0.000242
0.000452
0.000343
0.001191
0.001512
0.001531
0.001053
0.000768
0.001201
0.000601
-0.000174
-0.000036
-0.000413
0.000006
0.000529
0.000391
-0.000074
-0.000146
-0.000025
-0.000448
-0.000739
-0.000573
-0.000068
-0.000536
-0.001473
-0.000692
-0.000097
-0.000223
0.000322
0.000948
0.000958
0.000688
0.000043
0.000706
0.000657
0.000033
0.000190
-0.000444
-0.001450
-0.001382
-0.000613
-0.000285
-0.000862
-0.000891
-0.000792
0.000198
0.000373
0.000016
0.000698
0.000541
0.000543
0.001239
0.001414
0.001317
0.000914
0.000518
0.000234
-0.000048
-0.000103
0.000504
0.001168
0.000271
-0.000310
0.000676
0.000836
-0.000322
-0.000265
0.000433
0.000324
-0.000406
-0.000985
-0.000219
0.000298
0.000015
0.000522
0.000683
0.000241
0.000363
0.001166
0.001461
0.000762
0.001075
0.000810
0.000313
0.000589
0.000428
0.000286
0.000654
0.001145
0.000379
-0.000226
0.000067
0.000131
0.000075
-0.000096
-0.000243
0.000021
-0.000034
-0.000743
-0.000475
-0.000299
-0.000696
-0.001370
-0.000887
0.000736
0.000300
-0.000248
0.000596
0.001017
0.000092
-0.000361
-0.000402
-0.001101
-0.000789
-0.000315
-0.000451
-0.000276
-0.000054
0.000914
0.001093
0.000675
0.001019
0.001442
0.001045
-0.000533
-0.000672
-0.000555
-0.001118
-0.000629
-0.000159
-0.000209
0.000677
0.001504
0.000698
-0.000449
-0.000437
-0.000252
-0.000228
-0.000311
0.000269
0.000164
-0.000065
0.000127
-0.000084
0.000129
-0.000241
-0.000616
-0.000087
0.000451
0.000328
0.000259
0.000456
0.000359
-0.000506
-0.000726
0.000010
0.000215
-0.000175
-0.000294
-0.000077
0.000211
0.000320
-0.000567
-0.000586
-0.000400
-0.000498
0.000118
0.000758
0.000566
0.000776
0.001326
0.001284
0.001436
0.000572
0.000499
0.001228
0.000892
0.001000
0.001048
0.000902
0.000730
0.000275
0.000463
0.000878
0.000086
-0.000307
0.000137
0.000781
0.000656
0.000293
0.000403
0.000475
-0.000296
-0.000789
-0.000413
0.000238
0.000291
0.000344
0.000651
-0.000196
-0.001072
-0.000818
-0.000452
-0.000714
0.000006
0.000679
0.000531
0.000116
0.000037
0.000170
0.000368
0.000171
-0.000372
-0.000411
-0.000242
-0.000094
0.000240
-0.000311
0.000146
0.001108
0.000165
-0.000565
-0.000382
-0.000236
0.000522
0.000308
-0.000145
0.000713
0.001467
0.001596
0.001034
0.000806
0.000774
0.001174
0.001057
0.000892
0.001129
0.000909
0.001152
0.000627
0.000211
0.000206
0.000035
0.000006
0.000072
0.000434
-0.000608
-0.001152
-0.000281
0.000001
-0.000092
-0.000101
0.000627
0.000655
-0.000023
-0.000613
-0.000681
-0.000222
-0.000430
-0.000837
-0.000285
0.000702
0.000920
0.000782
0.000615
0.000342
0.000226
0.000262
0.000386
0.000115
0.000323
-0.000012
-0.000535
-0.000209
0.000228
-0.000204
-0.000842
-0.001086
-0.000589
-0.000046
-0.000581
-0.000339
0.000609
0.000337
0.000020
0.000203
0.000600
0.000781
0.000599
0.000411
0.000123
0.000501
0.000740
0.000863
0.000836
0.000091
-0.000452
-0.000189
-0.000485
-0.000275
0.000499
0.000210
-0.000530
-0.000328
-0.000045
-0.000003
0.000332
0.000990
0.001190
0.000446
-0.000220
0.000593
0.001442
0.001418
0.000619
0.000331
0.000622
-0.000384
-0.000748
0.000153
0.000169
-0.000588
-0.000673
-0.000152
-0.000040
-0.000074
-0.000859
-0.001409
-0.000550
0.000018
0.000256
0.000372
0.000514
0.000607
-0.000051
0.000244
0.000729
0.000381
0.000441
-0.000074
-0.000825
-0.000910
-0.000637
-0.000947
-0.000999
0.000018
0.000139
0.000021
0.000818
0.001414
0.001305
0.000987
0.001087
0.001288
0.000717
-0.000096
0.000287
0.001116
0.001074
0.000895
0.000600
0.000050
-0.000063
0.000015
-0.000213
-0.000748
-0.000692
-0.000261
0.000300
0.000172
0.000166
0.000477
0.000324
0.000509
0.000555
0.001512
0.001070
0.000268
0.000363
0.000254
0.000441
0.000260
0.000308
0.000575
-0.000300
-0.000869
-0.000710
-0.000843
-0.000776
-0.000702
-0.000229
0.000184
0.000726
0.000754
0.000568
0.000579
0.000202
0.000120
-0.000509
-0.000958
-0.000712
-0.000628
-0.000622
-0.000108
0.000324
-0.000299
-0.000456
-0.000344
-0.000496
0.000641
0.001365
0.000814
0.000582
0.000401
0.000517
-0.000019
-0.000588
-0.000091
0.000328
-0.000021
-0.000047
0.000362
0.000490
0.000865
0.000646
0.000446
-0.000155
-0.000713
-0.000174
0.000104
0.000467
0.000889
0.000723
0.000270
0.000183
0.000245
-0.000397
-0.000710
0.000179
0.000446
0.000546
0.000359
0.000794
0.001001
-0.000075
-0.000342
-0.000043
0.000276
0.000926
0.001479
0.001360
0.000568
0.000330
0.000210
-0.000018
-0.000524
-0.000460
-0.000099
-0.000714
-0.001011
-0.000356
-0.000192
-0.000939
-0.000932
-0.000320
-0.000183
-0.000141
0.000169
0.000631
0.001171
0.001227
0.000778
0.000937
0.000810
0.000304
0.000560
0.000216
-0.000417
0.000027
0.000265
-0.000682
-0.001457
-0.001387
-0.000736
-0.000113
0.000093
0.000632
0.001207
0.001026
0.000919
0.001005
0.001544
0.001659
0.001702
0.001092
-0.000206
-0.000245
0.000188
0.000168
-0.000321
-0.000498
-0.000280
-0.000247
-0.000304
-0.000790
-0.000791
-0.000273
0.000396
0.001055
0.001145
0.001349
0.001294
0.000911
0.001164
0.000993
0.000436
0.000173
-0.000504
-0.001297
-0.000833
0.000020
-0.000113
-0.000693
-0.000724
0.000035
0.000216
0.000132
0.000327
0.000348
0.000393
0.000266
0.000574
0.000894
0.000629
0.001074
0.001244
0.000709
-0.000119
0.000222
0.000453
-0.000289
-0.000567
-0.000442
0.000169
0.000281
0.000250
0.000533
0.000611
-0.000178
-0.000661
-0.000332
-0.000743
-0.000564
0.000207
0.000152
-0.000301
-0.000388
-0.000144
-0.000010
-0.000312
-0.000503
-0.000502
-0.000239
0.000181
0.000429
0.000911
0.001087
0.000798
0.001558
0.002083
0.001213
0.001044
0.001254
0.001189
0.000592
0.000038
-0.000263
-0.000967
-0.001250
-0.000696
-0.001410
-0.002276
-0.001392
-0.000915
-0.000993
-0.000783
-0.000308
0.000245
0.000565
-0.000181
0.000600
0.001503
0.001267
0.001223
0.000709
0.000521
0.000699
0.000917
0.001597
0.001115
-0.000142
0.000234
0.000185
-0.000304
-0.000254
-0.000380
-0.000452
-0.000628
-0.000882
-0.000715
-0.000548
-0.000210
0.000296
0.000752
0.000609
0.000284
0.000376
0.000322
-0.000319
-0.000199
0.000244
-0.000317
-0.001346
-0.000848
0.000107
-0.000304
-0.000795
0.000267
0.000976
0.000300
0.000293
0.000398
0.000115
-0.000526
-0.000153
0.000634
0.000586
0.000154
0.000273
0.000345
-0.000199
-0.000175
-0.000350
-0.000199
0.000129
-0.000775
-0.000900
-0.000065
-0.000338
-0.000579
-0.000100
0.000289
0.000245
0.001049
0.001673
0.001601
0.001754
0.000823
-0.000270
-0.000150
-0.000250
-0.000451
-0.000191
0.000144
0.000418
0.000699
0.000413
0.000150
0.000634
0.000792
0.000768
0.000362
0.000298
0.000440
-0.000868
-0.000915
-0.000074
-0.000438
-0.000871
-0.000811
-0.000759
-0.000962
-0.001296
-0.001490
-0.000902
-0.000570
-0.000939
-0.000284
0.000141
-0.000656
0.000108
0.001494
0.001389
0.000886
0.000906
0.001046
0.000779
0.000290
0.000079
0.000280
-0.000028
-0.000296
0.000077
0.000515
0.000464
0.000253
0.000394
-0.000137
-0.000750
-0.000135
0.000196
0.000254
0.000456
0.000526
0.000832
0.000251
-0.000713
-0.000865
-0.000697
-0.000678
-0.000478
-0.000225
-0.000867
-0.001128
-0.000364
-0.000074
0.000440
0.001057
0.000743
0.000376
0.000804
0.001448
0.001367
0.000137
-0.000553
-0.000090
0.000382
0.000502
0.000184
-0.000247
0.000024
0.000796
0.000756
0.000793
0.001107
-0.000149
0.000127
0.000848
0.000393
0.001026
0.001149
0.000532
0.000895
0.000640
-0.000172
-0.000457
-0.000759
-0.001165
-0.001020
-0.000575
-0.000333
0.000192
0.000676
0.001113
0.000754
0.000445
0.000999
0.001076
0.001795
0.002382
0.001198
0.000530
0.000943
0.000704
0.000439
0.000244
-0.000228
-0.000520
-0.000324
-0.000973
-0.001140
-0.000389
-0.000620
-0.000683
-0.000750
-0.000277
0.000683
0.000891
0.000204
-0.000112
-0.000151
0.000389
0.000601
-0.000073
0.000455
0.001252
0.000164
-0.000560
0.000061
0.000088
-0.000192
-0.000738
-0.000623
0.000029
0.000142
-0.000170
0.000260
0.000551
0.000879
0.001090
0.000631
0.000674
0.001372
0.001022
0.000332
0.000039
-0.000242
-0.000898
-0.000927
-0.000806
-0.001305
-0.000399
0.000042
0.000262
0.000476
0.000515
0.000976
0.000338
0.000261
0.000219
0.000218
-0.000110
-0.001391
-0.001744
-0.000920
-0.000737
-0.001211
-0.001226
-0.001156
-0.000459
0.000496
0.000691
0.000914
0.000656
0.000559
0.001005
0.000941
0.001524
0.002372
0.001934
0.001243
0.000742
-0.000036
-0.000865
-0.000968
-0.001215
-0.001718
-0.001468
-0.000998
-0.001473
-0.001874
-0.001582
-0.000949
-0.000403
-0.000276
0.000472
0.000913
0.000764
0.001069
0.002149
0.002505
0.001993
0.002165
0.001538
0.000494
0.000497
0.000756
0.000251
-0.000120
-0.000255
-0.000398
-0.000565
-0.000127
0.000053
0.000092
-0.000092
-0.000483
0.000035
0.000061
-0.000482
-0.000244
0.000195
0.000290
0.000283
-0.000039
-0.000593
-0.000626
-0.000911
-0.001506
-0.000805
-0.000094
-0.000212
0.000756
0.001901
0.000632
-0.000670
-0.000169
-0.000250
-0.000723
-0.000333
0.000211
0.000925
0.000941
0.000108
-0.000337
-0.000195
-0.000070
0.000311
0.000191
-0.001094
-0.001710
-0.000974
-0.000151
0.000241
-0.000186
-0.000007
0.000935
0.000491
-0.000175
-0.000647
-0.001405
-0.001646
-0.000529
0.000753
0.001033
0.001415
0.000835
0.000409
0.000830
0.000829
-0.000252
-0.000615
-0.000725
-0.001216
-0.001172
-0.000183
0.000505
0.000793
0.001063
0.000047
-0.000467
-0.000324
-0.000436
-0.000490
0.000100
0.000574
0.001387
0.001643
0.000666
-0.000376
-0.000774
0.000376
0.001102
-0.000280
-0.001120
-0.000565
-0.000062
-0.000436
0.000184
0.000882
0.000305
-0.000375
-0.001228
-0.000974
-0.000446
0.000528
0.001423
0.000530
-0.001093
-0.001224
0.000261
0.001248
0.001266
0.000952
0.000558
0.000091
-0.000498
-0.000522
0.000680
0.001057
0.000113
-0.000785
-0.001327
-0.000621
0.000383
0.000275
0.000078
0.000094
0.000286
0.000944
0.001150
0.000453
-0.000831
-0.000999
-0.001024
-0.000197
0.000658
0.000911
0.000934
0.000417
0.000187
0.000085
-0.000443
-0.000596
-0.000024
0.000182
0.000132
0.000982
0.001828
0.001625
0.000455
-0.000377
-0.000853
-0.001129
-0.000212
0.001777
0.003012
0.002378
0.000357
-0.001494
-0.002342
-0.002212
-0.001828
-0.001753
-0.001668
-0.001876
-0.001726
-0.000959
-0.000306
0.000454
0.001014
0.001421
0.001588
0.000381
-0.000338
-0.000410
-0.000257
0.000507
0.000909
0.000527
0.000228
0.000567
0.000970
-0.000015
-0.001096
-0.001023
-0.000256
-0.000107
0.000290
0.000811
0.000227
0.000007
-0.000265
-0.000318
-0.000776
-0.000184
0.000439
0.001077
0.001830
0.000819
-0.000142
-0.000303
-0.000598
-0.000454
-0.000525
-0.001251
-0.000979
-0.000532
-0.000476
-0.000762
-0.000540
0.000979
0.001307
0.001177
0.001641
0.001265
0.000933
0.000795
0.000882
0.000101
-0.000684
-0.000548
-0.000368
-0.000026
-0.000885
-0.005357
-0.009236
-0.008831
-0.001751
0.010793
0.018014
0.017258
0.007025
-0.007433
-0.017805
-0.022163
-0.018559
-0.007400
0.007029
0.017654
0.021277
0.018294
0.009960
-0.000784
-0.013010
-0.020497
-0.019308
-0.010895
0.000198
0.008502
0.012621
0.011356
0.005988
-0.001365
-0.007642
-0.010614
-0.007443
0.000077
0.005121
0.005308
0.003011
0.000864
0.003017
0.006284
0.006822
0.005047
0.000605
-0.005722
-0.010820
-0.013457
-0.012389
-0.008088
-0.001558
0.005209
0.012617
0.017829
0.017210
0.010466
-0.001736
-0.010713
-0.012563
-0.008166
-0.000945
0.002464
0.001683
-0.001445
-0.004189
-0.008429
-0.013054
-0.013664
-0.011700
-0.005220
0.005234
0.015795
0.023306
0.025832
0.023641
0.016990
0.008215
0.000782
-0.007424
-0.018080
-0.025814
-0.027479
-0.024926
-0.018444
-0.008889
0.001774
0.009682
0.015088
0.017215
0.014973
0.008216
0.000941
-0.004031
-0.004143
0.001447
0.009951
0.017900
0.025208
0.028141
0.023018
0.007998
-0.011173
-0.030587
-0.045039
-0.052156
-0.051248
-0.041596
-0.024012
-0.000660
0.020854
0.035809
0.045773
0.049719
0.046895
0.036827
0.023584
0.008971
-0.009636
-0.029462
-0.042284
-0.044649
-0.038279
-0.021544
0.000913
0.021336
0.030238
0.024785
0.006345
-0.014330
-0.031723
-0.040132
-0.036139
-0.017444
0.007306
0.030047
0.047576
0.057745
0.058225
0.047344
0.024973
-0.002585
-0.026729
-0.043661
-0.052372
-0.052677
-0.045524
-0.030871
-0.013038
0.002479
0.012815
0.017877
0.018336
0.014572
0.010616
0.011023
0.015827
0.021177
0.022286
0.018534
0.012849
0.009853
0.007911
0.003057
-0.008230
-0.022715
-0.035439
-0.040910
-0.039141
-0.031907
-0.022774
-0.012701
-0.000296
0.012017
0.021359
0.027997
0.032340
0.034408
0.034932
0.033385
0.027113
0.015346
-0.000608
-0.017892
-0.033274
-0.044767
-0.048013
-0.041627
-0.028897
-0.016775
-0.004428
0.011468
0.027354
0.039626
0.044878
0.043980
0.035316
0.021393
0.004605
-0.013471
-0.027774
-0.036112
-0.038492
-0.034421
-0.025653
-0.016700
-0.007510
-0.002015
-0.000378
0.001164
0.006120
0.015468
0.027454
0.037212
0.040086
0.036323
0.023933
0.006590
-0.010809
-0.025714
-0.037015
-0.041832
-0.037690
-0.022416
-0.004680
0.008773
0.014537
0.015495
0.015813
0.014200
0.010919
0.007162
0.001576
-0.003943
-0.005762
-0.002846
0.003264
0.008740
0.010642
0.007543
0.000808
-0.005099
-0.009527
-0.014958
-0.018517
-0.017990
-0.013845
-0.006124
0.004097
0.014624
0.020275
0.020506
0.013391
-0.000256
-0.014896
-0.023968
-0.024740
-0.016182
-0.000963
0.012147
0.019595
0.021688
0.018511
0.011788
0.005392
-0.000542
-0.005926
-0.007917
-0.006332
-0.002053
0.001001
-0.001630
-0.009074
-0.016403
-0.018861
-0.017194
-0.011326
-0.002969
0.004274
0.010557
0.014115
0.013444
0.010393
0.007053
0.004949
0.004382
0.005062
0.004544
0.002002
-0.002021
-0.006127
-0.008993
-0.009169
-0.006460
-0.000822
0.005327
0.010278
0.012551
0.010779
0.005419
-0.000972
-0.007270
-0.012051
-0.014918
-0.016949
-0.017116
-0.013217
-0.007250
-0.002049
0.003644
0.009299
0.016375
0.024380
0.028824
0.026638
0.019117
0.009014
-0.000724
-0.009445
-0.015991
-0.017611
-0.015902
-0.014241
-0.014183
-0.015310
-0.017012
-0.017451
-0.013756
-0.003530
0.009236
0.020935
0.028086
0.029796
0.026262
0.017500
0.006653
-0.003726
-0.012245
-0.016221
-0.016398
-0.014218
-0.009418
-0.004152
0.000929
0.003709
0.003190
0.001201
-0.002933
-0.006769
-0.006359
-0.003129
0.001410
0.005733
0.008534
0.009226
0.007332
0.003104
-0.000122
-0.000919
0.000427
0.002794
0.003927
0.003224
0.000519
-0.005011
-0.012388
-0.017746
-0.019241
-0.016818
-0.009684
-0.000590
0.007486
0.014176
0.021348
0.026286
0.027006
0.023440
0.014778
0.003646
-0.009281
-0.021697
-0.031124
-0.033747
-0.029837
-0.019409
-0.007302
0.003209
0.010367
0.014638
0.015802
0.015180
0.014363
0.013496
0.011317
0.009128
0.007217
0.003702
-0.001012
-0.004843
-0.008884
-0.012944
-0.016298
-0.016903
-0.015070
-0.012552
-0.008112
-0.001270
0.004941
0.008923
0.011639
0.013934
0.014610
0.014524
0.013896
0.012245
0.007257
-0.000343
-0.006985
-0.012962
-0.016577
-0.017064
-0.015679
-0.013070
-0.008824
-0.003581
0.000385
0.002300
0.005113
0.008126
0.009208
0.010054
0.010723
0.011268
0.011465
0.010977
0.008830
0.004758
-0.000991
-0.007818
-0.013098
-0.016376
-0.019373
-0.020744
-0.019477
-0.014625
-0.007632
0.000807
0.009781
0.017549
0.023572
0.026922
0.026714
0.022220
0.014765
0.006525
-0.003679
-0.013920
-0.020356
-0.023639
-0.026290
-0.028289
-0.027321
-0.021513
-0.012508
-0.001467
0.009781
0.019448
0.027160
0.030204
0.029575
0.025851
0.018088
0.010494
0.004903
-0.000484
-0.004592
-0.008719
-0.014665
-0.022210
-0.028488
-0.029594
-0.026009
-0.017156
-0.004788
0.008530
0.020471
0.026956
0.027999
0.024880
0.017316
0.007708
-0.001847
-0.009688
-0.015614
-0.017681
-0.015501
-0.010698
-0.006308
-0.001958
0.002663
0.007191
0.011516
0.013668
0.013579
0.010590
0.006686
0.001681
-0.003691
-0.008431
-0.012411
-0.015897
-0.018359
-0.018098
-0.013229
-0.005762
0.002499
0.010541
0.016918
0.020187
0.020027
0.016454
0.011477
0.006052
-0.001027
-0.007329
-0.011301
-0.013326
-0.012491
-0.009264
-0.005110
-0.001331
0.000902
0.001089
0.001159
-0.000080
-0.001487
-0.001724
0.000072
0.003687
0.006985
0.010011
0.010985
0.009274
0.006061
0.001073
-0.004614
-0.009510
-0.013649
-0.015158
-0.014067
-0.009574
-0.003896
0.000163
0.002776
0.006041
0.010104
0.013082
0.015364
0.016937
0.017097
0.014257
0.008233
-0.000105
-0.008914
-0.016712
-0.021972
-0.023762
-0.022419
-0.018381
-0.012825
-0.006515
0.000713
0.007647
0.012723
0.015847
0.017721
0.018135
0.015981
0.010836
0.004290
-0.001065
-0.005123
-0.007723
-0.007480
-0.005431
-0.002353
0.001604
0.004367
0.005005
0.003883
0.001031
-0.002755
-0.007077
-0.010650
-0.012789
-0.013599
-0.012751
-0.010061
-0.005278
0.002270
0.011192
0.018316
0.021429
0.021391
0.018180
0.010841
0.003239
-0.003184
-0.008598
-0.011356
-0.011275
-0.009439
-0.007677
-0.006848
-0.004861
-0.002884
-0.001355
0.001398
0.004313
0.006124
0.007112
0.006264
0.003369
-0.000384
-0.003185
-0.004301
-0.002855
0.000819
0.004933
0.006792
0.006674
0.004337
-0.000061
-0.005311
-0.010650
-0.013756
-0.013876
-0.012353
-0.009254
-0.004674
0.001586
0.007547
0.011775
0.014763
0.015750
0.014170
0.010729
0.006036
-0.000672
-0.006996
-0.011421
-0.013790
-0.014436
-0.013937
-0.010202
-0.003886
0.002775
0.008356
0.012036
0.014073
0.014570
0.013154
0.009069
0.002522
-0.005555
-0.012314
-0.016481
-0.017676
-0.015754
-0.010448
-0.002409
0.005879
0.014041
0.020223
0.021515
0.018281
0.010964
0.002548
-0.007279
-0.015226
-0.018730
-0.018720
-0.016484
-0.011780
-0.004981
0.001598
0.006735
0.009967
0.010969
0.011026
0.010664
0.009858
0.008632
0.005910
0.002091
-0.001459
-0.005314
-0.009126
-0.012324
-0.013694
-0.012916
-0.010329
-0.007654
-0.003990
0.000278
0.002199
0.004035
0.006619
0.008319
0.010624
0.012894
0.013073
0.010379
0.005283
0.000240
-0.005129
-0.009272
-0.012113
-0.014230
-0.014392
-0.011989
-0.008299
-0.003975
-0.000071
0.003236
0.007462
0.010967
0.012957
0.013302
0.011894
0.008643
0.004730
-0.000176
-0.005287
-0.008941
-0.010492
-0.010453
-0.010006
-0.008177
-0.004722
-0.001684
0.000569
0.002361
0.003531
0.004973
0.006655
0.007051
0.007195
0.006320
0.005441
0.004088
0.001589
-0.000749
-0.003617
-0.006580
-0.008317
-0.008737
-0.008404
-0.006056
-0.004398
-0.003050
-0.001436
-0.000119
0.000351
0.000144
0.001036
0.003629
0.005957
0.008221
0.010393
0.010712
0.008372
0.003764
-0.000988
-0.005700
-0.009969
-0.012268
-0.012449
-0.010844
-0.008495
-0.005276
-0.001987
0.001876
0.005182
0.007428
0.009707
0.010660
0.010476
0.009378
0.006360
0.001798
-0.003996
-0.008174
-0.010203
-0.010429
-0.009176
-0.006605
-0.003944
-0.002022
0.000747
0.003164
0.003675
0.004131
0.004893
0.004806
0.004658
0.003723
0.002293
0.000077
-0.002224
-0.003705
-0.004941
-0.005257
-0.003375
-0.000807
0.001769
0.003092
0.004704
0.005555
0.003608
0.000458
-0.002068
-0.005010
-0.006547
-0.006654
-0.004987
-0.002869
-0.000463
0.002881
0.005799
0.007000
0.006947
0.005431
0.002928
-0.000330
-0.003190
-0.004413
-0.003926
-0.003710
-0.003199
-0.000640
0.001959
0.002301
0.001761
0.001040
-0.000505
-0.002210
-0.003179
-0.002862
-0.002297
0.000117
0.002741
0.003807
0.004478
0.004418
0.004178
0.003521
0.001604
-0.000084
-0.001519
-0.003702
-0.004880
-0.004404
-0.002860
-0.001402
-0.000079
0.000618
0.000755
0.000434
-0.000118
0.000042
0.000347
0.000829
0.001159
0.002423
0.003174
0.003225
0.001609
-0.001406
-0.004525
-0.007203
-0.008993
-0.007897
-0.004567
0.000633
0.005639
0.008782
0.009774
0.009223
0.005940
0.002015
-0.002373
-0.005483
-0.006011
-0.005324
-0.004684
-0.003748
-0.002759
-0.002346
-0.002620
-0.003482
-0.002800
-0.000957
0.000898
0.003603
0.006486
0.008144
0.008536
0.007063
0.003876
0.000757
-0.001987
-0.005125
-0.007476
-0.007567
-0.007450
-0.006901
-0.005420
-0.003399
-0.001384
0.000987
0.003596
0.006889
0.009147
0.010179
0.010291
0.008954
0.006012
0.001694
-0.002908
-0.007157
-0.010605
-0.011879
-0.011454
-0.009613
-0.006575
-0.002628
0.000990
0.003728
0.005692
0.007740
0.008896
0.009170
0.008693
0.006139
0.003322
0.001293
-0.000967
-0.002950
-0.003769
-0.005047
-0.006869
-0.007155
-0.007342
-0.006842
-0.005496
-0.003971
-0.001277
0.002097
0.005727
0.008489
0.009586
0.009790
0.009702
0.008421
0.005078
0.001572
-0.001478
-0.004876
-0.008231
-0.010643
-0.010992
-0.010121
-0.008520
-0.005261
-0.001253
0.002798
0.007006
0.010154
0.011240
0.011285
0.009274
0.004495
-0.000015
-0.003892
-0.007703
-0.010147
-0.010309
-0.009689
-0.008013
-0.005276
-0.002239
0.000023
0.001892
0.004371
0.006168
0.006799
0.007036
0.006784
0.005647
0.003699
0.000958
-0.001291
-0.003060
-0.004124
-0.004538
-0.005303
-0.004979
-0.003650
-0.002415
-0.000927
0.000170
0.001751
0.003648
0.003872
0.003850
0.003547
0.001465
-0.000255
-0.001671
-0.003851
-0.003809
-0.002310
-0.001934
-0.000160
0.002398
0.003473
0.004196
0.004623
0.004500
0.002826
0.000416
-0.000321
-0.001396
-0.003660
-0.004443
-0.003816
-0.003629
-0.003654
-0.002228
0.000626
0.002385
0.003265
0.004070
0.003789
0.002395
-0.000329
-0.001997
-0.002390
-0.002276
-0.001117
-0.000116
0.002069
0.003386
0.003296
0.002863
0.001454
0.000216
-0.002255
-0.003368
-0.003275
-0.002830
-0.001057
0.000429
0.001669
0.001800
0.002364
0.002872
0.002394
0.001052
0.000853
0.000149
-0.001292
-0.002352
-0.003198
-0.003508
-0.002988
-0.002125
-0.000542
0.000530
0.001542
0.003070
0.005254
0.006529
0.006225
0.005617
0.004170
0.001789
-0.001219
-0.004453
-0.007923
-0.009434
-0.008700
-0.006735
-0.004268
-0.001218
0.002156
0.004803
0.005910
0.004597
0.003614
0.003138
0.002085
0.001227
0.000001
-0.001394
-0.001390
-0.001831
-0.002364
-0.002272
-0.002212
-0.000766
0.000229
0.000253
0.000744
0.001500
0.001318
0.000570
0.000044
-0.000200
0.000042
0.000424
0.001880
0.002926
0.002969
0.003300
0.003130
0.001397
-0.000226
-0.001359
-0.003167
-0.004439
-0.004853
-0.004394
-0.003333
-0.002684
-0.001382
0.000134
0.001394
0.002783
0.003571
0.003427
0.002704
0.002296
0.002177
0.000858
0.000226
0.000360
-0.000185
-0.001252
-0.001837
-0.001721
-0.001907
-0.002197
-0.002206
-0.001882
-0.001163
-0.000254
0.000256
0.001336
0.002620
0.002613
0.002663
0.003216
0.002955
0.002222
0.000988
0.000555
-0.000247
-0.001217
-0.001511
-0.001800
-0.001177
-0.001289
-0.001766
-0.001406
-0.000520
0.000843
0.002023
0.001777
0.001206
0.001488
0.001402
0.001118
0.000181
-0.000874
-0.000936
-0.001492
-0.002101
-0.001591
-0.001187
-0.001383
-0.000679
0.000055
0.000121
0.000741
0.001265
0.000667
0.000254
-0.000201
0.000131
0.001231
0.001862
0.002784
0.003294
0.002194
0.000856
-0.000495
-0.002072
-0.003663
-0.004936
-0.005053
-0.004838
-0.003754
-0.001523
0.000367
0.001996
0.002655
0.002804
0.003584
0.003576
0.002079
0.001765
0.001742
0.000660
-0.000727
-0.001322
-0.002234
-0.003041
-0.003100
-0.002241
-0.001546
-0.000889
0.000325
0.001145
0.001548
0.001618
0.002115
0.002141
0.001865
0.001056
0.000274
0.000096
-0.000226
-0.000983
-0.001577
-0.001621
-0.001254
-0.000638
-0.000824
-0.000950
-0.000400
0.000160
0.001132
0.002200
0.002769
0.002519
0.001642
0.001152
0.001173
0.000354
-0.001127
-0.002026
-0.001907
-0.001228
-0.000984
-0.001061
-0.000373
0.000050
-0.000916
-0.000204
-0.000443
-0.001785
-0.001764
-0.001634
-0.001615
-0.002060
-0.001192
0.000964
0.002153
0.003375
0.004364
0.004495
0.003192
0.000779
-0.001177
-0.002595
-0.003347
-0.003710
-0.003830
-0.003008
-0.001360
0.000629
0.002366
0.003014
0.003278
0.003259
0.002659
0.000837
-0.000341
-0.000989
-0.001798
-0.001983
-0.002263
-0.001250
-0.000263
-0.000588
-0.000263
0.000020
-0.000154
-0.000520
-0.000336
-0.000275
-0.000327
0.000342
0.001549
0.002164
0.002236
0.001729
0.000338
-0.000910
-0.001713
-0.001686
-0.001673
-0.001848
-0.001366
-0.000074
0.000631
0.001457
0.002610
0.002617
0.001611
0.000818
0.000053
-0.000598
-0.000900
-0.001062
-0.000332
0.000697
0.001369
0.001671
0.001987
0.002203
0.001795
0.001225
0.000680
-0.000429
-0.002653
-0.003655
-0.004473
-0.005845
-0.005497
-0.003301
-0.001669
0.000146
0.001740
0.003905
0.005991
0.005887
0.005624
0.005418
0.004072
0.001695
-0.000014
-0.001226
-0.003601
-0.005102
-0.004785
-0.004591
-0.003495
-0.002643
-0.001778
-0.000194
0.000730
0.001805
0.002768
0.003591
0.004346
0.003420
0.002812
0.002383
0.001261
-0.000337
-0.002367
-0.004186
-0.004829
-0.004958
-0.003737
-0.002273
-0.000848
0.000123
0.001090
0.001643
0.001890
0.002053
0.001839
0.001925
0.002049
0.002049
0.003119
0.003256
0.002390
0.001304
0.000069
-0.000527
-0.001990
-0.002993
-0.002946
-0.002886
-0.002361
-0.001672
-0.000990
-0.000238
0.000935
0.001738
0.002399
0.002682
0.002039
0.001018
0.000252
-0.001007
-0.001687
-0.001456
-0.001465
-0.001612
-0.001191
0.000559
0.002121
0.001903
0.002277
0.002187
0.001240
0.001431
0.001393
0.000482
-0.001093
-0.002925
-0.003172
-0.003156
-0.003062
-0.002466
-0.001424
-0.000748
-0.000186
0.000877
0.002029
0.002342
0.002241
0.002955
0.003225
0.001796
0.000159
-0.000648
-0.000833
-0.001743
-0.002359
-0.002329
-0.001464
-0.000588
-0.000630
0.000104
0.000430
-0.000016
0.000174
0.000702
0.001510
0.001290
0.001458
0.002336
0.001391
0.000725
0.000250
-0.000760
-0.001847
-0.002271
-0.002561
-0.003177
-0.002702
-0.001377
-0.000494
0.000455
0.001472
0.002166
0.002054
0.001192
0.001360
0.002193
0.002381
0.002420
0.002537
0.002480
0.001379
-0.001005
-0.002721
-0.002812
-0.003417
-0.004619
-0.004309
-0.003342
-0.002412
-0.001721
0.000445
0.002257
0.002869
0.004735
0.006423
0.005586
0.003797
0.003097
0.001932
0.000631
-0.000539
-0.002487
-0.004081
-0.004101
-0.003529
-0.003231
-0.002994
-0.002876
-0.002366
-0.000584
0.000778
0.001166
0.002289
0.003605
0.003871
0.003738
0.002950
0.001953
0.001235
0.000304
-0.001468
-0.003682
-0.004183
-0.003898
-0.004004
-0.003671
-0.001806
-0.000145
0.000532
0.002096
0.003720
0.003994
0.003813
0.003155
0.001737
0.000724
-0.000554
-0.001745
-0.002280
-0.003660
-0.004127
-0.003171
-0.002637
-0.002453
-0.001465
-0.000060
0.000530
0.000975
0.001552
0.002438
0.002804
0.002316
0.002422
0.002747
0.002131
0.000609
-0.000620
-0.001744
-0.003287
-0.004560
-0.004542
-0.004588
-0.004465
-0.003265
-0.001297
0.000838
0.001835
0.002953
0.003788
0.003515
0.002745
0.002601
0.002667
0.001715
0.000190
-0.000752
-0.001523
-0.001785
-0.002049
-0.002754
-0.002874
-0.002343
-0.001400
-0.000019
0.001461
0.002623
0.003936
0.004357
0.003954
0.003157
0.001386
-0.000296
-0.001195
-0.001889
-0.002321
-0.003421
-0.004002
-0.002497
-0.001142
-0.000124
0.001638
0.002213
0.001987
0.001424
0.001247
0.001302
0.000501
-0.000276
-0.000609
-0.000207
0.000160
-0.000403
-0.000207
-0.000441
-0.001033
-0.001568
-0.001679
-0.001471
-0.001044
-0.000520
-0.000525
0.000104
0.000272
-0.000401
-0.000140
0.000086
0.000670
0.001478
0.001206
0.000808
0.000510
-0.000195
-0.000885
-0.000994
-0.001349
-0.001685
-0.001582
-0.001691
-0.002060
-0.001565
-0.000460
0.000414
0.001586
0.002304
0.003091
0.003270
0.002609
0.001815
-0.000024
-0.001842
-0.002348
-0.003072
-0.004321
-0.004427
-0.003180
-0.001183
0.000858
0.002663
0.003224
0.002867
0.002616
0.002531
0.000783
0.000163
0.000522
-0.000211
-0.000608
-0.000353
-0.000121
-0.000165
-0.000255
0.000166
0.000010
-0.000105
0.000754
0.001024
0.000610
0.000808
0.000966
0.000820
0.000574
-0.000151
-0.001182
-0.001721
-0.001935
-0.001476
-0.000496
0.000257
0.000442
0.000773
0.000885
0.000046
-0.000328
-0.000333
-0.000290
0.000442
0.000613
-0.000173
0.000393
0.000775
0.000436
0.000684
-0.000167
-0.001576
-0.001028
-0.000720
-0.001436
-0.001549
-0.000538
0.000739
0.001162
0.001511
0.002367
0.002271
0.001656
0.000926
0.000243
-0.000161
-0.000689
-0.001602
-0.001549
-0.001226
-0.000973
-0.000485
-0.000634
-0.000896
-0.000537
0.000358
0.000876
0.001076
0.001497
0.002046
0.001681
-0.000020
-0.001350
-0.002093
-0.003061
-0.002856
-0.002302
-0.001925
-0.001076
-0.000278
0.000581
0.000799
0.000730
0.000829
0.000570
0.000577
-0.000151
-0.001003
-0.000566
-0.000756
-0.001451
-0.001321
-0.001482
-0.001516
-0.000877
-0.000008
-0.000057
-0.000338
-0.000047
0.000482
0.001110
0.000919
0.000409
0.000767
0.000811
0.001062
0.001656
0.000405
-0.000446
0.000324
0.000409
0.000165
-0.000257
-0.000449
-0.000580
-0.001235
-0.001149
-0.000378
-0.000137
-0.000222
0.000316
0.001006
0.000875
0.000920
0.001066
0.001078
0.000992
0.001114
0.001670
0.001454
0.000903
0.000372
-0.000321
-0.000444
-0.000690
-0.001591
-0.001725
-0.002234
-0.002315
-0.001612
-0.000407
0.000491
0.000657
0.001249
0.002071
0.002733
0.002702
0.002046
0.001544
0.000745
-0.000226
-0.001196
-0.001302
-0.001576
-0.001954
-0.001573
-0.001918
-0.001677
-0.000848
0.000128
0.001429
0.002013
0.002729
0.002697
0.002631
0.002337
0.001027
-0.000076
-0.001158
-0.001336
-0.001348
-0.002334
-0.002429
-0.001359
-0.001072
-0.001307
-0.001252
-0.000378
0.000199
0.000078
-0.000275
-0.000259
0.000258
0.000063
0.000260
0.001016
0.001132
0.001041
0.001190
0.001274
0.000526
-0.000080
-0.000460
-0.000499
-0.000354
-0.000517
-0.001204
-0.002013
-0.001796
-0.001096
-0.001050
-0.001338
-0.000664
0.000799
0.001059
0.001888
0.002087
0.001396
0.001225
0.000455
-0.000245
-0.000742
-0.001193
-0.002125
-0.002313
-0.001627
-0.001187
-0.000282
0.000567
0.001125
0.002398
0.003434
0.003346
0.002574
0.002378
0.002453
0.000971
-0.000454
-0.000972
-0.001359
-0.002559
-0.002935
-0.002359
-0.002128
-0.002270
-0.001703
-0.000199
0.000742
0.001235
0.001554
0.002062
0.002095
0.001979
0.001877
0.000920
-0.000053
-0.000230
-0.000810
-0.001660
-0.001711
-0.001559
-0.001951
-0.002574
-0.002126
-0.000805
-0.000622
-0.000394
0.000375
0.000997
0.001530
0.001089
0.000770
0.001194
0.000975
0.000447
0.000178
0.000219
-0.000939
-0.002086
-0.002090
-0.002183
-0.002421
-0.001698
-0.001484
-0.001421
-0.000878
-0.000343
0.000929
0.002231
0.002575
0.002451
0.002766
0.003268
0.002723
0.002398
0.001881
0.000801
-0.000002
-0.000739
-0.001437
-0.001508
-0.001468
-0.001630
-0.001604
-0.001086
-0.000796
-0.000078
0.000277
-0.000005
0.000582
0.001308
0.001303
0.000208
0.000090
-0.000242
-0.000799
-0.000694
-0.000883
-0.000766
-0.000691
0.000269
0.000875
0.000517
-0.000075
0.000329
0.000452
0.000394
0.000455
0.000351
0.000058
-0.001506
-0.002551
-0.002576
-0.003152
-0.002912
-0.002190
-0.000962
-0.000255
-0.000185
0.000396
0.001335
0.001040
0.000978
0.001386
0.001473
0.001460
0.001942
0.000823
-0.000293
-0.000574
-0.000530
-0.000718
-0.000597
-0.000297
-0.000270
-0.000154
-0.000339
-0.000611
-0.000222
0.000233
0.000225
0.000311
0.000436
0.000620
0.001458
0.001344
0.000408
0.000176
0.001243
0.001876
0.000810
0.000440
0.000720
-0.000014
-0.001153
-0.001685
-0.001592
-0.001375
-0.001420
-0.000895
-0.000507
-0.000881
-0.000393
0.000318
0.000785
0.000137
-0.000221
-0.000177
-0.000729
-0.000508
0.000190
0.000086
-0.000300
-0.000055
0.000305
0.000408
0.000375
-0.000292
-0.000076
0.000824
0.000383
-0.000125
-0.000350
-0.000652
-0.000534
-0.000235
0.000209
0.000266
0.000422
0.000492
0.000476
0.000673
0.000273
-0.000481
-0.000475
-0.000419
-0.000300
0.000070
-0.000319
-0.001058
-0.000348
0.000149
-0.000163
0.000192
0.000773
0.000713
0.000753
0.000581
0.000482
0.000020
-0.000105
0.000748
0.001102
0.000741
0.000372
0.000413
0.000988
0.001462
0.001069
0.001163
0.000903
0.000367
0.000840
0.000992
0.000053
-0.000535
-0.000457
-0.000748
-0.000944
-0.000688
-0.000403
-0.000008
0.000321
0.000305
0.000017
0.000347
0.000641
0.000880
0.001332
0.000835
0.000135
0.000268
0.000102
-0.000781
-0.001136
-0.000972
-0.000450
-0.000349
-0.000236
-0.000284
-0.000722
-0.000740
-0.001095
-0.001095
-0.001188
-0.000819
0.000252
0.000385
0.000315
0.000162
0.000880
0.001107
0.000079
-0.000403
0.000326
0.000223
-0.000754
-0.000496
-0.000216
-0.000150
-0.000288
-0.000384
0.000129
-0.000119
-0.000501
0.000340
0.000975
0.000213
0.000678
0.001387
0.000347
-0.000130
-0.000333
-0.000652
-0.001238
-0.001479
-0.001237
-0.000943
-0.001028
-0.000342
0.000844
0.001127
0.001101
0.001036
0.001308
0.000794
-0.000275
-0.000275
-0.000651
-0.001486
-0.001711
-0.001238
-0.001146
-0.001261
-0.000088
0.001081
0.001092
0.000869
0.000659
-0.000173
-0.000219
-0.000097
0.000264
0.000880
0.000573
0.000370
0.000256
-0.000276
0.000090
0.000371
-0.000165
-0.000208
-0.000029
0.000314
0.000176
-0.001092
-0.001240
-0.000510
-0.000982
-0.001461
-0.000485
0.000372
0.000307
0.000501
0.000806
0.000623
0.000898
0.000997
0.000917
0.001037
0.000720
0.000841
0.000743
0.000256
0.000056
-0.000246
-0.000967
-0.001350
-0.000594
-0.000436
-0.000917
-0.000363
-0.000088
-0.000003
0.000641
0.000668
0.000525
0.001086
0.000634
0.000171
0.000765
0.000311
-0.000614
-0.000871
-0.000367
-0.001038
-0.001767
-0.001110
-0.000644
-0.000685
0.000193
0.000820
0.000604
-0.000109
-0.000501
0.000334
0.000534
-0.000165
-0.000284
-0.000145
-0.000987
-0.001464
-0.001186
-0.000622
-0.001052
-0.001757
-0.001731
-0.001195
-0.001216
-0.000696
0.000154
0.000053
-0.000253
0.000524
0.001157
0.000922
0.001114
0.000815
0.000102
0.000446
0.000832
0.001076
0.000406
0.000205
0.000820
0.000977
0.000058
-0.000624
-0.000346
-0.000365
-0.000765
-0.000380
-0.000181
-0.000568
-0.000609
-0.000302
0.000378
0.001165
0.001572
0.001423
0.000734
0.000456
0.000600
0.000843
0.000403
-0.000069
-0.000074
-0.000613
-0.000247
0.000291
-0.000252
0.000151
0.000627
0.000099
0.000109
0.000476
0.000058
0.000368
0.000357
-0.000161
-0.001262
-0.000956
-0.000186
-0.000168
-0.000557
-0.001063
-0.000024
0.000529
0.000077
-0.000003
0.000288
0.000168
0.000230
0.000708
-0.000048
-0.000451
-0.000195
-0.000485
-0.000011
-0.000640
-0.000994
0.000144
0.000146
-0.000810
-0.000627
0.000359
0.000396
-0.000079
0.000777
0.001374
0.000868
0.000604
0.000263
0.000593
0.000350
-0.000093
-0.000004
-0.000822
-0.001179
-0.001084
-0.001717
-0.001793
-0.001736
-0.001761
-0.001409
-0.001026
-0.000773
-0.000452
-0.000222
0.000278
0.000978
0.001296
0.000905
0.000774
0.000527
0.000321
0.001137
0.001201
0.000329
-0.000024
-0.000175
-0.000314
-0.001049
-0.001237
-0.001081
-0.000546
0.000752
0.000786
0.000457
0.000632
-0.000068
-0.000821
-0.001055
-0.000963
-0.000020
0.001081
0.001507
0.001014
0.000404
0.000308
0.000289
-0.000684
-0.000836
-0.000039
-0.000093
-0.000409
-0.000609
-0.000127
-0.000585
-0.000888
-0.000710
-0.000898
-0.001073
-0.000707
0.000448
0.000698
0.000510
-0.000040
-0.000263
0.000018
0.000187
-0.000705
-0.000521
0.000353
0.000256
0.000088
-0.000757
-0.000956
-0.000081
0.000567
0.000359
-0.001021
-0.001679
-0.001172
0.000006
0.000411
0.000963
0.001732
0.001664
0.001436
0.001060
0.000287
-0.000459
-0.001165
-0.002351
-0.002895
-0.003242
-0.003704
-0.002230
0.000022
0.001198
0.002471
0.003177
0.003154
0.002816
0.001720
0.001085
0.000937
0.000241
-0.000426
-0.001823
-0.003569
-0.004554
-0.004541
-0.003785
-0.002348
0.000082
0.002571
0.004378
0.005497
0.005617
0.004559
0.001584
-0.001037
-0.002836
-0.003740
-0.003590
-0.003282
-0.001681
0.000172
0.000869
0.000564
0.000753
0.000241
-0.000532
-0.001418
-0.002091
-0.002770
-0.003626
-0.003095
-0.001414
0.000454
0.002097
0.004114
0.005941
0.006491
0.006519
0.005452
0.002735
0.000220
-0.001774
-0.004216
-0.005770
-0.006250
-0.005628
-0.004095
-0.003202
-0.002281
-0.000911
0.000422
0.002147
0.003475
0.004169
0.004548
0.004760
0.005191
0.003592
0.001281
0.000051
-0.001340
-0.003558
-0.005026
-0.005523
-0.005567
-0.004779
-0.003018
0.000870
0.004427
0.007274
0.009002
0.008719
0.006316
0.002466
-0.001887
-0.006228
-0.008771
-0.009440
-0.007997
-0.004052
-0.000029
0.002564
0.005273
0.006569
0.006046
0.004701
0.002822
-0.000307
-0.002081
-0.001548
-0.000957
-0.000676
-0.000237
-0.000687
-0.001579
-0.002797
-0.003260
-0.002901
-0.001479
-0.000426
0.001363
0.003423
0.003776
0.003546
0.003011
0.001916
-0.000435
-0.002455
-0.003074
-0.002051
-0.001720
-0.000565
0.001011
0.001177
0.000834
0.000665
0.001267
0.000750
-0.000330
-0.000028
-0.000001
-0.000492
-0.000168
0.000305
0.000882
0.001113
0.001599
0.002065
0.000850
-0.001136
-0.002214
-0.001648
-0.001525
-0.001279
-0.000051
0.001167
0.001620
0.000797
-0.000542
-0.001712
-0.002464
-0.002703
-0.002074
-0.000556
0.001042
0.002482
0.003260
0.002704
0.002281
0.001427
0.000602
0.000014
-0.001058
-0.000991
-0.001609
-0.002993
-0.002660
-0.001672
-0.000525
-0.000127
0.000798
0.002283
0.002370
0.001982
0.001235
0.000130
-0.000515
-0.001457
-0.002077
-0.001245
-0.000216
0.000454
0.002217
0.003723
0.003997
0.004469
0.004048
0.002023
-0.000454
-0.002564
-0.004209
-0.004723
-0.004893
-0.003455
-0.001446
-0.000452
0.000994
0.001602
0.001684
0.001767
0.001970
0.002291
0.001935
0.001700
0.001364
0.001000
0.000669
-0.000182
-0.000699
-0.000825
-0.001277
-0.001065
-0.001212
-0.001676
-0.001304
-0.000354
0.000881
0.001592
0.001846
0.002053
0.000492
-0.002152
-0.001759
-0.001224
-0.000957
-0.000447
-0.000815
-0.000345
0.001451
0.002017
0.001514
0.000568
0.000398
0.000269
-0.000423
-0.000378
0.000294
0.000835
0.000914
0.000833
0.000082
-0.000785
-0.002603
-0.003897
-0.003325
-0.003191
-0.002905
-0.001659
0.000130
0.001629
0.002513
0.003611
0.004727
0.004620
0.002990
0.001436
0.000077
-0.003192
-0.005707
-0.006624
-0.006651
-0.004196
-0.001176
0.001542
0.003832
0.004013
0.003686
0.003740
0.002769
0.001352
0.000528
0.000464
0.000270
-0.000008
0.000316
-0.000437
-0.001448
-0.001051
-0.000949
-0.001211
-0.000445
0.000804
0.000717
0.001061
0.002961
0.002913
0.000014
-0.001276
-0.000018
0.000513
-0.000114
-0.000280
0.001315
0.002872
0.002807
0.001263
0.000101
-0.000438
-0.001468
-0.002174
-0.002946
-0.003322
-0.002346
-0.001351
-0.000528
0.000233
0.001005
0.001519
0.001565
0.001102
0.000028
-0.000917
-0.001544
-0.002447
-0.002701
-0.000863
0.000248
0.000901
0.000954
0.000149
-0.000186
-0.000548
0.000267
0.000824
-0.000425
-0.000693
0.000561
0.000854
-0.000092
-0.001014
-0.001376
-0.000779
-0.000529
-0.000269
0.000499
0.000537
0.000418
0.000834
0.002279
0.003130
0.002033
0.000405
-0.001388
-0.003117
-0.003720
-0.002802
-0.001213
0.000606
0.001828
0.002556
0.002261
0.000912
0.000591
0.000234
-0.000231
-0.000726
-0.000565
0.000116
0.000288
0.001224
0.000980
0.000098
-0.000297
-0.000982
-0.001670
-0.001475
-0.001070
-0.000967
-0.001190
-0.000242
0.000162
0.000453
0.000504
-0.000606
-0.000918
-0.000965
-0.000908
-0.000543
-0.000290
-0.000994
-0.001390
-0.000629
0.000310
0.000890
0.001419
0.002313
0.002838
0.001743
0.000227
-0.000556
-0.001350
-0.002962
-0.003045
-0.001064
-0.000700
-0.000843
-0.000409
-0.000621
-0.000763
-0.000339
0.000984
0.002675
0.003902
0.003373
0.002668
0.001607
0.000860
0.000775
0.000906
0.000645
-0.000035
-0.000064
-0.000270
-0.000335
0.000180
0.000278
-0.000041
-0.000393
-0.000418
-0.000582
-0.000743
-0.000593
-0.000236
-0.000523
-0.001588
-0.001368
-0.000951
-0.000408
-0.000681
-0.000408
0.000494
0.000358
0.000481
0.000599
0.000739
0.000385
-0.001070
-0.000995
0.000002
0.000038
-0.000067
-0.000157
-0.000165
0.000675
0.001222
0.001060
0.000381
-0.000819
-0.002047
-0.002577
-0.002687
-0.002287
-0.001308
-0.000610
-0.000354
0.001165
0.002811
0.002871
0.003467
0.003482
0.002056
-0.000030
-0.001873
-0.001518
-0.000696
-0.001189
-0.000561
0.000099
0.000455
0.000839
0.000341
0.000208
0.000185
-0.000438
-0.000068
0.000590
0.000434
0.000227
0.000799
0.001041
0.000689
0.000581
0.000645
0.000366
-0.000670
-0.001182
-0.000876
-0.000581
-0.000977
-0.000826
0.000299
0.000589
0.001082
0.001713
0.001135
-0.000274
-0.000337
0.000484
0.000469
-0.000178
-0.001502
-0.001900
-0.002001
-0.002605
-0.001666
-0.001005
-0.001004
0.000214
0.001788
0.002646
0.002700
0.002798
0.002430
0.000903
-0.000460
-0.000863
-0.001704
-0.002728
-0.002326
-0.001624
-0.000168
0.000813
0.001681
0.002552
0.002532
0.002544
0.001749
0.000135
-0.000098
-0.000302
-0.001233
-0.001110
-0.000361
-0.000133
-0.000315
0.000205
0.001613
0.001932
0.001023
0.000695
0.000923
0.001393
0.001705
0.000621
-0.001288
-0.002295
-0.002290
-0.001620
-0.000669
0.000585
0.001694
0.001839
0.002127
0.002256
0.001322
0.000557
0.000009
-0.000802
-0.002057
-0.002376
-0.002058
-0.001752
-0.001291
-0.000790
0.000410
0.001188
0.000429
-0.000560
-0.000436
-0.000211
0.000041
-0.000442
-0.000831
-0.000650
-0.000778
-0.000838
-0.000723
-0.000731
-0.000431
0.000704
0.000996
0.000806
0.000733
0.001464
0.000829
-0.000102
0.000187
-0.000132
-0.001185
-0.001845
-0.001510
-0.000731
0.000024
0.000419
0.000578
0.000739
0.000866
0.001391
0.001635
0.001553
0.001327
0.001154
0.001155
0.000331
-0.000441
-0.000237
-0.000945
-0.001009
0.000050
0.000438
0.001022
0.001474
0.001142
0.000195
-0.000478
-0.000312
-0.000761
-0.000767
-0.000708
0.000003
0.000538
0.000284
-0.000092
0.000463
0.000891
0.000710
0.001141
0.001454
0.000102
-0.001233
-0.001484
-0.000892
-0.000628
-0.000816
-0.000236
0.000618
0.001235
0.000951
0.000762
0.001274
0.000787
-0.000101
-0.000564
-0.000844
-0.000820
-0.000321
0.000614
0.000906
0.000827
0.000857
0.001431
0.000783
0.000044
0.000167
-0.000348
-0.000928
-0.000660
-0.000031
-0.000022
0.000144
0.000290
0.000692
0.000825
-0.000093
-0.000374
0.000024
0.001229
0.001343
0.000833
0.000910
0.000877
0.000318
-0.000193
-0.000877
-0.002271
-0.002489
-0.001286
-0.000605
-0.000155
0.001135
0.002442
0.001831
0.000765
0.000628
0.000976
0.000849
0.000909
0.000641
-0.000096
-0.000259
-0.000390
-0.000832
-0.001482
-0.001713
-0.001620
-0.001589
-0.000997
-0.000713
-0.000502
0.000222
0.000072
0.000319
0.000309
0.000038
-0.000020
-0.000533
-0.000073
0.000436
-0.000341
-0.000426
-0.000971
-0.001560
-0.001013
-0.000754
-0.000729
0.000064
0.001884
0.002295
0.001461
0.001024
0.001183
0.001175
0.000470
-0.000357
-0.000172
-0.000191
-0.000854
-0.000562
0.000522
-0.000087
-0.000209
0.000870
0.001872
0.002233
0.002426
0.002175
0.001921
0.000718
-0.000286
-0.000679
-0.001342
-0.001619
-0.001727
-0.002115
-0.002183
-0.001050
0.000617
0.000747
0.000846
0.001956
0.001926
0.001681
0.001265
0.000310
0.000014
-0.000800
-0.000664
0.000288
-0.000024
-0.000262
0.000219
0.000750
0.000475
0.000202
-0.000343
-0.000862
-0.001190
-0.001283
-0.000624
-0.000572
-0.001065
-0.000777
-0.000231
0.000312
0.000403
-0.000592
-0.000604
0.000252
0.000124
0.000309
0.000459
0.000106
0.000375
0.000263
-0.000324
-0.000200
-0.000148
-0.000353
-0.000109
0.000252
0.000075
0.000132
0.000051
-0.000063
0.000577
0.001281
0.001199
0.001086
0.001551
0.001221
-0.000072
-0.001143
-0.001452
-0.001533
-0.001251
-0.000427
-0.000033
0.000218
0.000512
0.000842
0.001046
0.000092
-0.000485
-0.000347
-0.001135
-0.001688
-0.000940
-0.000551
-0.000655
-0.000309
-0.000426
-0.000533
-0.000336
-0.000443
-0.000458
0.000237
0.000934
0.000740
0.000739
0.001412
0.001571
0.000973
0.001271
0.001453
0.000898
0.001355
0.001525
0.001049
0.000451
-0.000398
-0.001075
-0.001232
-0.001072
-0.001310
-0.001775
-0.002181
-0.002150
-0.001234
-0.000847
-0.000420
0.000918
0.001965
0.001865
0.001241
0.000963
0.001062
0.000873
0.000591
-0.000015
-0.001283
-0.001322
-0.000663
-0.000352
-0.001058
-0.001140
-0.000644
-0.001105
-0.001334
-0.000359
0.001071
0.000959
0.000372
0.000361
0.000333
0.000095
-0.000224
-0.000615
-0.001275
-0.001109
-0.001201
-0.001627
-0.000834
0.000090
0.000513
0.000942
0.000790
0.000805
0.001153
0.000371
0.000127
0.000349
-0.000186
-0.000740
-0.000856
-0.000210
0.000892
0.000739
0.000368
0.000514
0.000226
0.000013
0.000262
0.000611
0.000382
0.000316
0.000177
-0.000174
-0.000100
0.000080
-0.000031
-0.000660
-0.000626
-0.000513
-0.000979
-0.000544
-0.000792
-0.000648
0.000865
0.001209
0.000420
-0.000010
0.000424
0.000886
0.000695
0.000762
0.001151
-0.000205
-0.001230
-0.000189
-0.000234
-0.000490
0.000447
0.000871
0.000449
-0.000059
-0.000165
-0.000006
-0.000560
-0.000546
-0.000130
-0.000257
-0.000049
-0.000092
-0.000007
0.000413
0.000281
0.000693
0.000958
0.001224
0.000844
0.000388
-0.000591
-0.001228
-0.000421
0.000059
-0.000389
-0.000854
-0.001122
-0.000367
0.000172
-0.000348
0.000228
0.000807
0.000708
0.000480
0.000241
0.000345
0.000228
-0.000519
0.000144
0.000457
0.000660
0.001174
0.000761
0.000366
0.000092
0.000509
0.000853
-0.000406
-0.001188
-0.000286
0.000271
-0.000415
-0.001477
-0.000851
-0.000897
-0.001361
-0.000505
-0.000758
-0.001288
-0.000605
0.000021
0.000070
-0.000416
-0.000616
0.000270
0.000580
-0.000164
0.000128
0.000922
0.000622
-0.000291
-0.000814
-0.000486
-0.001072
-0.000801
0.000058
0.000235
-0.000523
-0.000771
0.000274
0.000471
-0.000076
0.000210
0.000232
-0.000889
-0.001152
0.000014
0.000293
-0.000180
0.000245
0.000216
-0.000073
-0.000038
-0.000166
0.000100
0.000521
0.000885
0.000875
0.000617
0.000959
0.000869
0.000501
0.000070
-0.000355
-0.000304
-0.000648
-0.000475
0.000777
0.001435
0.001119
0.000109
-0.000254
0.000062
-0.000195
-0.000596
-0.000773
-0.000600
-0.000554
-0.001332
-0.000885
-0.000176
-0.000912
-0.001016
-0.000289
-0.000108
-0.000666
-0.001183
-0.001002
-0.000988
-0.001511
-0.001469
-0.001068
-0.000834
-0.000165
0.000964
0.000806
0.000880
0.001139
0.000525
0.000560
0.000247
-0.000157
0.000155
0.001291
0.001444
0.000445
0.000063
0.000127
0.000002
0.000287
0.000637
0.000845
0.000371
-0.000644
-0.000312
-0.000813
-0.000286
0.001281
0.000554
-0.000687
-0.000293
0.000248
-0.000348
-0.000856
-0.000415
-0.000164
-0.000821
-0.000628
0.000165
0.000517
0.000531
0.000618
0.000642
0.000219
-0.000306
-0.000223
-0.000093
-0.000589
-0.000773
-0.000569
-0.000267
-0.000358
-0.000703
-0.000538
-0.000182
0.000072
0.000243
0.000466
0.000621
0.000392
-0.000077
-0.000901
-0.001262
-0.001205
-0.000569
-0.000298
-0.000672
-0.000369
-0.000023
-0.000554
-0.000931
-0.000408
-0.000467
-0.000780
-0.000124
0.000752
0.000425
-0.000861
-0.000739
-0.000742
-0.001378
-0.001156
-0.000352
-0.000345
-0.000228
0.000290
0.000023
-0.000103
-0.000013
0.000121
0.000363
0.000680
-0.000158
-0.000137
0.000529
0.000536
0.000742
0.000805
0.000871
0.000478
-0.000055
-0.000155
0.000115
0.000267
0.000706
0.001338
0.000825
0.000661
0.000949
0.000680
0.000812
-0.000228
-0.000767
-0.001009
-0.001812
-0.001582
-0.000666
-0.000088
0.000428
0.000863
0.001158
0.001375
0.000916
0.000684
0.000843
0.000190
-0.000553
-0.000466
-0.000197
-0.000644
-0.000444
0.000202
-0.000104
-0.000657
-0.000749
-0.000582
-0.000785
-0.001101
-0.000244
-0.000123
-0.000802
-0.000712
-0.000472
-0.000993
-0.001343
-0.000837
-0.000567
-0.000801
-0.000800
-0.000304
0.000170
0.000580
0.001450
0.002080
0.001348
-0.000070
0.000096
0.000044
-0.000884
-0.001264
-0.000903
-0.000588
-0.000810
-0.000602
0.000013
0.000081
0.000160
0.000304
0.000586
0.000672
0.000509
0.000773
0.000967
0.000486
0.000648
0.001712
0.001301
0.000829
0.001328
0.000564
-0.000188
-0.000355
-0.000414
-0.000414
-0.000575
-0.000032
0.000640
0.000152
-0.000418
-0.000485
-0.000281
-0.000066
-0.000431
-0.000656
-0.000259
-0.000627
-0.000967
-0.000482
-0.000114
-0.000155
-0.000458
-0.000790
-0.000404
-0.000853
-0.000807
-0.000380
-0.000513
-0.000340
-0.000604
-0.000982
-0.000765
-0.000577
-0.000040
0.000228
-0.000265
-0.000249
0.000153
0.000117
0.000352
0.000044
0.000016
-0.000335
-0.000191
0.000495
0.000527
-0.000293
-0.000953
-0.000518
-0.000353
-0.000790
-0.000262
0.000153
-0.000308
-0.000053
0.000869
0.000916
0.001150
0.000711
-0.000064
0.000184
-0.000157
-0.001188
-0.000955
-0.000187
-0.000652
-0.000119
0.000625
0.000107
0.000486
0.001074
0.001018
0.000795
0.000410
0.000998
0.001296
0.000407
-0.000470
-0.000451
-0.000681
-0.001212
-0.001109
-0.000336
-0.001275
-0.001697
-0.001030
-0.000916
-0.001424
-0.001210
-0.000028
0.000131
0.000682
0.001175
0.001421
0.001329
0.001019
0.001104
0.000484
-0.000493
-0.000436
-0.000015
0.000047
-0.000644
-0.001276
-0.000751
-0.000220
-0.001304
-0.001499
-0.000701
-0.000260
0.000037
-0.000233
-0.000469
-0.000539
-0.000526
-0.000006
-0.000205
-0.000324
-0.000112
0.000029
-0.000215
0.000137
0.001374
0.001651
0.001359
0.001263
0.001213
0.001409
0.001175
0.000998
0.001204
0.000182
-0.000195
-0.000345
-0.000515
-0.000362
-0.000275
0.000049
0.000575
0.000530
0.000704
0.001240
0.000723
-0.000168
-0.000611
-0.000944
-0.001266
-0.000962
-0.000161
-0.000363
-0.000787
-0.000120
0.000725
0.000251
-0.000648
-0.000092
0.000117
-0.000612
-0.000421
0.000379
0.000298
-0.000023
-0.000346
-0.000989
-0.000773
-0.000960
-0.001205
-0.000964
-0.000567
0.000075
0.000072
0.000303
-0.000025
-0.000976
-0.000761
-0.000231
0.000140
0.000783
0.001271
0.001139
0.000362
0.000052
0.000398
0.000126
-0.000453
-0.000565
-0.000517
-0.000570
-0.000676
-0.000208
-0.000214
-0.000463
-0.000349
0.000127
0.000095
-0.000896
-0.000804
0.000003
0.000160
-0.000436
-0.000174
0.000360
-0.000213
0.000007
0.000375
-0.000053
-0.000765
-0.000993
-0.000432
-0.000294
-0.000772
-0.000794
-0.000802
-0.000628
-0.000577
-0.000421
0.000153
-0.000132
-0.000395
-0.000740
-0.000950
-0.000998
-0.000805
0.000095
-0.000192
-0.001050
-0.000781
0.000177
-0.000117
-0.000883
-0.000809
-0.000860
-0.000555
0.000130
-0.000419
-0.000586
0.000138
0.000171
-0.000341
-0.000404
-0.000323
-0.000013
-0.000140
-0.000768
0.000039
0.000282
-0.000282
-0.000536
-0.000587
-0.000118
0.000007
-0.000532
-0.000653
-0.000469
-0.000545
-0.000327
0.000248
0.000477
-0.000226
-0.000709
-0.000357
-0.000168
-0.000702
-0.000677
-0.000222
-0.000689
-0.000775
-0.000235
-0.000115
-0.001159
-0.001565
-0.000938
-0.000553
-0.000549
-0.001088
-0.000353
0.000371
-0.000013
0.000304
0.000904
0.000147
-0.000113
0.000569
0.000703
0.000412
0.000195
0.000697
0.000875
0.000031
-0.000453
-0.000597
-0.000949
-0.000881
0.000025
0.000488
-0.000333
-0.000956
-0.000606
0.000058
-0.000363
-0.000321
0.000801
0.000848
0.000627
0.001089
0.002204
0.001728
0.000972
0.001311
0.001158
0.000147
-0.000586
-0.000836
-0.001003
-0.001385
-0.001559
-0.001686
-0.001253
-0.001012
-0.000997
-0.000631
-0.000684
-0.000359
-0.000723
-0.001021
-0.001263
-0.000501
-0.000687
-0.001284
-0.001106
-0.000444
-0.000112
-0.000425
-0.000583
-0.000026
0.000475
0.000298
0.000803
0.001473
0.000951
-0.000243
-0.000837
-0.001134
-0.000597
-0.000026
0.000131
-0.000451
-0.000397
0.000242
0.000311
0.000629
0.000652
0.000126
0.000129
0.000390
-0.000116
-0.000823
-0.000772
-0.001098
-0.001139
-0.000168
-0.000170
-0.001143
-0.001545
-0.000482
0.000308
0.000147
-0.000109
-0.000593
-0.000390
-0.000521
-0.000111
0.000692
0.000851
0.000527
-0.000209
-0.000318
-0.000483
-0.000481
-0.000363
-0.000698
-0.000887
-0.001148
-0.000709
-0.000017
0.000277
0.000828
0.000617
-0.000118
-0.000309
0.000487
0.000922
0.000278
-0.000003
0.000004
-0.000426
-0.000192
0.000744
0.000416
-0.000815
-0.000999
-0.000536
-0.000667
-0.001582
-0.001759
-0.001192
-0.001219
-0.001346
-0.000130
0.001004
0.000617
0.000428
0.000846
0.001084
0.000728
0.000556
0.000768
0.000482
-0.000301
-0.000585
-0.000293
-0.000196
-0.000256
-0.000331
-0.000146
0.000318
0.000490
0.000242
-0.000499
-0.000536
0.000142
0.000266
-0.000056
0.000039
0.000557
0.000217
-0.000187
-0.000178
-0.000004
0.000274
-0.000384
-0.000671
-0.000150
0.000867
0.000841
0.000162
0.000162
-0.000312
-0.000100
0.000169
-0.000389
-0.000675
-0.000205
0.000158
-0.000371
-0.000231
0.000634
0.001090
0.000764
-0.000126
-0.000245
-0.000345
-0.001286
-0.001312
-0.000148
-0.000114
-0.001288
-0.001535
-0.000615
-0.000205
-0.000425
-0.000210
0.000243
0.000423
0.000501
0.000209
0.000069
0.000137
-0.000350
0.000053
-0.000096
-0.001120
-0.000988
0.000040
0.000172
-0.000075
0.000314
0.000179
-0.000369
-0.000147
-0.000122
-0.000221
-0.000163
-0.000526
0.000181
0.000371
-0.000587
-0.000234
0.000492
0.000167
-0.000355
-0.000316
-0.000294
-0.000114
0.000051
0.000515
0.001048
0.000911
-0.000423
-0.000615
-0.000869
-0.001102
-0.000938
-0.000327
-0.000208
-0.000448
0.000151
0.000573
0.000509
0.000482
0.000132
-0.000710
-0.000576
0.000369
0.000948
0.000003
-0.000383
-0.000209
-0.000603
-0.000599
-0.000465
-0.000734
-0.000877
-0.001076
-0.001043
-0.000312
-0.000133
-0.000399
-0.000768
-0.000368
-0.000190
-0.000802
0.000053
0.000957
0.000814
0.000878
0.000804
0.000235
-0.000170
0.000007
0.000165
-0.000250
-0.000783
-0.001344
-0.000973
-0.000460
-0.000235
0.000216
0.000075
-0.000336
-0.000199
0.000524
0.000397
0.000110
0.000191
-0.000196
-0.000661
-0.001002
-0.000823
-0.000260
-0.000331
-0.000769
-0.000528
0.000427
0.000790
0.001475
0.001034
-0.001815
-0.005050
-0.006631
-0.005184
-0.000339
0.006608
0.011621
0.012071
0.007155
0.000244
-0.006971
-0.013540
-0.016627
-0.012832
-0.004422
0.005000
0.012438
0.015017
0.012930
0.006124
-0.002121
-0.008405
-0.011086
-0.009206
-0.003103
0.005567
0.010886
0.011089
0.007907
0.000731
-0.007130
-0.011616
-0.011415
-0.008276
-0.002997
0.001678
0.005561
0.008201
0.009630
0.008274
0.003822
-0.001084
-0.003515
-0.004075
-0.003728
-0.003773
-0.002781
-0.000175
0.003171
0.005352
0.004979
0.003133
-0.000220
-0.004881
-0.008481
-0.008348
-0.006653
-0.002262
0.004744
0.010316
0.012189
0.013415
0.010569
0.001814
-0.008747
-0.015267
-0.015741
-0.014269
-0.009834
-0.001851
0.006379
0.009638
0.008344
0.005833
0.001855
-0.002076
-0.001608
0.000345
0.001389
0.001817
0.001701
0.001437
-0.000219
-0.003472
-0.005849
-0.007173
-0.007548
-0.005565
-0.000732
0.005124
0.011218
0.014582
0.014214
0.010480
0.002786
-0.006670
-0.013520
-0.017759
-0.021213
-0.021075
-0.015687
-0.005773
0.005505
0.012554
0.015914
0.017978
0.017170
0.012919
0.007962
0.004047
0.000654
-0.001685
-0.002230
-0.000617
0.000593
-0.000632
-0.004001
-0.008799
-0.015725
-0.021338
-0.020837
-0.016098
-0.009434
0.000732
0.012984
0.023277
0.027599
0.024581
0.015722
0.007346
-0.000285
-0.006122
-0.009332
-0.011256
-0.012656
-0.012403
-0.010969
-0.009784
-0.006807
-0.001611
0.004868
0.008762
0.008347
0.006256
0.003238
0.000865
0.002503
0.008553
0.012875
0.013291
0.010685
0.005175
-0.002766
-0.013407
-0.024404
-0.032779
-0.034806
-0.029718
-0.015957
0.003486
0.023228
0.039624
0.044980
0.039002
0.020336
-0.003080
-0.019890
-0.023954
-0.019065
-0.008043
0.000301
0.000867
-0.004574
-0.012144
-0.017565
-0.018297
-0.014393
-0.004154
0.009805
0.021239
0.026810
0.026226
0.019294
0.011369
0.005602
0.000442
-0.005667
-0.012675
-0.016563
-0.016635
-0.016121
-0.016344
-0.018095
-0.019554
-0.017412
-0.006178
0.009835
0.023433
0.033102
0.035654
0.027581
0.012450
-0.002933
-0.014339
-0.018845
-0.018253
-0.011429
0.000490
0.013016
0.019410
0.017565
0.008670
-0.001471
-0.011347
-0.021515
-0.029219
-0.031362
-0.025934
-0.013552
0.002029
0.016845
0.029526
0.035244
0.033629
0.023887
0.008996
-0.005615
-0.017273
-0.022461
-0.022333
-0.020143
-0.015289
-0.007843
0.000321
0.009397
0.018922
0.025551
0.026997
0.022173
0.011716
-0.002014
-0.015005
-0.023219
-0.025935
-0.023414
-0.018750
-0.015887
-0.012087
-0.004548
0.004894
0.012319
0.013970
0.011802
0.009119
0.007755
0.007548
0.008592
0.009247
0.007010
0.002131
-0.002007
-0.004846
-0.007225
-0.008302
-0.006943
-0.005101
-0.002978
-0.000846
0.001402
0.003279
0.003306
0.001896
-0.000103
-0.001161
-0.004785
-0.008738
-0.008599
-0.004270
0.002404
0.007469
0.009565
0.008916
0.004960
-0.000283
-0.002111
0.000243
0.003319
0.005201
0.005651
0.003464
-0.002936
-0.009647
-0.012923
-0.013760
-0.012902
-0.008987
-0.004258
-0.002037
0.000715
0.003860
0.006596
0.008744
0.008041
0.005645
0.004688
0.006359
0.010877
0.016105
0.018671
0.016411
0.010801
0.004138
-0.003462
-0.010782
-0.016772
-0.021914
-0.025295
-0.026053
-0.023592
-0.017794
-0.009859
-0.001554
0.005966
0.012540
0.016010
0.015699
0.013041
0.008640
0.003611
0.001154
0.000169
0.000537
0.004029
0.007714
0.009386
0.008599
0.007140
0.005479
0.001805
-0.003849
-0.009166
-0.011737
-0.012171
-0.010312
-0.007913
-0.005683
-0.003674
-0.004457
-0.005776
-0.004253
-0.000144
0.004871
0.010295
0.013257
0.012468
0.007980
0.001392
-0.006203
-0.012149
-0.013240
-0.009825
-0.003332
0.002975
0.009634
0.012553
0.010461
0.007375
0.005378
0.002571
-0.001542
-0.007233
-0.013287
-0.016860
-0.016500
-0.014293
-0.010057
-0.003081
0.005873
0.013946
0.019317
0.020469
0.019099
0.016387
0.013084
0.008686
0.003519
-0.002127
-0.007690
-0.013121
-0.017207
-0.019290
-0.020559
-0.020825
-0.018529
-0.014312
-0.009123
-0.002163
0.005877
0.012956
0.017274
0.018657
0.017294
0.014084
0.011778
0.010546
0.009521
0.008315
0.005538
-0.001219
-0.010388
-0.019056
-0.025766
-0.028013
-0.024947
-0.015741
-0.003573
0.008122
0.016805
0.022690
0.023461
0.019252
0.014016
0.010069
0.006463
0.000822
-0.007501
-0.016131
-0.023856
-0.029353
-0.029479
-0.023068
-0.012492
0.000286
0.012369
0.020496
0.024292
0.025628
0.024705
0.021344
0.017554
0.013138
0.007032
-0.002248
-0.013704
-0.023497
-0.028947
-0.028968
-0.022658
-0.012687
-0.002974
0.004399
0.008793
0.010618
0.010342
0.008732
0.007646
0.005940
0.001899
-0.001235
-0.001725
-0.000322
0.001940
0.005424
0.011192
0.014922
0.015761
0.013158
0.006360
-0.004602
-0.018936
-0.028817
-0.031847
-0.030421
-0.023161
-0.012766
-0.003550
0.004135
0.011610
0.017037
0.021107
0.023921
0.024173
0.021848
0.015392
0.005544
-0.004776
-0.013786
-0.018560
-0.018428
-0.013765
-0.007287
-0.000170
0.007187
0.012086
0.012742
0.008905
0.003264
-0.002334
-0.008320
-0.013644
-0.015214
-0.013183
-0.009187
-0.004312
-0.001310
0.000382
0.001083
0.001708
0.003401
0.005619
0.009213
0.012496
0.014078
0.012984
0.009926
0.007167
0.002453
-0.003901
-0.008155
-0.009336
-0.008300
-0.007036
-0.005787
-0.004361
-0.004723
-0.005384
-0.004834
-0.004228
-0.002041
0.001452
0.004738
0.006657
0.006811
0.006733
0.005256
0.003702
0.003603
0.003836
0.003915
0.002472
-0.000129
-0.002734
-0.004537
-0.005862
-0.006692
-0.005824
-0.004557
-0.003755
-0.001624
-0.000029
0.000776
0.001965
0.002404
0.001978
0.001131
0.001729
0.003783
0.004251
0.002804
0.001251
-0.000010
0.001017
0.002876
0.003583
0.003484
0.002383
-0.000706
-0.003502
-0.006490
-0.009539
-0.009972
-0.007397
-0.003273
0.000906
0.004258
0.006457
0.008541
0.009122
0.008130
0.005563
0.001968
-0.000539
-0.002479
-0.002725
-0.002038
0.000591
0.001915
0.000381
-0.002000
-0.005152
-0.008636
-0.010354
-0.008314
-0.003659
0.001509
0.005827
0.009760
0.011805
0.011588
0.010480
0.008687
0.005625
0.001485
-0.002380
-0.005113
-0.006267
-0.006658
-0.006213
-0.004406
-0.004359
-0.004788
-0.004495
-0.004588
-0.004559
-0.003445
-0.001295
0.000841
0.003391
0.005093
0.004887
0.004600
0.002999
0.000581
-0.001097
-0.002304
-0.002462
-0.000771
0.001134
0.003161
0.005314
0.006587
0.006940
0.006420
0.005771
0.003751
0.000090
-0.004729
-0.008370
-0.009986
-0.011898
-0.013378
-0.012929
-0.011447
-0.007536
-0.001527
0.004135
0.008229
0.011499
0.013311
0.012959
0.010814
0.007464
0.004318
0.001502
-0.001941
-0.005042
-0.006882
-0.007216
-0.006901
-0.006324
-0.005682
-0.003740
-0.001196
0.001105
0.004235
0.006811
0.008695
0.010086
0.010112
0.007438
0.003412
-0.001457
-0.005841
-0.007385
-0.007049
-0.005255
-0.003632
-0.002572
-0.002227
-0.003917
-0.007087
-0.007528
-0.005239
-0.002394
0.000558
0.004912
0.008526
0.010329
0.010727
0.009581
0.007428
0.005177
0.003319
0.002150
0.000156
-0.002030
-0.003584
-0.005391
-0.007723
-0.009590
-0.009578
-0.007585
-0.004782
-0.001265
0.003155
0.006125
0.006595
0.005140
0.001474
-0.002778
-0.005922
-0.006511
-0.005733
-0.004018
-0.001360
0.000662
0.001811
0.002238
0.001902
0.002139
0.003325
0.004347
0.005822
0.006986
0.007041
0.005983
0.004601
0.001875
-0.001826
-0.004529
-0.007274
-0.009711
-0.011775
-0.012845
-0.011578
-0.008032
-0.003993
0.002429
0.007928
0.011412
0.012756
0.011971
0.009938
0.006117
0.002959
0.000581
-0.002555
-0.004923
-0.004917
-0.003820
-0.003241
-0.002632
-0.002128
-0.002362
-0.003185
-0.003289
-0.001657
0.000546
0.002200
0.004195
0.005282
0.004475
0.002524
0.000964
-0.000775
-0.002076
-0.002183
-0.001854
-0.001972
-0.002637
-0.003414
-0.003742
-0.002896
-0.001730
0.000016
0.003118
0.005796
0.007584
0.008124
0.006908
0.005321
0.003538
0.001590
-0.000086
-0.001207
-0.002269
-0.003170
-0.005226
-0.008056
-0.009939
-0.011210
-0.010791
-0.008645
-0.005025
-0.000720
0.003993
0.008546
0.011806
0.014256
0.014429
0.012411
0.009032
0.004963
-0.000504
-0.004923
-0.008705
-0.012307
-0.013437
-0.012324
-0.009430
-0.005669
-0.001078
0.004232
0.007496
0.009667
0.011061
0.010675
0.008788
0.005824
0.001572
-0.002474
-0.005107
-0.007449
-0.008716
-0.008800
-0.009403
-0.008017
-0.005159
-0.002409
0.001040
0.004599
0.007013
0.007872
0.008035
0.006979
0.005507
0.004284
0.003218
0.002158
0.000846
-0.001031
-0.002732
-0.005450
-0.008692
-0.010111
-0.009281
-0.007103
-0.004816
-0.001325
0.003220
0.006441
0.007779
0.008888
0.009443
0.007856
0.004645
0.001464
-0.001544
-0.004266
-0.006594
-0.007465
-0.006769
-0.005484
-0.003377
-0.001604
0.000408
0.002596
0.004014
0.003508
0.002495
0.002980
0.003511
0.002406
0.001367
0.001499
0.000995
0.000416
0.000862
0.001390
0.000973
-0.000934
-0.002730
-0.004824
-0.006667
-0.006881
-0.005483
-0.003401
-0.000909
0.002643
0.005209
0.006199
0.007400
0.008026
0.007307
0.004704
0.000503
-0.004021
-0.007212
-0.010785
-0.013248
-0.012855
-0.010127
-0.005224
-0.000164
0.006125
0.011703
0.013624
0.013754
0.012472
0.008038
0.002086
-0.003207
-0.007219
-0.010040
-0.011306
-0.009959
-0.007008
-0.003505
0.000366
0.004369
0.006389
0.006949
0.006473
0.004644
0.001612
-0.001080
-0.003188
-0.002892
