# STATIONID: 207
# STARTTIME: 1123733861.100000
# SAMPLERATE: 100
# NUMSAMPLES: 8268
0.001986
0.001621
0.000228
0.000058
-0.000900
-0.001213
-0.000922
-0.000476
0.000363
0.000711
0.001282
0.001890
0.001986
0.001892
0.001708
0.001837
0.001254
-0.000182
-0.000215
0.000471
0.000625
0.000297
0.000102
0.000436
0.000509
0.000746
0.000414
0.000112
-0.000199
-0.000492
0.000117
-0.000407
-0.000819
-0.000452
0.000037
0.000805
0.001329
0.002068
0.002318
0.001616
0.001530
0.001739
0.001355
0.000730
0.000451
0.000474
0.000892
0.001096
0.001028
0.001340
0.001708
0.001788
0.001763
0.002156
0.002426
0.002308
0.001942
0.001955
0.002229
0.002365
0.001195
0.000329
0.000484
0.000202
0.000151
-0.000038
0.000095
0.000362
-0.000534
-0.000449
-0.000139
-0.000053
0.000435
0.000603
0.001348
0.001814
0.001638
0.001245
0.000537
0.000246
0.000254
-0.000176
-0.000783
-0.000435
0.000217
-0.000070
0.000300
0.000984
0.001603
0.002352
0.002557
0.002062
0.002320
0.001716
0.000561
-0.000099
0.000013
0.000525
0.000651
0.000691
0.001333
0.001988
0.003264
0.003645
0.004024
0.004152
0.003824
0.002602
0.001649
0.000434
-0.001131
-0.002409
-0.003698
-0.005795
-0.006783
-0.006393
-0.006167
-0.005135
-0.003130
-0.001596
-0.000311
0.001349
0.002457
0.003421
0.004237
0.004702
0.005165
0.004896
0.004298
0.003852
0.003003
0.001954
0.001168
0.000271
-0.000435
-0.000915
-0.000928
0.000337
0.001082
0.000824
0.000907
0.001642
0.001822
0.001883
0.002416
0.001438
0.000274
0.000268
0.000362
0.000272
0.000448
0.000511
0.000770
0.000935
0.001267
0.001000
0.001122
0.001541
0.001481
0.000978
0.000262
0.000539
0.000272
-0.000229
-0.000068
0.000075
-0.000064
0.000567
0.000477
-0.000061
-0.000100
0.000539
0.000578
0.000098
0.000307
0.000667
0.000983
0.001604
0.003013
0.003354
0.003433
0.004284
0.004912
0.004544
0.004463
0.003563
0.002664
0.002858
0.002496
0.001304
0.000794
-0.000002
-0.001201
-0.001530
-0.001530
-0.002162
-0.002258
-0.002274
-0.002332
-0.002264
-0.001805
-0.001436
-0.000872
0.000140
0.000853
0.001779
0.002426
0.002634
0.003195
0.003570
0.002976
0.001923
0.000734
0.000012
-0.000531
-0.001040
-0.000989
-0.000777
-0.000603
0.000289
0.001012
0.000843
0.001264
0.001180
0.000377
0.000377
0.000310
-0.000487
-0.001043
-0.000592
-0.000136
-0.000116
-0.000087
0.000176
0.001781
0.002994
0.003486
0.004149
0.004731
0.004113
0.003102
0.002780
0.001705
-0.000508
-0.003041
-0.003941
-0.004490
-0.005121
-0.004614
-0.003389
-0.001828
-0.000261
0.001171
0.002349
0.003725
0.004870
0.005672
0.005828
0.005187
0.004030
0.002959
0.002203
0.001525
0.000055
-0.000649
-0.000469
-0.000544
-0.000669
-0.000781
-0.000503
0.000563
0.000867
0.001027
0.002132
0.001893
0.001127
0.000471
-0.000189
0.000035
0.000358
0.000432
0.000544
0.000573
0.000822
0.001047
0.001205
0.001194
0.001196
0.001746
0.001584
0.001330
0.001489
0.000902
0.000190
0.000605
0.000977
0.000873
0.000836
0.001178
0.001618
0.001982
0.001844
0.001284
0.000769
0.000498
0.000402
0.000058
0.000038
-0.000256
-0.000426
-0.000054
0.000671
0.001503
0.002172
0.002295
0.002573
0.002938
0.002660
0.002780
0.003038
0.002726
0.002014
0.001732
0.001244
0.000015
-0.000422
-0.000184
-0.000610
-0.000511
-0.000541
-0.001307
-0.001390
-0.001454
-0.001288
-0.000910
-0.000578
-0.000568
-0.000515
0.000391
0.001617
0.003188
0.003604
0.004012
0.004689
0.003811
0.002831
0.002167
0.001179
0.000012
-0.000388
-0.000370
-0.000848
-0.001347
-0.001856
-0.001847
-0.001346
-0.001187
-0.000502
-0.000131
0.000588
0.000945
0.001496
0.002409
0.002774
0.003162
0.003212
0.003082
0.003613
0.003593
0.003326
0.002809
0.001459
0.000154
-0.000858
-0.001724
-0.002384
-0.003070
-0.004165
-0.004190
-0.003852
-0.003566
-0.002025
-0.000797
0.000560
0.001448
0.001951
0.003547
0.004117
0.004156
0.004376
0.004149
0.003817
0.003660
0.002550
0.001783
0.000716
-0.000001
0.000283
0.000248
0.000111
0.000287
0.000083
-0.000407
-0.001192
-0.001174
-0.001405
-0.001428
-0.000540
0.000089
0.000442
0.000515
0.001301
0.001449
0.001429
0.001937
0.001962
0.001324
0.000961
0.000599
0.000590
0.000575
0.000141
-0.000639
-0.001060
-0.000661
-0.000129
-0.000068
0.000369
0.001016
0.001345
0.002044
0.002391
0.001853
0.001464
0.000723
0.000195
0.000165
0.000458
-0.000060
0.000479
0.001683
0.002926
0.003966
0.004454
0.005173
0.006195
0.006644
0.005727
0.004965
0.004660
0.002809
0.001067
0.000002
-0.001276
-0.002408
-0.003185
-0.003915
-0.003683
-0.003059
-0.002553
-0.002239
-0.001633
-0.000996
-0.000162
0.001550
0.001978
0.002065
0.002505
0.002240
0.001299
0.000501
0.000059
-0.000898
-0.001379
-0.000983
-0.000169
-0.000032
-0.000312
0.000065
0.000859
0.001292
0.002044
0.002956
0.002520
0.002032
0.001709
0.001913
0.000901
-0.000578
-0.001134
-0.001529
-0.001970
-0.001865
-0.001150
0.000155
0.001400
0.002054
0.003267
0.003967
0.004502
0.003836
0.002843
0.002356
0.000669
-0.001334
-0.002258
-0.003057
-0.003430
-0.004105
-0.004032
-0.003412
-0.002531
-0.001338
0.000107
0.002118
0.003258
0.003947
0.004905
0.005062
0.005459
0.005829
0.004701
0.002768
0.001154
0.000909
0.000071
-0.001098
-0.001494
-0.001438
-0.000957
-0.000265
0.000114
-0.000232
0.000116
0.000432
0.000732
0.001294
0.001079
0.000827
0.000945
0.000757
0.000321
0.000565
0.000413
0.000526
0.001601
0.001998
0.001644
0.001155
0.000564
0.000103
-0.000044
-0.001085
-0.001582
-0.001374
-0.001725
-0.001699
-0.000715
0.000477
0.002111
0.002927
0.003301
0.004109
0.004118
0.004221
0.003253
0.001369
0.000677
-0.000495
-0.001554
-0.001356
-0.001455
-0.001848
-0.001054
-0.000560
-0.000112
0.001299
0.002401
0.002929
0.003078
0.002815
0.002589
0.002091
0.001399
0.001137
0.000482
0.000065
0.000051
-0.000187
-0.000944
-0.001120
-0.000993
-0.000232
0.000591
0.000462
0.000475
0.000479
0.000241
0.000322
0.000703
0.000952
0.001446
0.001517
0.000898
0.000609
0.001177
0.001574
0.001347
0.001071
0.000866
0.001518
0.002609
0.002540
0.001651
0.001512
0.001322
0.000692
-0.000209
-0.001842
-0.002314
-0.002171
-0.002617
-0.002728
-0.002237
-0.001870
-0.000973
0.000223
0.001571
0.003651
0.005108
0.005284
0.005421
0.005502
0.004293
0.003120
0.001404
-0.000896
-0.002846
-0.004281
-0.005358
-0.005689
-0.005538
-0.005159
-0.003682
-0.001704
0.000388
0.002280
0.003728
0.004460
0.005029
0.005157
0.004932
0.004415
0.003552
0.002216
0.001608
0.001920
0.000817
0.000133
0.000197
0.000607
0.000961
0.001438
0.001373
0.001681
0.001540
0.000440
-0.000253
-0.001150
-0.002053
-0.003100
-0.003684
-0.003802
-0.003382
-0.001942
-0.000805
0.000684
0.002388
0.003736
0.004603
0.004791
0.004530
0.004597
0.003936
0.002030
0.000553
-0.000890
-0.001753
-0.002015
-0.002480
-0.002543
-0.001853
-0.001631
-0.001732
-0.001296
-0.000391
0.000855
0.002273
0.003128
0.004164
0.004302
0.003597
0.003425
0.003163
0.002335
0.001761
0.001590
0.001425
0.002309
0.003091
0.002811
0.002457
0.002483
0.001938
0.000843
0.000222
-0.000057
-0.000544
-0.000303
-0.000133
-0.000589
-0.001202
-0.001968
-0.001566
-0.001000
-0.000431
0.000074
0.000444
0.001011
0.001001
0.001442
0.001429
0.000697
0.000842
0.000578
0.000274
-0.000193
-0.000740
-0.000911
-0.000960
-0.000326
0.000262
0.000323
0.002149
0.003318
0.003391
0.003114
0.002846
0.003161
0.001629
-0.000215
-0.001006
-0.001506
-0.002415
-0.003091
-0.002634
-0.002422
-0.001044
0.000659
0.001176
0.002366
0.003482
0.004467
0.004559
0.004035
0.002772
0.001109
-0.001135
-0.002462
-0.003092
-0.004149
-0.004846
-0.005313
-0.004536
-0.003245
-0.003098
-0.001597
0.001256
0.002912
0.003856
0.004993
0.006215
0.007618
0.007444
0.005841
0.004498
0.003651
0.001674
0.000750
0.000237
-0.000184
-0.000560
-0.000874
-0.001598
-0.001481
-0.000540
0.000031
0.000085
-0.000205
-0.000600
0.000075
0.000593
0.000822
0.000772
0.000193
0.000760
0.001087
0.000638
0.000853
0.000983
0.001098
0.001263
0.001745
0.001526
0.000603
-0.000222
-0.001168
-0.001372
-0.001845
-0.002606
-0.002172
-0.001522
-0.000923
0.000202
0.001577
0.002747
0.003421
0.003570
0.003701
0.003786
0.003066
0.001994
0.001037
0.000039
-0.000113
-0.000298
-0.001139
-0.000639
0.000675
0.000770
0.001129
0.002179
0.002264
0.002477
0.002417
0.002723
0.002662
0.001830
0.000636
-0.000469
-0.000768
-0.001825
-0.002105
-0.001986
-0.001964
-0.001605
-0.001044
-0.000407
0.000173
0.001029
0.001677
0.001845
0.001318
0.000516
0.000494
0.000014
-0.000364
0.000208
0.000609
0.001226
0.001869
0.001854
0.001807
0.002323
0.003097
0.003112
0.002635
0.001998
0.001535
0.000411
-0.000254
-0.000495
-0.001484
-0.001413
-0.001937
-0.002505
-0.001316
-0.000132
0.000762
0.002273
0.003259
0.003764
0.004427
0.004207
0.003083
0.001880
0.001137
0.000229
-0.001439
-0.002203
-0.003145
-0.003824
-0.003634
-0.003257
-0.003119
-0.003054
-0.002460
-0.001006
0.000252
0.001008
0.002250
0.003074
0.003625
0.004338
0.004906
0.004346
0.003022
0.002555
0.002181
0.000951
0.000033
-0.000088
0.000130
0.000503
-0.000121
-0.000394
-0.000227
-0.000181
-0.000386
-0.000843
-0.000613
-0.000942
-0.001421
-0.000718
-0.000464
0.000387
0.001375
0.001548
0.001424
0.001233
0.001456
0.001432
0.000458
-0.000225
-0.000085
-0.000232
-0.000907
-0.000979
-0.001055
-0.001277
-0.001372
-0.000335
0.000426
0.000276
0.001063
0.001701
0.002542
0.002817
0.002960
0.002797
0.002601
0.002658
0.001683
0.001490
0.001961
0.001787
0.002099
0.001860
0.001769
0.002159
0.002056
0.001710
0.001515
0.001507
0.001349
0.001413
0.001262
0.000144
-0.000701
-0.000490
-0.001497
-0.002992
-0.003416
-0.002797
-0.002116
-0.001002
-0.000231
0.001588
0.003197
0.003400
0.004171
0.004833
0.004389
0.003913
0.002525
0.001159
-0.000339
-0.001154
-0.002108
-0.003745
-0.004315
-0.004159
-0.002721
-0.000470
-0.000042
0.000608
0.001924
0.002432
0.003209
0.003865
0.003051
0.002166
0.002176
0.001452
0.000299
-0.000762
-0.001562
-0.001226
-0.001332
-0.000783
-0.000378
0.000595
0.001146
0.002216
0.003094
0.003138
0.002910
0.002332
0.000687
-0.000637
-0.001927
-0.002630
-0.002969
-0.003405
-0.002910
-0.002257
-0.002339
-0.001216
0.000336
0.001680
0.002750
0.004368
0.005349
0.005714
0.005686
0.004527
0.003233
0.001859
0.000458
-0.000082
-0.000836
-0.000805
-0.000773
-0.000942
-0.000450
0.000952
0.002252
0.002504
0.002592
0.003228
0.002957
0.001670
0.000434
-0.001060
-0.001633
-0.002408
-0.003866
-0.004031
-0.003274
-0.002814
-0.003184
-0.002399
-0.000822
0.001335
0.002686
0.002938
0.003102
0.002847
0.002383
0.001891
0.001645
0.001509
0.001459
0.001268
0.001316
0.001153
0.000696
0.000648
0.000490
0.000650
0.001328
0.001074
0.000838
0.001043
0.001425
0.001561
0.001558
0.002208
0.002903
0.003092
0.003341
0.003423
0.003566
0.003492
0.003057
0.002070
0.001433
-0.000191
-0.001741
-0.002522
-0.002644
-0.002384
-0.002610
-0.002516
-0.002138
-0.001107
-0.000031
0.000113
0.000259
0.000401
0.000491
0.000548
0.000295
0.000285
-0.000216
-0.000430
0.000313
0.000597
0.001186
0.001825
0.002099
0.002451
0.002928
0.003421
0.003230
0.001864
0.001656
0.001140
0.000088
-0.000106
-0.000511
-0.001520
-0.001251
-0.001471
-0.002247
-0.001864
-0.000805
0.000125
0.000986
0.001778
0.002404
0.003406
0.003580
0.003528
0.003218
0.002987
0.002586
0.001659
-0.000171
-0.000771
-0.000979
-0.002500
-0.003260
-0.003201
-0.002768
-0.002752
-0.002722
-0.001528
0.000094
0.000912
0.001168
0.002105
0.002342
0.002845
0.003628
0.003000
0.003293
0.003547
0.002708
0.001912
0.001443
0.000996
0.000680
0.000960
0.001430
0.001324
0.000982
0.001383
0.001645
0.001106
0.000242
0.000116
0.000054
-0.000837
-0.001013
-0.000932
-0.000788
-0.000853
-0.000297
0.000055
0.000360
-0.000085
-0.000543
-0.000026
-0.000209
-0.000766
-0.000397
0.000341
0.000181
0.000300
0.000664
0.000706
0.001380
0.002049
0.002386
0.002655
0.002457
0.002187
0.002002
0.001394
0.000750
0.000287
0.000384
0.001029
0.001074
0.000824
0.001315
0.002128
0.002753
0.003220
0.003652
0.004055
0.003521
0.002953
0.002357
0.001733
0.001517
0.000359
-0.000870
-0.001518
-0.002107
-0.002196
-0.001857
-0.002203
-0.001935
-0.000533
-0.000115
0.000417
0.000501
0.001176
0.001676
0.001475
0.002186
0.002823
0.002753
0.002003
0.001541
0.000872
-0.000176
-0.000361
-0.000561
-0.001312
-0.001598
-0.001774
-0.001705
-0.000350
0.000693
0.000992
0.001144
0.001172
0.001799
0.001272
0.001247
0.001358
0.001212
0.000723
0.000224
0.000324
0.000559
0.000419
0.000700
0.001091
0.001256
0.001083
0.001007
0.001074
0.000874
0.000569
-0.000044
-0.000861
-0.001625
-0.003056
-0.004551
-0.005267
-0.004760
-0.003643
-0.002415
-0.000947
0.001480
0.003750
0.004189
0.004895
0.005518
0.005362
0.005025
0.004828
0.003993
0.002682
0.001877
0.000716
0.000115
0.000362
0.000657
0.000567
0.000177
0.000625
0.001409
0.001466
0.001852
0.001369
0.000712
-0.000220
-0.000348
-0.000966
-0.001474
-0.001234
-0.001426
-0.001149
-0.000133
0.000594
0.001372
0.001608
0.001335
0.001651
0.001857
0.001692
0.001048
0.000763
0.000889
0.000138
-0.000623
-0.000220
0.000020
0.000375
0.000539
0.000440
0.001067
0.001687
0.001966
0.002191
0.001878
0.001373
0.001336
0.000968
0.001045
0.001150
0.000878
0.000965
0.001505
0.002060
0.002479
0.002730
0.003266
0.003586
0.003898
0.003422
0.002996
0.002297
0.000924
0.000116
-0.000885
-0.001692
-0.002104
-0.002422
-0.002399
-0.001708
-0.001421
-0.001550
-0.000353
0.001346
0.001253
0.000471
0.000964
0.001330
0.000975
0.000657
0.000001
-0.000589
-0.000897
-0.000590
0.000281
0.000921
0.000797
0.000904
0.001681
0.002948
0.003455
0.003284
0.003615
0.003403
0.003024
0.002262
0.001231
-0.000146
-0.001653
-0.002721
-0.002976
-0.003080
-0.003378
-0.002727
-0.001810
-0.000613
0.001178
0.002731
0.003528
0.004664
0.006085
0.006095
0.004927
0.004098
0.003189
0.001454
-0.001248
-0.003697
-0.005401
-0.006428
-0.006777
-0.007488
-0.007101
-0.005232
-0.003791
-0.000969
0.001331
0.003252
0.004884
0.005084
0.005960
0.005796
0.005911
0.005434
0.003584
0.003130
0.002019
0.000838
0.000431
0.000507
0.000437
0.000300
0.000838
0.000875
0.000805
0.000817
0.000555
0.000088
-0.000984
-0.001962
-0.001963
-0.001636
-0.001495
-0.001335
-0.000768
-0.000149
0.000617
0.001522
0.002165
0.001882
0.001700
0.001655
0.001560
0.001323
0.000718
0.000388
-0.000220
-0.000803
-0.001010
-0.000652
-0.000301
0.000023
-0.000088
-0.000051
0.000567
0.001033
0.001684
0.001895
0.002089
0.002560
0.003184
0.003790
0.003771
0.003585
0.003173
0.002907
0.002504
0.001433
0.000193
-0.000516
-0.000711
-0.000690
-0.000570
-0.000242
0.000111
-0.000194
-0.000374
-0.000234
-0.000207
-0.000327
-0.000684
-0.000423
-0.000435
-0.000162
0.000186
0.000496
0.000640
0.000764
0.001487
0.000965
0.000293
0.000745
0.000391
0.000174
0.000504
-0.000070
-0.000114
0.000793
0.001073
0.001130
0.001667
0.001964
0.001860
0.002026
0.002533
0.002406
0.001819
0.001219
0.001315
0.000145
-0.000956
-0.000884
-0.000999
-0.001989
-0.002274
-0.001423
-0.001531
-0.000669
0.000634
0.001206
0.001708
0.002382
0.002613
0.002358
0.001953
0.001508
0.001059
0.000160
-0.000529
-0.000996
-0.001592
-0.001883
-0.001691
-0.000697
-0.000002
-0.000018
0.000019
-0.000037
0.000189
0.001789
0.002012
0.002429
0.003285
0.003308
0.002880
0.002547
0.002429
0.002707
0.001851
0.001273
0.001459
0.001100
0.000480
0.000110
0.000048
-0.000396
-0.000705
-0.000557
-0.000684
-0.000242
-0.000116
0.000470
0.001315
0.001387
0.002111
0.002873
0.003365
0.003327
0.002233
0.001099
-0.000160
-0.001221
-0.002327
-0.003584
-0.004370
-0.004563
-0.004287
-0.002934
-0.000983
0.000555
0.002178
0.004043
0.004242
0.004561
0.005184
0.004980
0.004164
0.003947
0.003319
0.002055
0.001289
0.000212
-0.000776
-0.000587
-0.000542
0.000127
0.001014
0.000974
0.001926
0.002813
0.003449
0.003693
0.003337
0.002460
0.001546
0.001282
0.000785
-0.000376
-0.001091
-0.001412
-0.001800
-0.000979
-0.000296
0.000232
0.000856
0.000504
0.000121
0.000901
0.000504
-0.000280
-0.000400
-0.000687
-0.000776
-0.000641
-0.000426
0.000028
0.000509
0.001294
0.002475
0.003332
0.003026
0.002345
0.002396
0.002115
0.001999
0.001770
0.001637
0.001462
0.001294
0.000209
-0.000719
-0.000813
-0.001054
-0.001481
-0.001644
-0.001543
-0.001068
-0.000142
0.000045
0.000559
0.001440
0.001445
0.001415
0.002208
0.001806
0.001203
0.001134
0.000285
-0.000615
-0.001366
-0.002293
-0.003131
-0.003023
-0.002203
-0.002019
-0.000858
0.001067
0.001863
0.002124
0.002504
0.003709
0.003788
0.003434
0.002838
0.002347
0.002579
0.002290
0.001723
0.001440
0.002282
0.003109
0.002530
0.001587
0.001319
0.001218
0.000760
-0.000536
-0.001048
-0.000832
-0.001445
-0.001573
-0.001700
-0.001688
-0.000714
0.000227
0.000554
0.000957
0.002177
0.003063
0.003457
0.003179
0.002990
0.002617
0.001771
0.000831
-0.000141
-0.000847
-0.001133
-0.001209
-0.001313
-0.000911
-0.001019
-0.000580
0.001035
0.002427
0.003054
0.003329
0.003393
0.003154
0.002933
0.002185
0.001181
0.000555
0.000247
0.000044
0.000334
0.001437
0.001731
0.002370
0.003918
0.004821
0.004947
0.004324
0.003947
0.003811
0.003390
0.001459
-0.000010
-0.000700
-0.002271
-0.002987
-0.003166
-0.003415
-0.002134
-0.000589
0.000299
0.001459
0.002577
0.003370
0.003076
0.002466
0.001605
0.000653
0.000442
-0.001248
-0.002234
-0.002306
-0.002637
-0.002382
-0.001217
-0.000063
0.001197
0.002669
0.003757
0.004290
0.004024
0.004383
0.004660
0.003234
0.001949
0.001461
0.000452
-0.001054
-0.001724
-0.001609
-0.002089
-0.001982
-0.001830
-0.001257
-0.000063
0.001304
0.002665
0.003585
0.003587
0.003092
0.003568
0.003896
0.003147
0.001675
0.000227
-0.000496
-0.001326
-0.002181
-0.001923
-0.002048
-0.001863
-0.001429
-0.001201
-0.000003
0.000840
0.001599
0.002128
0.002738
0.003386
0.003225
0.003059
0.002205
0.001332
0.000555
0.000255
0.001106
0.000613
0.000646
0.001066
0.000660
0.000280
0.000639
0.000957
0.001049
0.000858
0.000790
0.000499
0.000009
0.000092
-0.000061
-0.000629
-0.001008
-0.000615
-0.000198
0.000057
0.000021
0.000656
0.001464
0.001884
0.001975
0.001170
0.000795
0.001092
0.000965
0.000995
0.001204
0.001400
0.001489
0.001452
0.001533
0.001801
0.001464
0.001230
0.001637
0.001677
0.002047
0.001560
0.000031
-0.000493
-0.000183
-0.000422
-0.000395
-0.000091
0.000467
0.001377
0.002135
0.003191
0.003399
0.003116
0.003201
0.003001
0.002967
0.002151
0.000995
0.000334
0.000510
0.000124
-0.001016
-0.001171
-0.001708
-0.002313
-0.002278
-0.001216
-0.000097
0.000078
0.000962
0.001836
0.002538
0.002863
0.002226
0.001812
0.001573
0.000388
0.000075
-0.000376
-0.000300
-0.000202
-0.000754
-0.000192
0.000549
0.000888
0.001475
0.002376
0.003165
0.003270
0.003298
0.003646
0.002703
0.000375
-0.000857
-0.001863
-0.002904
-0.003665
-0.004074
-0.004134
-0.003668
-0.002169
-0.000088
0.001826
0.003146
0.004457
0.005730
0.006046
0.006205
0.005145
0.003104
0.001632
-0.000458
-0.003329
-0.005526
-0.006014
-0.005949
-0.005554
-0.004214
-0.002870
-0.001422
0.000733
0.003077
0.004717
0.005454
0.005872
0.005555
0.005224
0.004479
0.003473
0.002571
0.001332
0.001177
0.000762
0.000106
-0.000183
-0.000201
-0.000050
0.000520
0.000672
0.000631
-0.000005
-0.000968
-0.001106
-0.000980
0.000007
0.000535
0.000229
0.000433
0.000884
0.001524
0.001802
0.001565
0.001732
0.002301
0.002278
0.002357
0.001778
0.000849
0.001080
0.000376
-0.000740
-0.001091
-0.001311
-0.001667
-0.002723
-0.002794
-0.001515
-0.000269
0.000700
0.002162
0.003899
0.005053
0.005591
0.005681
0.005481
0.004576
0.003530
0.002141
0.000424
-0.000882
-0.001955
-0.002723
-0.002783
-0.001221
0.000469
0.001170
0.002252
0.002084
0.001355
0.001468
0.001612
0.002084
0.002508
0.002232
0.001490
0.000940
0.000052
-0.000658
-0.000676
-0.000668
-0.000169
0.001076
0.000737
0.000466
0.000338
-0.001305
-0.001574
-0.001734
-0.001056
-0.000604
0.000428
0.002193
0.002721
0.002844
0.002453
0.002464
0.002472
0.001579
0.000717
0.000336
0.000085
0.000250
0.001174
0.002771
0.003856
0.004523
0.004517
0.002351
-0.000365
-0.002162
-0.003876
-0.004279
-0.003664
-0.002836
0.000057
0.003755
0.007301
0.009629
0.010094
0.008775
0.005754
0.001109
-0.004576
-0.008610
-0.010142
-0.009095
-0.006580
-0.003603
0.000228
0.004225
0.006631
0.007255
0.005861
0.002288
0.000088
-0.001242
-0.001758
-0.001721
-0.001068
0.000254
0.002136
0.004840
0.006548
0.007388
0.007809
0.006818
0.003948
-0.000432
-0.004175
-0.005951
-0.006316
-0.005507
-0.003086
-0.000166
0.001468
0.001904
0.002350
0.003154
0.004030
0.004604
0.003946
0.002082
0.000858
-0.000013
-0.000229
-0.001033
-0.002493
-0.002846
-0.002756
-0.003440
-0.003114
-0.002016
-0.000369
0.002197
0.004237
0.006465
0.008235
0.008153
0.007101
0.004933
0.002084
-0.001650
-0.005094
-0.007297
-0.008359
-0.007738
-0.004656
-0.000432
0.004146
0.008105
0.010695
0.011690
0.010823
0.008597
0.005295
0.001580
-0.002034
-0.004999
-0.006908
-0.007547
-0.005880
-0.003538
-0.000989
0.002015
0.004052
0.005815
0.007838
0.009015
0.008238
0.006352
0.003594
-0.000477
-0.004679
-0.007191
-0.008856
-0.009603
-0.008584
-0.006052
-0.002007
0.002439
0.006500
0.010321
0.012638
0.011829
0.008754
0.003962
-0.000907
-0.004308
-0.006027
-0.006304
-0.005147
-0.004103
-0.003231
-0.000580
0.002142
0.005007
0.006861
0.006758
0.005357
0.003057
0.000075
-0.004459
-0.007558
-0.008780
-0.008244
-0.006190
-0.003450
-0.000640
0.002147
0.004659
0.006780
0.008045
0.007432
0.006984
0.005951
0.004580
0.003489
0.001851
-0.000522
-0.002856
-0.005486
-0.007253
-0.008277
-0.008275
-0.005782
-0.003591
-0.001344
0.001474
0.003945
0.006600
0.008874
0.010025
0.010828
0.010437
0.008946
0.006590
0.003439
0.000310
-0.002971
-0.005755
-0.007015
-0.007333
-0.006997
-0.005236
-0.003071
-0.001103
0.000807
0.001681
0.002196
0.002663
0.003561
0.004229
0.003864
0.003101
0.002062
0.001615
0.001274
0.000132
0.000570
0.001863
0.002541
0.003538
0.004817
0.006016
0.005859
0.003534
0.001238
-0.001545
-0.005576
-0.008444
-0.010520
-0.011337
-0.009785
-0.006640
-0.001799
0.004092
0.008619
0.012752
0.014717
0.014412
0.012946
0.009343
0.004602
-0.000275
-0.004204
-0.007104
-0.008650
-0.007320
-0.004451
-0.001941
0.000786
0.003150
0.004390
0.004727
0.003933
0.002069
0.001087
0.000782
0.000658
0.000480
0.000571
0.001488
0.002147
0.002493
0.002535
0.001903
0.001430
0.000574
-0.000188
-0.000883
-0.001721
-0.002823
-0.003686
-0.004038
-0.004321
-0.002993
-0.000435
0.002062
0.003977
0.005861
0.008161
0.008640
0.007827
0.006780
0.004711
0.001521
-0.001990
-0.005110
-0.007751
-0.008437
-0.007512
-0.005906
-0.003271
0.000369
0.003716
0.006080
0.006763
0.006273
0.005243
0.003552
0.000845
-0.001343
-0.002429
-0.003188
-0.003378
-0.002674
-0.001862
-0.000123
0.001015
0.002256
0.003070
0.002607
0.002134
0.001186
0.000023
-0.001010
-0.001793
-0.002083
-0.001946
-0.001940
-0.001628
-0.000723
0.000277
0.002837
0.005585
0.006527
0.005990
0.005963
0.004807
0.003034
0.002266
0.001323
0.000168
-0.000439
-0.000644
-0.001480
-0.001639
-0.001781
-0.001303
-0.000383
0.000205
0.000544
0.000476
0.000323
0.000774
0.001090
0.000917
0.001394
0.001783
0.001913
0.002517
0.002943
0.002982
0.003121
0.002893
0.002491
0.000774
-0.001099
-0.002372
-0.003122
-0.003328
-0.003266
-0.002840
-0.001509
0.000253
0.001931
0.003404
0.004268
0.005255
0.006198
0.005753
0.005148
0.004091
0.002758
0.002072
0.000829
-0.000746
-0.001641
-0.001692
-0.000960
-0.000262
0.000934
0.003252
0.004131
0.004593
0.005569
0.005476
0.004500
0.002631
0.000258
-0.001505
-0.003831
-0.005365
-0.005305
-0.005365
-0.004417
-0.001628
0.001440
0.003457
0.005031
0.005823
0.006146
0.004130
0.001653
0.000651
-0.000509
-0.001651
-0.001860
-0.000905
-0.000427
0.000009
0.000831
0.001793
0.002694
0.003712
0.004212
0.003181
0.001564
0.000083
-0.001194
-0.002291
-0.003054
-0.003564
-0.003250
-0.002041
-0.000710
0.000896
0.002646
0.003460
0.003942
0.004574
0.004072
0.002611
0.000891
-0.001449
-0.003499
-0.004807
-0.005041
-0.004810
-0.003729
-0.001620
0.001004
0.002687
0.004288
0.005541
0.005506
0.005163
0.003867
0.001779
0.000584
-0.001401
-0.002230
-0.001787
-0.001123
0.000346
0.001532
0.002058
0.002112
0.003039
0.003775
0.003417
0.003008
0.001999
0.001042
0.000744
-0.000722
-0.002309
-0.002214
-0.002187
-0.001728
-0.000161
0.001107
0.002634
0.003641
0.004555
0.004289
0.003684
0.002799
0.000962
-0.000762
-0.001862
-0.002099
-0.002537
-0.002759
-0.001999
-0.000753
0.000455
0.001266
0.001887
0.002358
0.002715
0.003004
0.002097
0.001220
0.001160
0.000793
-0.000414
-0.000497
-0.000541
-0.000373
0.000045
0.000496
0.000946
0.001792
0.002740
0.002864
0.003164
0.004015
0.005124
0.005052
0.003961
0.003727
0.003297
0.001568
0.000239
-0.000870
-0.002213
-0.004004
-0.004457
-0.003876
-0.003899
-0.002747
-0.000019
0.002818
0.004799
0.006436
0.008136
0.007729
0.006122
0.004288
0.002259
0.000138
-0.002593
-0.003915
-0.005094
-0.005380
-0.004011
-0.002700
-0.001219
0.001035
0.003563
0.004093
0.004224
0.005015
0.005205
0.004242
0.002870
0.001026
-0.000451
-0.001180
-0.002184
-0.002529
-0.002589
-0.001892
-0.000301
0.001026
0.002463
0.004164
0.005922
0.006096
0.005254
0.004525
0.003507
0.002658
0.001228
-0.000921
-0.002388
-0.002927
-0.003622
-0.004392
-0.004671
-0.004672
-0.003957
-0.002456
-0.001370
0.000217
0.002061
0.002889
0.003597
0.004172
0.004056
0.004222
0.004323
0.003266
0.002228
0.001411
0.001412
0.001563
0.001463
0.001369
0.001500
0.001753
0.001848
0.001941
0.000704
-0.001142
-0.001569
-0.001605
-0.002264
-0.002510
-0.001952
-0.001116
0.000004
0.000442
0.001397
0.003553
0.004475
0.004143
0.003337
0.002386
0.000983
-0.000776
-0.001538
-0.001140
-0.001366
-0.001339
-0.000226
0.001025
0.000939
0.002078
0.003122
0.002983
0.002732
0.001164
-0.000418
-0.001915
-0.003183
-0.002504
0.000102
0.001743
0.003079
0.005725
0.006669
0.005741
0.003995
0.001988
0.001329
0.001528
0.000488
-0.000358
-0.000607
0.000088
0.001530
0.003153
0.004591
0.004195
0.001275
-0.001747
-0.003140
-0.003480
-0.004211
-0.004370
-0.003227
-0.000620
0.002014
0.004280
0.005770
0.006573
0.005471
0.003137
0.001733
0.000836
-0.001693
-0.005065
-0.006917
-0.006557
-0.004945
-0.003091
0.000565
0.004515
0.006830
0.008401
0.009766
0.009008
0.006037
0.002534
-0.000471
-0.003700
-0.007429
-0.009830
-0.009717
-0.007703
-0.003410
0.002008
0.007043
0.010157
0.010860
0.009934
0.007152
0.003559
-0.000631
-0.005365
-0.008797
-0.010126
-0.010890
-0.009815
-0.004223
0.003818
0.011391
0.015855
0.015391
0.009976
0.002119
-0.005150
-0.010978
-0.013565
-0.013443
-0.009764
-0.001859
0.005756
0.009752
0.009627
0.006683
0.003139
0.001106
0.001350
0.002780
0.005291
0.009557
0.012980
0.013628
0.012458
0.009030
0.004404
-0.001202
-0.007691
-0.013375
-0.017821
-0.020319
-0.018939
-0.013309
-0.003608
0.008754
0.021360
0.028915
0.028969
0.022849
0.009967
-0.005750
-0.021475
-0.034670
-0.041380
-0.038893
-0.025439
-0.003740
0.017081
0.030069
0.034331
0.033173
0.028542
0.021424
0.012047
0.002216
-0.007039
-0.016023
-0.021987
-0.023532
-0.019544
-0.010372
-0.000393
0.009212
0.015625
0.018461
0.016598
0.009611
-0.000253
-0.009021
-0.012645
-0.011799
-0.008316
-0.003824
0.002030
0.009345
0.016777
0.020300
0.020465
0.017895
0.012572
0.007187
0.001685
-0.005283
-0.013506
-0.019605
-0.022095
-0.021500
-0.018398
-0.014271
-0.008174
-0.000324
0.008170
0.014895
0.017696
0.018216
0.016782
0.015023
0.012062
0.007664
0.002285
-0.005668
-0.013946
-0.020957
-0.022809
-0.020391
-0.015609
-0.009983
-0.003796
0.002674
0.009535
0.017210
0.024409
0.027824
0.028650
0.027892
0.023367
0.014258
0.002140
-0.012532
-0.028022
-0.040894
-0.047668
-0.046603
-0.037100
-0.019390
0.003212
0.025275
0.042739
0.053652
0.055488
0.048394
0.032377
0.011115
-0.009944
-0.026693
-0.038857
-0.042656
-0.039540
-0.030232
-0.014573
0.002742
0.017460
0.027883
0.031401
0.029171
0.021955
0.012343
0.001312
-0.010229
-0.019676
-0.022951
-0.021406
-0.015644
-0.009675
-0.004301
0.004322
0.014743
0.022089
0.025487
0.025269
0.020934
0.014521
0.006354
-0.002770
-0.011862
-0.020090
-0.026387
-0.030048
-0.030669
-0.027342
-0.018717
-0.006323
0.009405
0.024756
0.036066
0.042046
0.042086
0.037020
0.027444
0.014625
-0.001253
-0.017728
-0.030891
-0.041209
-0.045815
-0.045329
-0.040292
-0.030306
-0.017546
-0.001111
0.019262
0.038732
0.054074
0.059958
0.058082
0.048308
0.031803
0.010849
-0.012462
-0.032632
-0.049108
-0.057401
-0.056395
-0.043928
-0.023400
0.002147
0.027770
0.047531
0.056603
0.056087
0.045565
0.027841
0.006069
-0.018303
-0.040193
-0.054303
-0.058169
-0.051266
-0.034749
-0.010986
0.015595
0.038832
0.055393
0.061435
0.056873
0.042146
0.019732
-0.005904
-0.029978
-0.049737
-0.060365
-0.061399
-0.051823
-0.032954
-0.010481
0.011905
0.031476
0.045466
0.050898
0.049930
0.042972
0.029925
0.014077
-0.002495
-0.016104
-0.025109
-0.029719
-0.030703
-0.028727
-0.024260
-0.017768
-0.009345
-0.000022
0.008594
0.015877
0.021558
0.024864
0.025805
0.021686
0.013568
0.003031
-0.008937
-0.019318
-0.027657
-0.031356
-0.028228
-0.019267
-0.006657
0.008650
0.022611
0.031414
0.034435
0.032744
0.025764
0.014969
0.003117
-0.009103
-0.019497
-0.026737
-0.029780
-0.027978
-0.021626
-0.011717
0.000521
0.012645
0.023317
0.030174
0.031576
0.027335
0.018586
0.008844
-0.000600
-0.007943
-0.012617
-0.015700
-0.016522
-0.014792
-0.012249
-0.010967
-0.009532
-0.007907
-0.005377
-0.001860
0.001801
0.005536
0.009120
0.011660
0.013967
0.014881
0.014970
0.013696
0.010840
0.007088
0.001914
-0.004055
-0.010261
-0.014881
-0.016642
-0.014955
-0.010282
-0.004301
0.002458
0.008151
0.012512
0.015513
0.015263
0.012025
0.006876
0.001192
-0.004456
-0.007701
-0.008940
-0.007434
-0.004444
-0.000410
0.003573
0.006672
0.008976
0.009077
0.007571
0.004588
0.001692
-0.001352
-0.003905
-0.004334
-0.003420
-0.000137
0.003310
0.004928
0.005527
0.004162
0.001478
-0.002434
-0.006403
-0.009595
-0.011096
-0.010718
-0.009294
-0.006290
-0.002560
0.001579
0.004569
0.007054
0.010170
0.013127
0.015634
0.016385
0.015143
0.011481
0.007452
0.002844
-0.002564
-0.007564
-0.011336
-0.013385
-0.014470
-0.014364
-0.012826
-0.010170
-0.006194
-0.001944
0.002550
0.007851
0.012789
0.016174
0.018286
0.018635
0.016191
0.011023
0.004484
-0.003388
-0.010706
-0.015679
-0.018793
-0.019359
-0.015994
-0.010172
-0.003094
0.005138
0.012236
0.017065
0.018790
0.018511
0.015636
0.010629
0.004857
-0.001414
-0.007877
-0.013014
-0.016555
-0.017183
-0.014792
-0.010642
-0.004094
0.003977
0.011514
0.016869
0.019003
0.018708
0.016336
0.011319
0.005389
0.000123
-0.003507
-0.006697
-0.008000
-0.007520
-0.006826
-0.005059
-0.003673
-0.001309
0.001120
0.002670
0.003559
0.003649
0.002751
0.000676
-0.002478
-0.005827
-0.008419
-0.009222
-0.008682
-0.007265
-0.003696
0.001767
0.007070
0.011752
0.016065
0.017552
0.017637
0.016209
0.011654
0.007254
0.001525
-0.004429
-0.009054
-0.011924
-0.014052
-0.014187
-0.011610
-0.006840
-0.001539
0.003316
0.007607
0.011015
0.013138
0.013699
0.012308
0.010361
0.006813
0.001606
-0.002515
-0.005774
-0.008889
-0.010072
-0.009724
-0.008094
-0.005411
-0.001918
0.001820
0.004898
0.007037
0.008418
0.009132
0.008774
0.006250
0.003507
0.000094
-0.003468
-0.006704
-0.009055
-0.009370
-0.007643
-0.005106
-0.001488
0.003903
0.008568
0.012758
0.014948
0.014853
0.013400
0.009664
0.003742
-0.003409
-0.009667
-0.014414
-0.017161
-0.017286
-0.013348
-0.007537
-0.001605
0.004755
0.010179
0.013440
0.014382
0.012813
0.009062
0.004170
-0.001366
-0.004905
-0.006675
-0.006786
-0.005911
-0.003940
-0.001425
0.001004
0.002320
0.002276
0.000852
-0.001570
-0.003467
-0.004689
-0.004994
-0.004580
-0.001971
0.002366
0.005920
0.009636
0.012929
0.014537
0.014624
0.012945
0.009464
0.005264
0.000887
-0.004330
-0.008700
-0.011189
-0.011961
-0.012106
-0.010441
-0.007136
-0.003091
0.000853
0.004741
0.007539
0.009375
0.010115
0.010132
0.008717
0.006191
0.003838
0.001453
-0.000696
-0.001953
-0.003247
-0.004425
-0.004343
-0.003983
-0.003999
-0.002859
-0.001655
-0.000882
0.000250
0.001046
0.001319
0.001909
0.002416
0.001787
0.001074
0.001178
0.002007
0.003224
0.005134
0.006421
0.007136
0.007384
0.007800
0.007036
0.005460
0.002817
-0.000768
-0.003759
-0.006176
-0.007153
-0.007925
-0.007691
-0.005080
-0.001190
0.002225
0.004979
0.008201
0.010714
0.011313
0.010776
0.009661
0.007649
0.003685
-0.000559
-0.004212
-0.008230
-0.011815
-0.012819
-0.012669
-0.012214
-0.009745
-0.005285
-0.001056
0.004125
0.008736
0.012452
0.015103
0.015216
0.013566
0.011012
0.007546
0.003616
-0.000329
-0.004131
-0.007122
-0.007667
-0.007332
-0.006173
-0.004046
-0.000720
0.002128
0.003611
0.004721
0.004724
0.003625
0.001577
-0.000997
-0.002991
-0.004412
-0.004611
-0.003896
-0.002336
0.000696
0.004243
0.006296
0.007324
0.007501
0.006174
0.002606
-0.000915
-0.004068
-0.007301
-0.009282
-0.009518
-0.008661
-0.005563
-0.000751
0.004725
0.010070
0.013193
0.015034
0.015453
0.013623
0.009659
0.005077
0.000534
-0.003187
-0.006146
-0.008127
-0.008252
-0.007520
-0.006926
-0.005267
-0.002466
0.000273
0.002014
0.002968
0.003711
0.004192
0.003691
0.002390
0.001237
0.000227
0.000070
0.000464
0.001504
0.003576
0.005828
0.006936
0.007699
0.007933
0.006338
0.003798
0.000734
-0.002940
-0.005798
-0.008521
-0.010009
-0.010043
-0.009516
-0.008016
-0.004879
-0.000597
0.003073
0.006644
0.010167
0.012017
0.012967
0.012548
0.011085
0.009726
0.007222
0.004694
0.002620
0.000672
-0.001974
-0.003486
-0.003524
-0.003553
-0.003233
-0.003048
-0.002994
-0.002420
-0.002088
-0.002119
-0.003078
-0.003865
-0.003841
-0.004078
-0.003708
-0.002559
-0.000021
0.002998
0.006063
0.009897
0.012264
0.012627
0.011744
0.009705
0.005970
0.001149
-0.003938
-0.008671
-0.012057
-0.014610
-0.015667
-0.014989
-0.012214
-0.008444
-0.003834
0.002106
0.007863
0.012775
0.015306
0.015924
0.015474
0.013014
0.009423
0.005375
0.002149
-0.001097
-0.004589
-0.006919
-0.007671
-0.007252
-0.005750
-0.003620
-0.001530
0.000820
0.002870
0.003894
0.003884
0.003026
0.002215
0.000996
-0.000731
-0.001631
-0.002468
-0.002517
-0.002145
-0.000853
0.000720
0.002072
0.002847
0.003532
0.003351
0.002913
0.001581
-0.000205
-0.001568
-0.002638
-0.001843
-0.000761
0.000620
0.002556
0.004553
0.006435
0.008095
0.008281
0.008170
0.007293
0.004484
0.000338
-0.002938
-0.005748
-0.008485
-0.009341
-0.008833
-0.007406
-0.004226
-0.000412
0.003529
0.007089
0.010293
0.011568
0.010066
0.007714
0.004918
0.001525
-0.001636
-0.003251
-0.004252
-0.004413
-0.003697
-0.002002
-0.000325
0.000173
-0.000055
-0.000013
-0.000839
-0.002557
-0.003250
-0.004071
-0.003982
-0.002927
-0.000935
0.001908
0.004559
0.007682
0.010434
0.012539
0.014112
0.013016
0.011436
0.008984
0.005273
0.001080
-0.003264
-0.006317
-0.008857
-0.009226
-0.008016
-0.005832
-0.003150
0.001092
0.003116
0.003997
0.004430
0.003885
0.003070
0.001336
-0.001448
-0.003283
-0.003535
-0.003631
-0.002883
-0.001126
0.000237
0.001801
0.003094
0.004234
0.005257
0.005136
0.004178
0.002654
0.001222
0.000104
-0.001353
-0.002794
-0.003623
-0.004401
-0.003974
-0.002585
-0.001695
-0.000110
0.002260
0.004671
0.006910
0.008136
0.008926
0.009717
0.008202
0.005412
0.002938
-0.000525
-0.003735
-0.006786
-0.009319
-0.010937
-0.010697
-0.008378
-0.005376
-0.001295
0.001808
0.004407
0.007779
0.009854
0.009782
0.008248
0.006106
0.003422
0.000181
-0.002906
-0.004674
-0.004822
-0.005354
-0.004616
-0.001808
0.000378
0.001887
0.003568
0.004755
0.005030
0.004989
0.004134
0.002488
0.001042
-0.000744
-0.001866
-0.001022
0.000801
0.002255
0.003524
0.005230
0.006269
0.006320
0.005600
0.004205
0.002670
-0.000463
-0.003608
-0.005806
-0.007733
-0.008085
-0.008339
-0.008267
-0.006244
-0.003841
-0.001285
0.001323
0.003704
0.005440
0.007016
0.007557
0.007216
0.007011
0.005466
0.003219
0.001702
0.000093
-0.001474
-0.003047
-0.004801
-0.005321
-0.004470
-0.003623
-0.002219
0.000984
0.004630
0.007250
0.009046
0.010765
0.010789
0.008751
0.006055
0.003463
0.000171
-0.002716
-0.004291
-0.005834
-0.006841
-0.006507
-0.004722
-0.002509
-0.000068
0.002118
0.003927
0.005413
0.005861
0.005526
0.004091
0.002136
0.000407
-0.001085
-0.002740
-0.003898
-0.004229
-0.003585
-0.002315
-0.001251
0.000527
0.001603
0.002035
0.002040
0.001971
0.001372
-0.000470
-0.000516
-0.000248
-0.001039
-0.001152
-0.000316
0.000692
0.002375
0.004006
0.005293
0.007114
0.007879
0.008058
0.007278
0.005335
0.003135
0.001178
0.000250
-0.001957
-0.003594
-0.004349
-0.004607
-0.004776
-0.004680
-0.005006
-0.004895
-0.004088
-0.002961
-0.001848
-0.000959
0.000281
0.001443
0.002509
0.002775
0.003290
0.003664
0.003669
0.002953
0.002064
0.001655
0.000297
-0.001536
-0.002229
-0.002355
-0.002174
-0.001121
0.000949
0.002957
0.004507
0.005567
0.006751
0.007013
0.005572
0.003772
0.001822
-0.000782
-0.003412
-0.004359
-0.004351
-0.003289
-0.001789
-0.000097
0.002331
0.004407
0.005532
0.006229
0.005940
0.004861
0.002898
0.000914
-0.001138
-0.002912
-0.004888
-0.005987
-0.005938
-0.005258
-0.003752
-0.001968
-0.000105
0.001071
0.001933
0.003026
0.003733
0.004051
0.004014
0.003376
0.002498
0.002006
0.001789
0.001547
0.001661
0.000518
-0.000378
-0.000755
-0.000940
-0.000112
0.000907
0.001805
0.003346
0.004749
0.006233
0.007099
0.007265
0.006556
0.005484
0.004551
0.002686
-0.000037
-0.002194
-0.004383
-0.006450
-0.007114
-0.007061
-0.005533
-0.003522
-0.001649
0.000445
0.001684
0.002589
0.004163
0.005392
0.004979
0.003712
0.002716
0.001800
0.000481
-0.000813
-0.001356
-0.001124
-0.000532
-0.000585
-0.000071
0.000599
0.000729
0.000067
0.000571
0.001094
0.001106
0.000634
0.001344
0.002372
0.003255
0.004633
0.005239
0.005651
0.005544
0.005640
0.005395
0.004402
0.002149
-0.000465
-0.002196
-0.004243
-0.005698
-0.006451
-0.006775
-0.006098
-0.004519
-0.002724
-0.000371
0.000713
0.001730
0.003366
0.004906
0.004148
0.002161
0.000825
0.000106
-0.000699
-0.001611
-0.001601
-0.000828
-0.000213
0.000694
0.001798
0.002751
0.003466
0.004954
0.006210
0.005915
0.005149
0.003995
0.002974
0.001425
-0.000087
-0.000792
-0.001266
-0.001732
-0.002185
-0.002180
-0.000786
0.000230
0.000113
0.000401
0.000931
0.001259
0.001831
0.002101
0.002053
0.001599
0.001642
0.001765
0.001277
0.000333
-0.000208
-0.000406
-0.000596
-0.000659
-0.000864
-0.001239
-0.000899
-0.000687
-0.000573
0.000326
0.001024
0.001567
0.002507
0.003469
0.004488
0.005241
0.005115
0.004113
0.002978
0.001955
0.001717
0.001347
0.000013
0.000187
0.000932
0.000814
0.001652
0.002887
0.003203
0.003780
0.003506
0.001781
0.000652
-0.000107
-0.001301
-0.002822
-0.003578
-0.003565
-0.003551
-0.002393
-0.000207
0.001162
0.002502
0.003929
0.004705
0.005171
0.004964
0.004118
0.002227
-0.000273
-0.001767
-0.003049
-0.003866
-0.004351
-0.004194
-0.003583
-0.002808
-0.000600
0.001615
0.002979
0.004482
0.005373
0.005420
0.005334
0.004427
0.003223
0.001901
0.000844
-0.000165
-0.000688
-0.000267
-0.000337
0.000293
0.001483
0.001210
0.001380
0.002197
0.002709
0.002643
0.001395
0.000140
-0.001709
-0.003247
-0.003750
-0.004128
-0.004422
-0.003971
-0.002987
-0.001573
0.000860
0.003127
0.004354
0.005031
0.005819
0.006782
0.006636
0.005422
0.003270
0.000923
-0.000606
-0.002301
-0.003021
-0.003180
-0.003837
-0.002997
-0.002341
-0.001654
0.000449
0.001613
0.002289
0.003474
0.004681
0.005925
0.006276
0.005194
0.004584
0.003934
0.002645
0.001334
0.000159
-0.001766
-0.003518
-0.004429
-0.004821
-0.004233
-0.003304
-0.002063
-0.000970
0.000008
0.001105
0.002216
0.002699
0.003217
0.004093
0.003988
0.002966
0.001839
0.000679
0.000759
-0.000276
-0.001641
-0.002197
-0.001778
-0.001243
-0.000962
-0.000197
0.001111
0.001824
0.003415
0.004774
0.005253
0.004766
0.004501
0.004946
0.004683
0.004247
0.004383
0.003952
0.002970
0.002127
0.001239
-0.000050
-0.001500
-0.002213
-0.002197
-0.002698
-0.002594
-0.001664
-0.001613
-0.000860
-0.000028
0.000609
0.002023
0.002621
0.003300
0.003587
0.003374
0.003144
0.002657
0.001147
-0.000290
-0.001274
-0.002517
-0.003174
-0.002993
-0.002234
-0.001401
0.000018
0.000799
0.001816
0.002960
0.003677
0.004105
0.003756
0.003251
0.002929
0.001957
0.000268
-0.000423
-0.000264
-0.000527
-0.000914
-0.000548
0.000412
0.001439
0.001816
0.002169
0.001481
0.000546
-0.000039
-0.000629
-0.001573
-0.002625
-0.003249
-0.003134
-0.002806
-0.002739
-0.002456
-0.001916
-0.000899
-0.000136
0.000234
0.001660
0.001653
0.001234
0.001609
0.002494
0.003544
0.003152
0.002316
0.002396
0.002644
0.002950
0.003049
0.003471
0.003504
0.002863
0.002797
0.002160
0.001557
0.000731
-0.000200
-0.000876
-0.001722
-0.001634
-0.001579
-0.001913
-0.001846
-0.001208
-0.000232
0.001018
0.001823
0.002506
0.003385
0.003684
0.003911
0.004079
0.003644
0.002578
0.001030
-0.000147
-0.001360
-0.002216
-0.003031
-0.004006
-0.003894
-0.003656
-0.003392
-0.003581
-0.002875
-0.001346
-0.000303
0.000501
0.001909
0.004460
0.005754
0.005932
0.006062
0.005897
0.005039
0.004172
0.003215
0.002552
0.002076
0.001520
0.000297
-0.000478
-0.000794
-0.000476
0.000230
0.000495
0.000920
0.000577
-0.000294
-0.000563
-0.001300
-0.001697
-0.001488
-0.000965
-0.000543
-0.000180
0.000589
0.001621
0.002165
0.002866
0.003627
0.003131
0.002627
0.002532
0.001609
-0.000188
-0.001577
-0.002733
-0.003869
-0.004093
-0.003517
-0.003124
-0.002969
-0.002028
0.000070
0.002380
0.003637
0.003965
0.004392
0.005149
0.005010
0.004495
0.004165
0.003631
0.002788
0.001480
0.000805
0.000485
0.000024
-0.000827
-0.000336
-0.000315
-0.001244
-0.001512
-0.001992
-0.001905
-0.002185
-0.002426
-0.001589
-0.001181
-0.001366
-0.000574
0.000504
0.000713
0.000706
0.000661
0.000106
0.000285
0.000379
0.000022
0.000001
0.000056
0.000476
0.000315
0.000430
0.001303
0.002096
0.002184
0.002078
0.002196
0.002818
0.003427
0.003701
0.003711
0.002428
0.001277
0.000921
0.000819
-0.000144
-0.000282
-0.000031
0.000586
0.001151
0.001584
0.002164
0.002130
0.002655
0.002708
0.002469
0.001831
0.001421
0.000759
0.000183
-0.000380
-0.002232
-0.002979
-0.004009
-0.005205
-0.004839
-0.004493
-0.003905
-0.002302
-0.000243
0.001765
0.002483
0.003307
0.004453
0.004705
0.004615
0.004591
0.004967
0.004899
0.004308
0.003621
0.003017
0.003184
0.002506
0.001375
0.001023
0.000992
-0.000050
-0.000571
-0.000673
-0.001387
-0.002488
-0.003018
-0.002832
-0.002311
-0.001734
-0.001283
0.000155
0.001045
0.001964
0.003200
0.003850
0.004562
0.004451
0.003332
0.001984
0.001260
0.000316
-0.000743
-0.002126
-0.002642
-0.002794
-0.003244
-0.003047
-0.002867
-0.002169
-0.000938
0.000172
0.001968
0.004079
0.004389
0.004557
0.004527
0.003873
0.002636
0.001360
-0.000351
-0.001506
-0.001632
-0.002293
-0.002628
-0.001884
-0.000409
0.000907
0.002275
0.004498
0.005288
0.006122
0.006328
0.005182
0.003678
0.001722
-0.000213
-0.002377
-0.004529
-0.005810
-0.005765
-0.005430
-0.004232
-0.002502
-0.000606
0.001367
0.002892
0.003925
0.004911
0.005633
0.005579
0.004443
0.002887
0.001434
0.000051
-0.000224
-0.000330
-0.001080
-0.000610
0.000422
0.000858
0.001257
0.002332
0.003679
0.004311
0.004068
0.003128
0.002671
0.001987
0.001044
0.000063
-0.001050
-0.001254
-0.001711
-0.001992
-0.001818
-0.001741
-0.000532
0.000482
0.000471
0.001077
0.001532
0.002123
0.002196
0.001480
0.000985
0.000872
-0.000004
-0.001141
-0.001484
-0.001967
-0.001553
-0.001075
-0.001423
-0.001301
0.000029
0.001395
0.001949
0.002732
0.003288
0.003902
0.004794
0.004763
0.004498
0.004860
0.004995
0.004300
0.003583
0.002997
0.002509
0.002188
0.001397
0.001400
0.001209
0.001340
0.001106
-0.000350
-0.000711
-0.000840
-0.001620
-0.002040
-0.002121
-0.002198
-0.002453
-0.001329
0.000505
0.000860
0.001715
0.002014
0.002918
0.003195
0.002449
0.001943
0.000661
-0.000426
-0.000907
-0.001931
-0.002483
-0.002345
-0.002368
-0.002144
-0.000920
0.000862
0.002315
0.003662
0.004437
0.004349
0.004488
0.003803
0.001916
0.001066
0.000196
-0.000445
-0.000526
-0.000469
-0.000165
0.000069
0.000934
0.002025
0.002534
0.003194
0.004069
0.004064
0.003068
0.002188
0.001516
0.000363
-0.000775
-0.002059
-0.003087
-0.003150
-0.002885
-0.002895
-0.002224
-0.001510
-0.000858
0.000473
0.000835
0.001262
0.002017
0.002325
0.002798
0.003485
0.003458
0.003090
0.003243
0.003907
0.003928
0.003582
0.003557
0.002785
0.002084
0.001582
0.001045
0.000593
-0.000579
-0.000780
-0.000459
-0.000447
-0.000203
0.000551
0.000799
0.001069
0.001139
0.001125
0.001935
0.002375
0.002147
0.001956
0.001513
0.000576
-0.000058
-0.000966
-0.001598
-0.001549
-0.001804
-0.002254
-0.001890
-0.001493
-0.001045
-0.000127
0.000437
0.000879
0.001509
0.001804
0.002660
0.002888
0.002874
0.003048
0.002839
0.002978
0.003620
0.003687
0.003668
0.003319
0.002360
0.002246
0.002354
0.002033
0.001507
0.000939
0.000997
0.001402
0.001869
0.001829
0.002067
0.002222
0.000632
-0.000022
-0.000395
-0.000668
-0.001279
-0.002320
-0.002163
-0.001504
-0.000592
0.000160
0.001302
0.002973
0.003333
0.003728
0.003891
0.003340
0.002680
0.002017
0.000947
-0.000934
-0.001989
-0.002167
-0.002271
-0.002575
-0.002511
-0.002117
-0.000935
0.000469
0.002165
0.003223
0.003405
0.003469
0.003306
0.002721
0.001986
0.002097
0.001392
0.000727
-0.000011
0.000184
0.000146
-0.000261
0.001078
0.002227
0.002960
0.003505
0.003783
0.004267
0.003500
0.001823
0.000020
-0.001470
-0.002804
-0.004311
-0.005085
-0.005400
-0.005618
-0.005336
-0.003772
-0.001910
0.000245
0.002414
0.004191
0.005446
0.005852
0.006117
0.006407
0.005429
0.003926
0.002908
0.000813
-0.000929
-0.001580
-0.002117
-0.001681
-0.001064
-0.000457
0.000535
0.002174
0.003872
0.004283
0.004345
0.004626
0.004763
0.004066
0.002332
0.001600
0.000157
-0.001820
-0.002862
-0.002861
-0.002595
-0.002873
-0.002384
-0.001362
-0.000008
0.000949
0.000985
0.001488
0.002001
0.002424
0.001995
0.001456
0.002029
0.001373
0.000239
-0.000389
-0.000284
-0.000559
-0.001032
-0.001304
-0.001014
0.000050
0.001316
0.002024
0.002678
0.003607
0.004425
0.004455
0.004032
0.003969
0.003565
0.002772
0.002578
0.002323
0.002137
0.001937
0.001526
0.001471
0.000935
0.000259
-0.000582
-0.001194
-0.001374
-0.001291
-0.001207
-0.001518
-0.001308
-0.000957
-0.000278
0.000364
0.001254
0.002215
0.002722
0.003270
0.003245
0.003440
0.003051
0.002297
0.001074
-0.000444
-0.001559
-0.002039
-0.001916
-0.002066
-0.001403
-0.001261
-0.000391
0.001257
0.001843
0.002096
0.002325
0.002946
0.003602
0.003258
0.003318
0.003120
0.002664
0.002325
0.001515
0.000982
0.000304
-0.000339
-0.000521
-0.000244
0.000330
-0.000056
0.000066
0.000302
-0.000040
-0.000765
-0.000739
-0.000573
-0.001019
-0.001066
-0.001001
-0.000932
-0.001493
-0.001077
-0.000221
0.000483
0.001122
0.001927
0.002684
0.002678
0.002887
0.003294
0.002950
0.002213
0.002017
0.002033
0.001437
0.001195
0.001605
0.001871
0.002779
0.002511
0.001923
0.003063
0.003766
0.003366
0.002784
0.001984
0.000755
-0.000436
-0.001378
-0.002173
-0.002535
-0.002895
-0.002646
-0.001469
-0.000306
0.000780
0.001871
0.002815
0.003488
0.003792
0.003656
0.002989
0.002354
0.001384
0.000835
0.000827
-0.000342
-0.001598
-0.002450
-0.002629
-0.001883
-0.001466
-0.000883
0.000168
0.001566
0.002344
0.002377
0.003240
0.003834
0.003843
0.004019
0.004252
0.004041
0.003089
0.002839
0.002645
0.001561
0.001466
0.001710
0.002012
0.002775
0.003723
0.004017
0.003902
0.003590
0.002980
0.002528
0.001927
0.000314
-0.000964
-0.001393
-0.002072
-0.002360
-0.001895
-0.001435
-0.001579
-0.000958
-0.000286
0.000141
0.000834
0.000959
0.001020
0.001331
0.000508
0.000076
0.000182
0.000534
0.000826
0.000451
0.000022
0.000365
0.001182
0.001001
0.001085
0.001199
0.001622
0.001653
0.001572
0.001941
0.001928
0.002216
0.002845
0.003292
0.002716
0.002087
0.001634
0.001175
0.001345
0.001152
0.001133
0.001045
0.000899
0.000989
0.000422
-0.000103
-0.000190
-0.001255
-0.002031
-0.001509
-0.001382
-0.002196
-0.002628
-0.001591
-0.000965
-0.000832
-0.000738
-0.000284
0.001198
0.001912
0.002287
0.003144
0.003689
0.004107
0.005241
0.004907
0.004337
0.004509
0.004647
0.003635
0.002472
0.002061
0.001120
-0.000246
-0.001165
-0.001578
-0.001951
-0.001775
-0.001501
-0.001690
-0.001123
-0.000905
0.000017
0.000871
0.001151
0.001351
0.001616
0.002088
0.002356
0.002588
0.002039
0.001808
0.001730
0.001625
0.001675
0.001104
0.000707
-0.000440
-0.001392
-0.001877
-0.002220
-0.002225
-0.002570
-0.002567
-0.001418
-0.000681
0.000179
0.001780
0.002791
0.003627
0.004193
0.004332
0.004757
0.005452
0.005471
0.004528
0.004017
0.003572
0.003491
0.002480
0.001493
0.001676
0.000970
0.000693
0.000857
0.000478
-0.000187
-0.001235
-0.001849
-0.001888
-0.001508
-0.001467
-0.001132
-0.000348
0.000629
0.001925
0.002519
0.003016
0.003431
0.002874
0.002358
0.002081
0.001242
0.000624
-0.000386
-0.001414
-0.001434
-0.001686
-0.001759
-0.001246
-0.001455
-0.001527
-0.000726
-0.000279
0.000976
0.001801
0.002266
0.002702
0.003139
0.003707
0.003680
0.003448
0.002666
0.001614
0.001019
0.001238
0.001304
0.000471
0.000310
0.000779
0.001140
0.001279
0.001645
0.001938
0.001480
0.000879
0.001050
0.000908
-0.000328
-0.001765
-0.002840
-0.003648
-0.003258
-0.002607
-0.002873
-0.002396
-0.000725
0.000479
0.001326
0.002320
0.003481
0.003770
0.003692
0.003654
0.003402
0.003474
0.003695
0.003074
0.002849
0.002534
0.000926
0.000311
0.001076
0.000909
0.000033
-0.000059
0.000553
0.001561
0.001713
0.001168
0.001094
0.001504
0.001668
0.001184
0.002047
0.001878
0.000477
0.000662
0.000671
0.000125
-0.001039
-0.000950
-0.000779
-0.001084
-0.000202
0.000377
0.000391
0.001174
0.001855
0.001519
0.001143
0.001167
0.000574
0.000628
0.001451
0.001238
0.000856
0.001306
0.001412
0.000940
0.000839
0.001333
0.001566
0.001713
0.002552
0.003436
0.003282
0.003280
0.003365
0.003116
0.003698
0.003051
0.002239
0.002200
0.001546
0.001359
0.000737
-0.000487
-0.000425
-0.000171
-0.000634
-0.000775
-0.001102
-0.000767
0.000003
0.000238
0.000395
0.000711
0.001025
0.000802
0.001103
0.001168
0.001099
0.000749
0.000954
0.001698
0.001241
0.000957
0.001557
0.001623
0.001309
0.000904
0.000899
0.001287
0.001239
0.000853
0.000605
-0.000037
-0.000485
-0.000065
0.000499
0.000884
0.000712
0.000902
0.001860
0.001764
0.001429
0.001397
0.002088
0.002634
0.002310
0.001612
0.001387
0.001485
0.001058
0.000097
-0.000405
-0.000947
-0.001991
-0.002301
-0.002314
-0.002832
-0.002112
-0.001436
-0.001102
0.000021
0.000444
0.000652
0.001318
0.001459
0.002136
0.002501
0.002331
0.002668
0.003245
0.002645
0.002283
0.002267
0.001749
0.001274
0.001199
0.000919
0.001497
0.001669
0.001789
0.001793
0.001712
0.002575
0.002962
0.002331
0.002277
0.002488
0.002035
0.000998
0.000132
-0.000195
-0.001050
-0.001715
-0.002580
-0.003309
-0.003173
-0.002766
-0.002237
-0.001751
-0.001198
-0.000187
0.000516
0.001199
0.001636
0.001714
0.001401
0.000757
0.000436
0.000474
0.000551
0.000052
-0.000143
0.000341
0.001123
0.001338
0.002169
0.003580
0.004518
0.004720
0.004772
0.004608
0.003872
0.003724
0.003532
0.003074
0.002236
0.001092
0.000565
0.000498
0.000114
0.000106
-0.000158
-0.000492
-0.000154
0.000077
-0.000351
-0.000261
0.000054
-0.000396
-0.000631
0.000558
0.000882
0.000906
0.001317
0.001847
0.001973
0.001751
0.001441
0.000790
-0.000071
-0.000920
-0.001661
-0.001520
-0.001803
-0.002116
-0.001932
-0.001766
-0.001200
0.000074
0.001126
0.001972
0.003124
0.003597
0.003820
0.003709
0.003726
0.003577
0.002648
0.001999
0.001282
0.000435
0.000141
-0.000097
-0.000429
-0.000563
-0.000251
0.000460
0.000491
0.000644
0.000671
0.000238
-0.000146
0.000026
0.000182
-0.000202
-0.000608
-0.000383
-0.000529
-0.000780
-0.000679
-0.000624
-0.000775
-0.000390
0.000060
-0.000030
0.000216
0.001128
0.002001
0.002203
0.002277
0.003624
0.003630
0.003490
0.003626
0.003725
0.003880
0.003151
0.002837
0.002569
0.002184
0.001950
0.001403
0.001356
0.001090
0.000665
0.000511
0.000203
-0.000372
-0.001084
-0.001366
-0.000718
-0.000985
-0.001275
-0.000741
-0.001312
-0.001424
-0.000771
0.000554
0.000762
0.000580
0.001410
0.002364
0.003221
0.003141
0.002960
0.002562
0.002292
0.001000
-0.000178
-0.000720
-0.001152
-0.001099
-0.001388
-0.001581
-0.000492
0.000724
0.001570
0.003083
0.004369
0.004512
0.005194
0.005609
0.005476
0.005389
0.004038
0.003119
0.002614
0.001977
0.000598
-0.000424
0.000003
0.000579
0.000391
0.000296
0.000358
0.000371
0.000364
0.000415
0.000183
0.000174
0.000404
0.000090
0.000017
-0.000084
-0.000776
-0.000936
-0.000406
-0.000207
0.000019
0.000597
0.000848
0.001130
0.001660
0.001671
0.001395
0.000741
0.000081
0.000239
-0.000218
-0.000799
-0.000913
-0.000918
-0.000276
0.000047
0.000481
0.001096
0.001990
0.003157
0.003431
0.003893
0.004269
0.004258
0.004378
0.003804
0.002745
0.001584
0.000747
0.000290
-0.000157
-0.000805
-0.001160
-0.001056
-0.001130
-0.001360
-0.002135
-0.002524
-0.002459
-0.002880
-0.002889
-0.002295
-0.001223
-0.000659
-0.000121
0.000244
0.000766
0.001130
0.001575
0.002107
0.003333
0.004242
0.004759
0.005177
0.004773
0.004181
0.003979
0.004183
0.002693
0.001692
0.002116
0.001296
0.000477
0.000178
-0.000297
-0.000652
-0.000202
0.001220
0.000924
0.000961
0.001691
0.002076
0.002586
0.002705
0.001851
0.001074
0.000398
-0.001422
-0.002320
-0.002252
-0.002738
-0.002671
-0.002267
-0.001830
-0.000697
-0.000261
0.000305
0.001439
0.002130
0.001920
0.001664
0.001990
0.002341
0.002256
0.001812
0.001618
0.002175
0.002334
0.002351
0.002645
0.002916
0.002141
0.001616
0.001661
0.000893
0.000342
0.000818
0.001229
0.001097
0.000733
0.000608
0.000975
0.001140
0.000749
0.000721
0.000334
-0.000090
0.000640
0.000681
-0.000185
-0.000219
-0.000021
-0.000783
-0.000649
0.000218
-0.000200
0.000016
0.000889
0.000622
0.001076
0.001325
0.000893
0.001524
0.001316
0.000478
0.000458
0.000262
-0.000041
0.000550
0.000617
-0.000283
-0.000664
-0.000600
-0.001296
-0.001287
-0.000400
0.000898
0.001297
0.001190
0.001527
0.001687
0.001950
0.002442
0.002375
0.002387
0.002233
0.001521
0.000695
0.000139
0.000032
-0.000481
-0.000850
-0.001594
-0.001648
-0.001780
-0.002139
-0.001448
-0.000988
-0.000775
-0.000137
0.000259
0.000159
0.000432
0.000423
0.000308
0.000420
-0.000057
-0.000168
-0.000109
0.000350
0.000834
0.001573
0.001843
0.002277
0.002943
0.002858
0.003115
0.004198
0.003958
0.003612
0.003288
0.002269
0.001966
0.001915
0.000527
-0.000254
0.000083
0.000101
0.000268
0.000252
0.000427
0.000564
0.000088
0.000656
0.000877
0.000876
0.001526
0.001147
0.000372
-0.000075
0.000116
0.001007
-0.000003
-0.000646
-0.000182
-0.000094
-0.000587
-0.001545
-0.001430
-0.001233
-0.001447
-0.001849
-0.001930
-0.000897
0.000481
0.001186
0.001353
0.002526
0.004459
0.005100
0.005939
0.006392
0.005798
0.004860
0.003390
0.002309
0.001860
0.000779
-0.000256
-0.000786
-0.001058
-0.001151
-0.000826
-0.000156
-0.000069
0.000080
0.000517
0.000316
0.000127
0.000622
0.000454
0.000162
0.000197
0.000429
0.000174
-0.000646
-0.001051
-0.000934
-0.000707
-0.000288
-0.000477
-0.001526
-0.001354
-0.000180
0.000294
0.000481
0.000654
0.000374
0.000814
0.000923
0.000822
0.001253
0.001300
0.001244
0.001656
0.001981
0.002125
0.002699
0.002999
0.003229
0.002994
0.002112
0.001265
0.000913
0.000707
-0.000186
-0.000946
-0.001141
-0.001443
-0.001653
-0.001271
-0.000746
-0.000622
-0.000554
-0.000665
-0.000236
0.000368
0.000384
0.000503
0.000623
0.000773
0.000599
0.000343
0.000528
0.000306
0.000320
0.000826
0.000943
0.001027
0.000921
0.000730
0.001264
0.001781
0.001781
0.002168
0.001752
0.001364
0.001403
0.001534
0.001300
0.000971
0.001149
0.001601
0.001815
0.001775
0.001712
0.000935
0.000598
0.000363
0.000071
0.000337
0.000603
0.000383
-0.000276
-0.000471
-0.000581
-0.000479
-0.000876
-0.001295
-0.000682
-0.000127
0.000240
0.000591
0.000292
0.000231
0.000690
0.000494
0.000154
0.000102
-0.000433
-0.000551
-0.000262
-0.000063
0.000376
0.000893
0.001729
0.002184
0.003198
0.003821
0.004638
0.004856
0.003966
0.003335
0.003089
0.002216
0.001609
0.000291
-0.000118
0.000465
0.000207
0.000206
0.000874
0.000714
0.000543
0.000768
0.000727
0.000742
0.000668
-0.000160
-0.000657
0.000082
0.000480
0.000074
0.000426
0.000924
0.000478
0.000680
0.000818
-0.000043
-0.000326
-0.000737
-0.000883
-0.000239
-0.000854
-0.000728
-0.001073
-0.001774
-0.001067
-0.000324
0.000095
0.001228
0.002424
0.002349
0.002346
0.002576
0.002988
0.003273
0.002863
0.003171
0.003637
0.003462
0.002964
0.001860
0.001402
0.000528
-0.000282
-0.000388
-0.001413
-0.002005
-0.002233
-0.002643
-0.002838
-0.002665
-0.002401
-0.001690
-0.001290
-0.000757
0.000204
0.000902
0.001404
0.002184
0.002364
0.002065
0.001574
0.000614
0.000512
0.000546
-0.000499
-0.000248
0.000159
0.000073
0.000564
0.001051
0.001144
0.001707
0.002335
0.002584
0.002622
0.002884
0.003458
0.003258
0.002377
0.002586
0.001935
0.000865
0.000508
0.000172
-0.000280
-0.000049
0.000140
-0.000168
-0.000110
0.000390
0.000289
-0.000071
0.000332
0.000219
-0.000287
-0.000621
-0.000390
-0.000223
0.000300
0.000547
0.000115
0.000349
0.000333
0.000787
0.001088
0.000858
0.000304
-0.000041
0.000304
-0.000004
-0.000263
0.000486
0.001021
0.001394
0.001963
0.002804
0.003229
0.003963
0.004619
0.004547
0.004394
0.003634
0.002903
0.002626
0.002190
0.001785
0.000671
-0.000170
-0.000478
-0.000598
-0.000123
-0.000621
-0.001435
-0.001057
-0.000925
-0.000754
0.000025
-0.000300
-0.000151
0.000423
0.000233
0.000985
0.001964
0.001682
0.001544
0.001233
0.000464
-0.000397
-0.001404
-0.002022
-0.002812
-0.002832
-0.002310
-0.001579
-0.000809
-0.000349
0.000554
0.002142
0.002875
0.003168
0.003518
0.004189
0.004025
0.003312
0.002508
0.001701
0.001203
0.000262
0.000113
-0.000160
-0.000889
-0.000826
-0.000952
-0.001059
-0.001053
-0.000828
-0.000464
-0.000447
-0.000331
-0.000195
0.000076
0.000568
0.001316
0.000785
0.000187
0.000085
-0.000428
-0.000992
-0.000886
-0.000210
-0.000188
0.000000
0.000364
0.000401
0.001167
0.001865
0.001884
0.002420
0.002325
0.001732
0.001343
0.001367
0.001677
0.001021
0.000555
0.001324
0.001584
0.001315
0.001356
0.002027
0.002816
0.003164
0.003013
0.002762
0.003001
0.002200
0.001307
0.000766
0.000213
-0.000502
-0.001712
-0.002189
-0.001961
-0.000860
0.000148
0.000917
0.001051
0.000999
0.001682
0.002068
0.001953
0.001378
0.000627
0.000280
-0.000298
-0.001635
-0.001821
-0.001580
-0.000930
0.000074
0.001071
0.002111
0.003490
0.004774
0.005976
0.006888
0.006392
0.005338
0.004699
0.003270
0.001282
-0.000401
-0.001565
-0.002145
-0.002106
-0.002086
-0.001738
-0.000650
0.000149
0.000680
0.001391
0.002085
0.002448
0.002223
0.001473
0.000932
-0.000112
-0.001284
-0.001476
-0.001488
-0.001796
-0.001701
-0.001638
-0.000748
-0.000101
0.000035
0.000197
0.000749
0.001310
0.001417
0.001025
0.000656
0.000671
0.000893
0.001106
0.001090
0.000988
0.000595
0.000368
0.000689
0.000957
0.001594
0.001647
0.001254
0.001338
0.001838
0.001593
0.001532
0.001251
0.001248
0.001480
0.001125
0.001063
0.000794
0.000599
0.000187
-0.000371
-0.000124
0.000426
-0.000705
-0.001058
-0.001278
-0.001574
-0.001607
-0.001448
-0.000944
-0.000677
-0.000369
-0.000468
-0.000334
0.000319
0.000184
0.000193
0.001181
0.002008
0.002771
0.002961
0.002640
0.002856
0.002907
0.002279
0.001510
0.000923
0.000990
0.000767
0.000058
-0.000025
-0.000066
-0.000141
0.000573
0.000871
0.001168
0.001861
0.002613
0.003141
0.002369
0.002448
0.002306
0.001882
0.000963
0.000561
0.000509
0.000069
-0.000844
-0.000790
-0.000915
-0.000179
0.000016
0.000137
0.000019
0.000561
0.000797
0.000325
0.000712
0.001336
0.000797
-0.000337
-0.000583
0.000074
-0.000249
0.000024
0.000898
0.001184
0.002298
0.003035
0.003590
0.004198
0.004736
0.004875
0.004473
0.003801
0.004039
0.003682
0.003080
0.002098
0.000874
0.000415
-0.000005
-0.000307
-0.000854
-0.001200
-0.001367
-0.001395
-0.001186
-0.000603
-0.000226
-0.000216
-0.000148
0.000377
0.000594
0.000559
0.000521
0.000997
0.000481
0.000784
0.000522
-0.000276
-0.000736
-0.001235
-0.000732
-0.000296
-0.000036
0.000316
-0.000042
0.000273
0.000978
0.001140
0.001548
0.001483
0.001291
0.001843
0.002552
0.002559
0.002251
0.001551
0.001801
0.002218
0.002413
0.002433
0.002132
0.002154
0.001478
0.000666
0.000438
-0.000059
-0.001307
-0.001953
-0.002220
-0.001990
-0.001511
-0.001796
-0.001211
-0.000595
-0.000172
0.000614
0.000810
0.001142
0.001009
0.000539
0.000409
0.000358
0.000212
0.000669
0.000590
0.000471
0.001297
0.001701
0.002080
0.002504
0.002635
0.002259
0.001644
0.001608
0.001280
0.000991
0.000798
-0.000002
-0.000087
0.000401
0.000884
0.001117
0.001606
0.002054
0.002300
0.002696
0.002313
0.001980
0.001603
0.000191
0.000161
-0.000081
-0.001088
-0.001724
-0.002365
-0.002207
-0.001738
-0.001741
-0.001969
-0.001379
-0.000685
-0.000492
0.000151
0.001197
0.001457
0.001154
0.001186
0.001273
0.002009
0.002023
0.001527
0.001761
0.002630
0.003087
0.003457
0.003631
0.003187
0.003069
0.003093
0.002655
0.002357
0.002691
0.002383
0.001813
0.000629
-0.000211
-0.000311
-0.000826
-0.001440
-0.001666
-0.001041
-0.000791
-0.000615
-0.000132
0.000375
0.000667
0.001619
0.001841
0.001123
0.001497
0.001637
0.001459
0.000686
0.000367
0.000470
0.000393
-0.000005
-0.000950
-0.001115
-0.000904
-0.001255
-0.001195
-0.000090
0.000432
0.000617
0.000777
0.000973
0.000911
0.000873
0.001001
0.001411
0.001233
0.000953
0.000959
0.001410
0.001897
0.002095
0.002797
0.003206
0.002965
0.002881
0.002558
0.001626
0.000881
-0.000215
-0.000979
-0.001702
-0.002250
-0.002302
-0.002441
-0.003038
-0.002483
-0.001536
-0.000988
0.000463
0.000888
0.002003
0.002885
0.002385
0.002798
0.003099
0.001968
0.000982
0.000870
0.000407
-0.000682
-0.001006
-0.000830
-0.001037
-0.000455
0.000027
0.000784
0.001922
0.002345
0.002064
0.002318
0.002442
0.001763
0.001602
0.001888
0.001836
0.001444
0.001811
0.002613
0.002235
0.001866
0.002092
0.002041
0.001298
0.000525
-0.000019
-0.000789
-0.001209
-0.001743
-0.002143
-0.001868
-0.001334
-0.001351
-0.001595
-0.001481
-0.000340
0.000832
0.001128
0.001014
0.001085
0.000080
-0.000098
0.000992
0.000802
0.000919
0.001461
0.001556
0.001857
0.002070
0.002953
0.003523
0.003608
0.003300
0.002905
0.002378
0.002268
0.001722
0.000742
0.000244
-0.000283
-0.000216
0.000386
0.000242
-0.000091
-0.000057
-0.000335
0.000138
0.000494
0.000442
0.000142
-0.000390
-0.000030
-0.000003
-0.000125
0.000104
0.000367
0.000281
-0.000179
0.000010
0.000038
0.000003
0.001131
0.001004
0.000346
0.000520
0.000495
0.000394
0.000537
0.000375
0.000105
0.000099
0.000263
0.000287
0.000657
0.001319
0.001441
0.001488
0.003036
0.002864
0.001764
0.002238
0.003013
0.002849
0.002299
0.002323
0.001953
0.001536
0.000552
-0.000883
-0.001056
-0.001038
-0.001121
-0.000572
-0.000927
-0.001413
-0.001356
-0.001285
-0.001081
-0.000675
-0.000312
-0.000328
0.000168
0.000472
0.000419
0.000366
0.000365
0.000730
0.001620
0.001771
0.001436
0.001461
0.002121
0.002121
0.001666
0.001737
0.001787
0.001242
0.001255
0.001402
0.000923
0.000796
0.000942
0.001126
0.000788
0.001023
0.001885
0.001801
0.001235
0.000812
0.000437
0.000528
0.000518
-0.000266
-0.000436
-0.000164
-0.000088
0.000375
0.000202
0.000016
0.000061
0.000209
0.000261
-0.000418
-0.000230
-0.000360
-0.001175
-0.001195
-0.001123
-0.001527
-0.001487
-0.000955
-0.000398
0.000175
0.001055
0.002555
0.003144
0.002639
0.002744
0.003769
0.003506
0.003149
0.003293
0.002871
0.002046
0.001959
0.002056
0.001954
0.001871
0.001485
0.001277
0.001240
0.001936
0.001744
0.000752
0.000468
-0.000275
-0.000542
-0.000440
-0.001083
-0.001801
-0.001831
-0.001102
-0.000555
0.000433
0.001043
0.001799
0.002375
0.002500
0.002715
0.002357
0.001491
0.000598
-0.000456
-0.001638
-0.002357
-0.002581
-0.002442
-0.002533
-0.002414
-0.001247
0.000764
0.001620
0.001845
0.002807
0.003794
0.004110
0.004100
0.003868
0.003572
0.003207
0.003650
0.002663
0.001657
0.001300
0.000647
-0.000029
0.000578
0.000736
0.000353
0.000281
0.000070
0.000372
0.000273
-0.000486
-0.001196
-0.001434
-0.001228
-0.001998
-0.002280
-0.001697
-0.001576
-0.001515
-0.001916
-0.001699
-0.000415
0.000519
0.001133
0.001849
0.002082
0.002368
0.002272
0.002409
0.002106
0.001453
0.001269
0.001154
0.001782
0.002115
0.002055
0.001720
0.002278
0.002919
0.003218
0.003275
0.003529
0.003538
0.002775
0.001312
-0.000068
-0.001143
-0.001823
-0.001451
-0.001457
-0.001556
-0.000783
-0.000302
-0.000355
-0.000290
0.000324
0.000840
0.000381
-0.000172
-0.000271
-0.000368
-0.000033
-0.000287
-0.000177
0.000499
0.001363
0.001967
0.001664
0.002200
0.002703
0.002593
0.002648
0.002715
0.002367
0.001822
0.000717
0.001571
0.002581
0.002430
0.002189
0.002058
0.002523
0.003174
0.002810
0.002390
0.002263
0.002280
0.001517
0.000725
0.000746
0.000002
-0.000261
-0.000003
0.000036
-0.000072
0.000144
0.000526
0.000783
0.001003
0.000819
0.000811
0.000983
0.001015
0.000524
-0.000128
-0.000132
-0.000303
-0.000275
-0.000442
-0.000952
-0.000747
-0.000448
-0.000388
0.000291
0.000731
0.000596
0.000642
0.000670
0.001417
0.002069
0.001675
0.001955
0.002592
0.002029
0.002191
0.001953
0.001554
0.001840
0.001618
0.001572
0.001362
0.000834
0.000319
-0.000285
-0.000749
-0.000156
0.000776
0.000786
0.000468
0.000418
0.000815
0.001345
0.001398
0.001626
0.001230
0.000422
-0.000261
-0.000785
-0.001521
-0.001350
-0.000759
-0.000425
-0.000408
-0.000201
0.000477
0.001536
0.001944
0.001721
0.001977
0.002216
0.002895
0.002924
0.002531
0.002576
0.002922
0.002736
0.002107
0.001307
0.000966
0.000797
0.000611
0.000932
0.001036
0.000871
0.001179
0.001538
0.001427
0.001675
0.001310
0.000945
0.001146
0.000831
0.000800
0.001000
0.001289
0.001100
0.000325
-0.000003
-0.000233
-0.000260
-0.000183
-0.000802
-0.001512
-0.001692
-0.001579
-0.001520
-0.001404
-0.000373
0.000894
0.001134
0.001545
0.002666
0.003348
0.003523
0.003775
0.003983
0.003770
0.003931
0.003977
0.003852
0.003754
0.002839
0.002541
0.001875
0.000716
0.000819
0.000814
0.000485
0.000403
0.000341
0.000506
0.000432
-0.000397
-0.000972
-0.000950
-0.000660
-0.000443
-0.000203
0.000130
0.000478
0.000510
-0.000519
-0.001126
-0.001081
-0.001532
-0.001472
-0.001324
-0.001425
-0.000882
-0.000604
-0.000587
0.000754
0.001782
0.001696
0.001869
0.002427
0.002183
0.001250
0.000923
0.000866
0.001052
0.000957
0.000533
0.001112
0.001672
0.002572
0.002837
0.002740
0.003156
0.003108
0.002443
0.001630
0.000797
-0.000048
-0.000878
-0.002102
-0.002390
-0.002589
-0.002669
-0.002536
-0.002007
-0.001728
-0.001260
0.000009
0.001658
0.002281
0.001995
0.002662
0.002683
0.001715
0.001865
0.002420
0.001512
0.000084
-0.000306
-0.000297
-0.001026
-0.000393
0.000822
0.001020
0.000812
0.001709
0.001966
0.002243
0.002935
0.003235
0.003460
0.003148
0.002319
0.001574
0.001536
0.000471
-0.000254
-0.000373
-0.000606
-0.000391
-0.000591
0.000268
0.000590
0.000378
0.000917
0.001863
0.002409
0.002526
0.002093
0.001870
0.000837
0.000086
-0.000015
-0.000964
-0.001780
-0.002269
-0.002070
-0.002328
-0.001502
-0.000428
-0.000236
0.001058
0.001723
0.001323
0.001504
0.001730
0.002430
0.002526
0.003072
0.003034
0.003046
0.003460
0.003633
0.003662
0.003145
0.003151
0.003277
0.003419
0.003557
0.002800
0.001937
0.000809
-0.000251
-0.000978
-0.001904
-0.002473
-0.002776
-0.002692
-0.002417
-0.001331
-0.000406
0.000500
0.001420
0.001671
0.002042
0.002215
0.001716
0.001246
0.001031
0.000327
-0.000501
-0.000611
-0.001245
-0.001327
-0.001566
-0.001393
-0.001299
-0.001446
-0.001137
-0.000736
-0.000413
0.000280
0.000983
0.000790
0.001235
0.002051
0.002939
0.002773
0.002492
0.002587
0.002233
0.002465
0.001875
0.000417
0.000276
0.000233
0.000402
0.000660
0.000468
0.001174
0.001328
0.000631
0.000916
0.000619
-0.000277
-0.000054
-0.000832
-0.001776
-0.001793
-0.002097
-0.002003
-0.001043
-0.000177
0.000445
0.001529
0.002162
0.002470
0.003010
0.002699
0.002079
0.001796
0.001588
0.001775
0.001288
0.001095
0.001337
0.001341
0.001018
0.001316
0.001817
0.001457
0.001465
0.001451
0.001335
0.000745
0.000666
0.001100
0.000578
-0.000419
-0.000417
0.000196
0.000629
0.001464
0.001642
0.000874
0.001328
0.002451
0.001895
0.000481
0.000234
-0.000422
-0.001247
-0.001551
-0.002684
-0.002660
-0.001477
0.000173
0.001060
0.001617
0.001972
0.002328
0.002839
0.003216
0.003340
0.003593
0.002972
0.001858
0.000705
-0.000142
0.000120
0.000388
0.000427
0.000893
0.001530
0.002608
0.003952
0.004189
0.004042
0.004239
0.003823
0.002758
0.002078
0.001340
-0.000043
-0.001215
-0.001830
-0.001883
-0.001763
-0.001616
-0.001124
-0.000469
0.000691
0.000616
0.000594
0.001404
0.001552
0.001569
0.001731
0.001379
0.000860
0.001565
0.002077
0.001329
0.001079
0.001493
0.001459
0.001178
0.000701
-0.000211
-0.001035
-0.001342
-0.001354
-0.001550
-0.001295
-0.000050
0.000485
0.001065
0.001508
0.001976
0.002650
0.003298
0.003958
0.003154
0.002937
0.003466
0.002916
0.001458
0.000207
-0.000679
-0.001208
-0.001475
-0.001307
-0.001151
-0.000696
-0.000105
0.000309
0.000780
0.001219
0.001812
0.001935
0.002384
0.002776
0.002573
0.001990
0.000842
0.000105
-0.000954
-0.002097
-0.001750
-0.001059
-0.001211
-0.000282
0.000909
0.000983
0.001340
0.001321
0.001661
0.002064
0.002116
0.001924
0.001669
0.001903
0.001557
0.001619
0.001991
0.002051
0.002670
0.003186
0.003175
0.003364
0.003433
0.003098
0.002881
0.001796
0.000243
-0.000895
-0.001762
-0.003161
-0.004164
-0.004057
-0.003868
-0.003587
-0.003409
-0.002621
-0.001280
0.000215
0.002364
0.003560
0.003674
0.003832
0.003771
0.003631
0.003055
0.002030
0.001196
0.000511
0.000283
0.000105
0.000703
0.001069
0.001314
0.001852
0.002560
0.003646
0.002790
0.002962
0.002941
0.002057
0.001577
0.001720
0.001778
0.000299
-0.000464
-0.000760
-0.001545
-0.001309
-0.001077
-0.001246
-0.001012
-0.000846
-0.001004
-0.001671
-0.001716
-0.000836
-0.000219
0.000016
0.000251
0.000950
0.001190
0.001341
0.001210
0.001696
0.001907
0.002051
0.001910
0.001416
0.001046
0.000582
-0.000418
-0.000765
-0.000621
-0.000423
-0.000641
-0.000732
0.000305
0.001354
0.002465
0.003018
0.003001
0.002935
0.003092
0.003583
0.003386
0.003468
0.002620
0.001866
0.001514
0.000283
-0.000905
-0.002240
-0.003795
-0.004874
-0.005991
-0.005507
-0.004211
-0.003198
-0.001365
0.000350
0.001535
0.002536
0.003763
0.004388
0.004612
0.004642
0.004625
0.004393
0.003024
0.001474
0.000156
-0.000959
-0.002320
-0.003231
-0.003092
-0.002127
-0.000333
0.000956
0.002496
0.003526
0.004349
0.004582
0.003094
0.001914
0.001245
0.000341
-0.000337
-0.001504
-0.001894
-0.001255
-0.001101
-0.000424
0.000365
0.001386
0.002104
0.002213
0.002733
0.002903
0.002596
0.002261
0.002098
0.001216
-0.000293
-0.001769
-0.003536
-0.004100
-0.003558
-0.001899
0.000051
0.002004
0.004173
0.005265
0.005233
0.004744
0.003840
0.002406
0.001353
0.001310
0.002278
0.003188
0.003899
0.002755
0.000680
-0.000065
-0.000838
-0.001610
-0.001219
0.000300
0.002343
0.003321
0.003843
0.004090
0.003303
0.002411
0.001822
0.000688
-0.000228
-0.001109
-0.001611
-0.000356
0.001108
0.000965
0.000521
-0.000049
-0.001673
-0.002799
-0.002077
-0.000597
0.000351
0.000415
0.000029
-0.000894
-0.000929
0.000578
0.002123
0.002465
0.001615
0.000450
-0.000129
-0.000504
-0.000881
-0.000950
-0.001738
-0.002285
-0.001095
0.000383
0.001698
0.003527
0.006056
0.007686
0.007271
0.005955
0.004568
0.002652
0.002022
0.002050
0.001391
-0.000082
-0.001782
-0.003622
-0.005432
-0.005934
-0.005000
-0.002732
-0.000436
0.001221
0.002203
0.002191
0.000675
-0.000414
-0.000366
-0.000342
0.000296
0.001558
0.001461
0.001500
0.001383
0.000986
0.001444
0.002328
0.003055
0.004011
0.004706
0.003563
0.001362
-0.000850
-0.002140
-0.001755
-0.000383
0.000869
0.001496
0.001426
0.001313
0.002218
0.002941
0.003457
0.004013
0.002675
0.000372
-0.002167
-0.003361
-0.002260
0.000253
0.001590
0.002489
0.002349
0.000834
0.000075
-0.000938
-0.001302
-0.001430
-0.001797
-0.000878
0.000040
0.000188
-0.000173
-0.000306
0.000595
0.000633
0.000019
-0.000083
0.000624
0.002884
0.004184
0.005426
0.005233
0.003145
0.001572
0.001278
0.000129
-0.000580
0.000003
0.000265
-0.000263
0.000518
0.002676
0.004249
0.004670
0.003213
0.001428
0.000060
-0.001737
-0.002297
-0.001337
0.000552
0.001826
0.001639
0.000633
-0.000438
-0.001756
-0.001944
-0.000488
0.001165
0.002467
0.002625
0.002402
0.000784
-0.000331
-0.001243
-0.002809
-0.003369
-0.003273
-0.002594
-0.000849
0.001540
0.004163
0.005227
0.005150
0.004471
0.003230
0.002127
0.001156
0.000401
-0.000685
-0.002021
-0.002284
-0.001983
-0.001260
0.000307
0.002082
0.003121
0.004180
0.004658
0.005629
0.005328
0.003749
0.001263
-0.000769
-0.000985
-0.001992
-0.002686
-0.002864
-0.002451
0.000031
0.002444
0.003310
0.003229
0.003405
0.002623
0.001100
-0.000837
-0.002379
-0.002520
-0.002741
-0.002999
-0.002971
-0.001804
0.000711
0.002383
0.002388
0.003063
0.003988
0.005280
0.006847
0.006191
0.003990
0.001683
0.001914
0.002347
0.001059
-0.000638
-0.001559
-0.001583
-0.001771
-0.001732
-0.002571
-0.001920
0.000013
0.002192
0.003218
0.004314
0.004633
0.004846
0.006054
0.006920
0.005764
0.002464
-0.003078
-0.007719
-0.008973
-0.007901
-0.006604
-0.006151
-0.004855
-0.001865
0.001544
0.004813
0.007743
0.009279
0.009774
0.009375
0.008726
0.006250
0.003098
-0.000333
-0.003513
-0.004954
-0.004860
-0.003627
-0.002356
-0.000655
0.002419
0.005342
0.007941
0.009123
0.008315
0.005358
0.002885
0.000282
-0.002667
-0.004767
-0.005810
-0.006233
-0.005418
-0.003174
-0.000802
0.002262
0.004599
0.004909
0.003829
0.002906
0.003068
0.003184
0.001861
-0.000830
-0.003890
-0.005259
-0.005611
-0.005110
-0.003591
-0.001329
0.000211
0.001526
0.002381
0.002041
0.001571
0.002263
0.002993
0.002665
0.002507
0.001640
0.001302
0.001532
0.001831
0.001955
0.001461
0.001086
-0.000658
-0.001232
-0.000790
0.000137
0.000642
0.000514
0.001281
0.001383
0.001228
0.001232
0.001542
0.001356
0.000041
-0.000666
-0.001392
-0.001846
-0.001311
-0.000419
0.000151
0.000102
-0.000575
-0.000733
-0.000198
0.001075
0.002722
0.002978
0.002559
0.002059
0.001330
0.000892
0.000681
0.000185
-0.001141
-0.001788
-0.001951
-0.001365
-0.000373
0.000758
0.003130
0.004553
0.005520
0.005689
0.004537
0.002986
0.001223
-0.000459
-0.002054
-0.003142
-0.003274
-0.002574
-0.000590
0.002406
0.004136
0.004637
0.004656
0.003528
0.002405
0.001557
0.000333
-0.000570
-0.000982
-0.001501
-0.002531
-0.002949
-0.002364
-0.000876
0.000282
0.001127
0.001613
0.001236
0.000031
0.000339
0.001984
0.002164
0.002066
0.002092
0.001895
0.001769
0.002718
0.004355
0.005866
0.006324
0.005752
0.005389
0.004307
0.002682
0.000739
-0.000351
-0.001018
-0.001425
-0.000345
0.000617
0.000922
0.000370
0.000643
0.000838
0.000357
-0.000520
-0.002211
-0.003581
-0.004315
-0.003540
-0.003173
-0.002895
-0.001967
0.000525
0.002723
0.004701
0.006277
0.005724
0.004264
0.003053
0.001722
-0.000209
-0.002089
-0.004102
-0.005267
-0.005180
-0.003491
-0.001963
-0.000532
0.000568
0.001835
0.002814
0.003628
0.004680
0.004878
0.004025
0.003340
0.002666
0.001785
0.001681
0.001282
0.000645
-0.000064
-0.000465
-0.000447
-0.000329
-0.000262
0.000144
0.001500
0.002415
0.003028
0.003516
0.003039
0.000972
-0.001200
-0.002844
-0.004080
-0.005174
-0.005860
-0.006002
-0.004832
-0.001831
0.001614
0.004517
0.006607
0.007237
0.006922
0.005295
0.004086
0.003015
0.001895
0.001556
0.000403
0.000022
0.000271
-0.000328
-0.000953
-0.001366
-0.001430
-0.001224
0.000054
0.001017
0.002125
0.002406
0.002383
0.002614
0.002329
0.002045
0.001906
0.001445
0.001679
0.002824
0.002477
0.001300
0.000344
-0.000561
-0.001703
-0.002661
-0.003084
-0.003130
-0.002549
-0.001940
-0.000637
0.001120
0.001557
0.001982
0.003096
0.004024
0.003607
0.002337
0.000873
0.000421
0.000085
-0.000113
0.000084
-0.000544
-0.000281
0.000589
0.002061
0.003660
0.005050
0.006143
0.006045
0.005458
0.004408
0.002418
0.000956
0.000155
-0.000653
-0.000996
-0.001782
-0.003159
-0.003772
-0.003812
-0.003782
-0.002722
-0.000513
0.001106
0.001239
0.002135
0.003122
0.003042
0.002651
0.001394
-0.000446
-0.000966
-0.001493
-0.001989
-0.001525
-0.000845
0.000267
0.001229
0.001955
0.002591
0.002184
0.001800
0.001352
0.000983
0.001517
0.001974
0.002158
0.001409
0.000916
-0.000507
-0.002124
-0.003012
-0.003769
-0.003382
-0.002346
-0.000718
0.002701
0.006117
0.008285
0.009738
0.009841
0.009178
0.007176
0.004064
0.000409
-0.003003
-0.005646
-0.007892
-0.008048
-0.007779
-0.006243
-0.003459
-0.000950
0.001651
0.004326
0.004798
0.004643
0.004055
0.002473
0.001662
0.000980
-0.000518
-0.001040
-0.000322
0.000415
0.001617
0.002638
0.003786
0.004358
0.004001
0.002435
0.000171
-0.001230
-0.002811
-0.003733
-0.003998
-0.003034
-0.001193
0.000495
0.002599
0.004760
0.006568
0.007290
0.007062
0.006466
0.005090
0.002879
0.001160
-0.001346
-0.004451
-0.006466
-0.006734
-0.006285
-0.005460
-0.004122
-0.002593
-0.000222
0.002082
0.003592
0.004543
0.004768
0.004440
0.003918
0.003475
0.002371
0.001000
-0.000167
-0.000420
-0.000362
-0.000484
-0.000152
-0.000512
-0.000108
0.000778
0.001290
0.003014
0.004175
0.004945
0.005593
0.005651
0.004681
0.003117
0.001436
-0.000482
-0.001132
-0.000926
-0.001287
-0.001599
-0.001697
-0.000998
-0.000516
0.000306
0.001378
0.001369
0.000920
0.000240
-0.000312
-0.000413
-0.000872
-0.001499
-0.001619
-0.001156
-0.001035
-0.000141
0.001273
0.001503
0.001985
0.002762
0.002261
0.002424
0.002941
0.003125
0.002851
0.002218
0.001306
0.000682
0.000632
0.000143
-0.000815
-0.002054
-0.002842
-0.002937
-0.002301
-0.000886
0.000732
0.002378
0.004401
0.005457
0.005764
0.005975
0.005786
0.004689
0.003868
0.002901
0.002152
0.000143
-0.002765
-0.004326
-0.006205
-0.007593
-0.007297
-0.006093
-0.004509
-0.002356
0.000212
0.003087
0.005917
0.006932
0.006942
0.006603
0.005691
0.004463
0.002831
0.001062
-0.000214
-0.001889
-0.002756
-0.002072
-0.001404
-0.000514
0.000693
0.001436
0.001991
0.002263
0.002303
0.002214
0.001539
0.000961
0.000871
0.000530
0.000214
-0.000118
-0.000098
0.000567
0.000255
0.000892
0.002189
0.002744
0.002947
0.002464
0.001414
0.000672
-0.000330
-0.001400
-0.002713
-0.003293
-0.003227
-0.002716
-0.001492
-0.000470
0.001044
0.002702
0.004290
0.004807
0.004809
0.004186
0.003169
0.002647
0.001638
0.000500
0.000004
-0.001609
-0.002531
-0.001717
-0.001333
-0.001534
-0.000302
0.001327
0.003021
0.005107
0.006252
0.006836
0.007071
0.006245
0.005126
0.003527
0.001799
0.000084
-0.001649
-0.002785
-0.004062
-0.004834
-0.004646
-0.004756
-0.004346
-0.003575
-0.002588
-0.001413
-0.000194
0.000725
0.001670
0.002802
0.003102
0.003673
0.004417
0.003697
0.002955
0.002085
0.001138
-0.000089
-0.000988
-0.002215
-0.003358
-0.003622
-0.004270
-0.003909
-0.001861
0.000551
0.002346
0.004216
0.005935
0.006834
0.007472
0.006504
0.004432
0.002863
0.000558
-0.001777
-0.002689
-0.003330
-0.002669
-0.000963
0.000529
0.001774
0.002402
0.002640
0.003369
0.002922
0.001876
0.000530
-0.001528
-0.003181
-0.003144
-0.002946
-0.003147
-0.002854
-0.001291
0.001844
0.002812
0.002777
0.003036
0.002628
0.002718
0.003088
0.002545
0.001111
-0.000308
-0.001536
-0.001875
-0.001495
-0.001342
-0.001104
-0.000045
0.001236
0.002618
0.003919
0.004789
0.005254
0.005847
0.005703
0.004651
0.003786
0.001782
-0.000930
-0.002505
-0.004003
-0.005723
-0.005915
-0.005703
-0.005515
-0.004400
-0.002542
-0.000599
0.001065
0.003466
0.005990
0.007770
0.008379
0.007459
0.005345
0.003321
0.000958
-0.001382
-0.003285
-0.004542
-0.005213
-0.004764
-0.003595
-0.002671
-0.001276
0.001139
0.003348
0.004782
0.006093
0.005946
0.005356
0.004910
0.004745
0.004555
0.003157
0.001044
-0.000404
-0.001286
-0.002124
-0.002125
-0.001549
-0.000914
0.000772
0.001117
0.001930
0.002235
