# STATIONID: 207
# STARTTIME: 1123758140.270000
# SAMPLERATE: 100
# NUMSAMPLES: 8268
0.002204
0.002392
0.001122
0.001264
0.000881
0.000107
-0.000353
0.000121
0.000158
-0.000355
-0.000169
0.000324
0.000372
-0.000281
0.000278
0.000648
-0.000175
-0.000596
-0.000680
-0.000562
-0.000639
-0.000625
-0.000572
-0.000368
0.000030
0.000743
0.001780
0.002029
0.002447
0.003440
0.002902
0.002426
0.002984
0.002868
0.001813
0.000765
-0.000396
-0.001161
-0.001290
-0.001343
-0.000097
0.000204
-0.000931
-0.000325
0.000554
0.000418
0.000754
0.001027
0.000816
0.000428
0.000397
0.000674
0.000250
-0.000087
-0.000372
-0.000501
-0.000522
0.000117
0.000780
0.000410
0.000579
0.001182
0.001524
0.001648
0.001365
0.000874
0.000899
0.000045
-0.000671
-0.001086
-0.002061
-0.002589
-0.002048
-0.001056
-0.000710
-0.000396
0.000714
0.000817
0.000783
0.001306
0.002093
0.001884
0.001078
0.001527
0.001730
0.000741
0.000398
0.000480
-0.000950
-0.001843
-0.001357
-0.000535
-0.000354
-0.000682
-0.000219
0.000357
0.000810
0.001031
0.001546
0.001273
0.000649
0.000906
0.001109
0.000941
0.000348
0.000583
0.000329
-0.000517
-0.000291
-0.000122
-0.001197
-0.001162
-0.001025
-0.001494
-0.000723
-0.000073
0.000615
0.001221
0.001560
0.001526
0.001689
0.001382
0.000372
0.000037
0.000098
-0.000226
-0.000499
-0.000110
-0.000231
-0.000815
-0.000243
0.000664
0.000143
-0.000003
0.001036
0.001877
0.001200
0.000545
0.001073
0.000945
-0.000041
-0.000650
-0.000743
-0.000928
-0.000913
-0.001231
-0.001607
-0.001709
-0.001352
-0.000315
0.000007
0.000967
0.002202
0.002475
0.002432
0.003415
0.003748
0.002115
0.000522
-0.000117
-0.000669
-0.001995
-0.003166
-0.002880
-0.003010
-0.002689
-0.001988
-0.001271
-0.000502
-0.000020
0.000341
0.001443
0.001547
0.001646
0.002459
0.002010
0.001139
0.001180
0.000589
-0.000707
-0.001357
-0.000813
-0.000881
-0.001006
-0.001420
-0.001088
-0.000847
-0.000764
-0.000556
0.000118
0.000762
0.000619
0.000520
0.000756
0.000451
0.000391
0.000669
0.001124
0.001292
0.001350
0.001803
0.001727
0.001658
0.001615
0.000642
-0.000180
-0.000853
-0.000852
-0.001192
-0.002299
-0.001940
-0.000860
-0.000569
0.000317
0.001605
0.001542
0.001259
0.001669
0.002127
0.001922
0.001797
0.001123
-0.000231
-0.001387
-0.002100
-0.001893
-0.002306
-0.002256
-0.002091
-0.000950
-0.000627
-0.000040
0.001254
0.001791
0.001772
0.001077
0.001404
0.001027
-0.000599
-0.001113
-0.001670
-0.001517
-0.002156
-0.002327
-0.001957
-0.001044
0.000704
0.001737
0.002235
0.002343
0.002665
0.003032
0.002890
0.001866
0.001027
0.000119
-0.001779
-0.002891
-0.002964
-0.003586
-0.003641
-0.002218
-0.000954
-0.000206
0.000595
0.001539
0.002414
0.002917
0.002654
0.002389
0.002059
0.001398
0.000596
-0.000930
-0.002041
-0.002443
-0.001990
-0.001379
-0.001071
-0.000116
0.000931
0.002220
0.002285
0.002365
0.002936
0.002609
0.001719
0.000694
0.000204
-0.000728
-0.001785
-0.002192
-0.002304
-0.001884
-0.000419
0.001019
0.001704
0.002417
0.002588
0.002572
0.002400
0.002159
0.002037
0.000683
-0.000617
-0.000813
-0.001158
-0.002374
-0.003451
-0.002913
-0.002406
-0.002556
-0.001533
-0.000181
0.000603
0.001209
0.002350
0.003383
0.003120
0.002846
0.003115
0.002838
0.001697
0.000443
-0.000308
-0.001247
-0.002594
-0.003136
-0.002948
-0.002541
-0.002928
-0.002569
-0.001386
-0.000871
0.000110
0.001477
0.002449
0.002679
0.003018
0.003349
0.002651
0.001721
0.001339
0.000324
-0.000130
-0.000046
0.000017
-0.000506
-0.000445
0.000488
0.000566
0.000266
0.000602
0.000497
0.000425
0.000106
-0.000834
-0.000658
-0.000785
-0.000939
-0.000831
-0.000357
0.000407
-0.000027
0.000947
0.002042
0.002664
0.002942
0.002429
0.002157
0.002243
0.001512
0.000502
0.000207
0.000206
-0.000420
-0.000938
-0.001366
-0.000784
-0.000837
-0.000986
-0.000665
-0.000384
-0.000531
-0.000477
0.000326
0.000803
0.001167
0.001308
0.002132
0.003185
0.002267
0.001886
0.002219
0.001597
0.000401
0.000101
-0.000025
-0.000670
-0.000916
-0.000423
-0.000171
-0.000469
-0.000435
0.000501
0.000502
0.000314
0.001211
0.001717
0.001025
0.000093
0.000114
0.000091
-0.000507
-0.000550
-0.000851
-0.000845
0.000149
0.000703
0.000321
0.000174
0.000339
0.000300
0.000275
0.000696
0.000844
0.000099
-0.000353
0.000197
0.000559
0.000974
0.001158
0.000429
0.000514
0.000759
0.000421
0.000586
0.000855
0.000568
-0.000324
-0.000737
-0.000755
-0.000628
-0.000972
-0.000724
-0.000285
-0.000088
0.000249
0.000529
-0.000135
-0.000151
0.000785
0.000685
0.000322
0.000696
0.000930
0.000586
0.000705
0.001945
0.001804
0.001179
0.000844
0.000665
0.000208
-0.000372
-0.000597
-0.000446
-0.001016
-0.001536
-0.001515
-0.001140
-0.000650
-0.000569
-0.000512
0.000031
0.000315
0.000381
0.001065
0.001523
0.001282
0.001262
0.001235
0.000747
0.000450
0.000583
0.001007
0.000887
0.000198
-0.000212
-0.000119
-0.000258
-0.000173
0.000127
-0.000088
-0.000279
0.000348
0.000316
0.000170
0.000584
0.000300
-0.000063
-0.000043
0.000193
0.000758
0.000479
0.000286
0.000985
0.000843
0.000535
0.001089
0.000678
0.000318
0.001083
0.000955
0.000469
0.000174
-0.000251
0.000042
-0.000081
0.000018
0.000533
0.000433
0.000399
0.000140
0.000430
0.000194
-0.000541
-0.000295
0.000104
-0.000290
-0.000862
-0.000584
0.000261
0.000333
-0.000091
-0.000122
0.000406
-0.000068
0.000209
0.001123
0.000745
0.000584
0.002298
0.001934
0.000345
0.000490
0.000251
-0.000465
-0.000721
-0.000324
-0.000072
-0.000325
-0.000529
0.000074
0.000523
0.000327
0.000244
0.001037
0.001415
0.001023
0.001820
0.001858
0.000659
0.000719
0.001486
0.001607
0.001480
0.001830
0.002306
0.002017
0.001330
0.000894
0.000443
-0.000453
-0.000849
-0.000492
-0.000878
-0.002021
-0.001298
0.000382
0.000590
0.000500
0.001916
0.002647
0.002442
0.003213
0.003606
0.002820
0.001825
0.001005
0.000088
-0.000663
-0.001354
-0.001981
-0.002477
-0.001966
-0.001167
-0.000455
0.000267
0.000948
0.001243
0.001820
0.002715
0.002926
0.003237
0.002739
0.001876
0.001701
0.001012
-0.000171
-0.000877
-0.001529
-0.001948
-0.002415
-0.002448
-0.001503
-0.000221
0.000668
0.000777
0.001497
0.002516
0.002652
0.002961
0.003231
0.002472
0.001355
0.001373
0.000569
-0.000762
-0.001017
-0.001158
-0.001381
-0.001668
-0.001111
-0.000355
-0.000239
-0.000419
0.000444
0.001220
0.000967
0.001267
0.001625
0.000722
0.000498
0.000784
0.001219
0.001653
0.001454
0.001141
0.001107
0.000643
0.000592
0.000896
0.000523
0.000149
-0.000039
0.000005
-0.000207
-0.000550
-0.000684
-0.001627
-0.001678
-0.000690
-0.000694
-0.000866
0.000217
0.001209
0.001123
0.000716
0.000997
0.001533
0.001211
0.001031
0.001541
0.001575
0.000560
0.000355
0.000592
-0.000717
-0.000822
-0.000221
-0.000576
-0.000629
0.000327
0.001198
0.001202
0.001108
0.001314
0.001605
0.001256
0.000394
0.000277
0.000281
0.000078
-0.000188
-0.000247
-0.000711
-0.001188
-0.000266
0.000262
-0.000736
-0.001198
-0.000025
0.000674
0.000501
0.000314
0.001243
0.001632
0.001217
0.001589
0.001644
0.001107
0.000169
0.000396
0.000372
-0.000360
-0.000604
-0.000327
-0.000508
-0.000993
-0.000184
0.000451
-0.000192
0.000459
0.001150
0.001063
0.000531
0.000579
0.000634
0.000341
0.000212
0.000251
0.000228
-0.000069
-0.000644
-0.000532
-0.000651
-0.000833
-0.000713
-0.000306
-0.000491
-0.000497
-0.000463
0.000207
0.000248
0.000294
0.001239
0.001217
0.001151
0.001719
0.002565
0.002490
0.001811
0.001289
0.000564
-0.000660
-0.000849
-0.000393
-0.001367
-0.002051
-0.002073
-0.001831
-0.001585
-0.001595
-0.000867
-0.000066
0.000342
0.000588
0.001134
0.001802
0.001848
0.002446
0.002405
0.001841
0.001041
0.001000
0.001076
-0.000187
-0.000768
-0.001117
-0.002132
-0.001741
-0.000750
-0.000437
-0.000554
0.000058
0.001148
0.001696
0.001929
0.002439
0.003265
0.002390
0.001253
0.001115
0.001465
0.000805
-0.000255
-0.000149
-0.000346
-0.000533
-0.000925
-0.000414
0.000529
0.000205
0.000734
0.000991
0.000170
0.000148
0.000206
0.000372
0.000470
-0.000004
0.000043
0.000141
0.000501
0.001101
0.001064
0.000120
0.000151
0.001245
0.001446
0.001205
0.000320
-0.000299
-0.000784
-0.000821
0.000160
0.000004
-0.000763
-0.000131
0.001091
0.000821
-0.000373
0.000142
0.000643
0.000166
-0.000262
-0.000131
0.000192
-0.000055
-0.000291
-0.000206
-0.000027
0.000096
0.000843
0.001494
0.001190
0.001367
0.001670
0.001218
0.000994
0.001171
0.000444
-0.000915
-0.000958
-0.000747
-0.000856
-0.000833
-0.000664
-0.000158
0.000132
0.000245
0.000518
0.001444
0.001172
0.001072
0.001101
0.001351
0.001265
0.001250
0.002027
0.000956
-0.000162
-0.000120
0.000379
-0.000191
-0.000981
-0.000717
-0.000678
-0.001019
-0.000773
0.000072
0.000024
-0.000182
0.000638
0.000845
0.000516
0.000644
0.001394
0.001449
0.001185
0.001322
0.001441
0.000848
0.000237
0.000316
-0.000265
-0.000491
-0.000820
-0.000860
-0.000577
-0.000893
-0.000133
0.000606
0.000294
0.000664
0.001762
0.001890
0.001142
0.000587
0.000804
0.000904
-0.000216
-0.000466
-0.000002
-0.000326
-0.001141
-0.001301
-0.000826
-0.001057
-0.001373
-0.000824
-0.000085
-0.000051
0.000549
0.001626
0.001438
0.000999
0.001714
0.001675
0.001181
0.001182
0.000787
-0.000080
-0.000377
-0.000866
-0.001109
-0.001395
-0.001639
-0.000788
-0.000952
-0.001652
-0.001466
-0.000743
-0.000187
-0.000483
0.000582
0.001242
0.001078
0.001951
0.003226
0.003299
0.002801
0.002687
0.003045
0.002061
0.000929
0.000989
0.000309
-0.001123
-0.001926
-0.002097
-0.002205
-0.002058
-0.000966
-0.000548
-0.000341
0.000592
0.001260
0.001082
0.001027
0.001225
0.001278
0.000590
-0.000520
-0.000286
-0.000290
-0.001410
-0.001382
-0.000510
-0.000174
-0.000350
-0.000239
0.000137
0.000212
0.000098
0.000935
0.001509
0.001550
0.001238
0.001223
0.001213
0.000571
0.000687
0.000536
-0.000176
-0.000693
-0.000323
-0.000063
-0.000586
-0.000743
-0.000602
0.000080
-0.000310
-0.001068
-0.000791
-0.000947
-0.001601
-0.000836
-0.000035
-0.000586
0.000069
0.001009
0.001352
0.001985
0.003014
0.003593
0.002552
0.002585
0.003024
0.002352
0.001003
0.000371
-0.000055
-0.001420
-0.001677
-0.001750
-0.001961
-0.001458
-0.000399
0.000355
0.000309
0.000670
0.001228
0.001647
0.001847
0.001550
0.001366
0.000729
-0.000614
-0.000930
-0.000849
-0.001182
-0.001982
-0.001791
-0.000829
-0.000233
0.000131
0.001614
0.001784
0.001271
0.001798
0.002286
0.001573
0.001059
0.000424
0.000503
-0.000363
-0.001578
-0.001333
-0.000044
-0.000730
-0.000317
0.000414
0.000343
0.000628
0.000702
0.000728
0.000486
0.000098
0.000365
0.000341
0.000054
-0.000211
0.000371
0.000355
-0.000162
-0.000242
0.000320
0.000350
-0.000029
0.000345
0.000337
-0.000284
0.000359
0.001108
0.001144
0.001207
0.001924
0.002508
0.002251
0.001546
0.001697
0.001680
0.000842
0.000169
0.000264
-0.000739
-0.001196
-0.000660
-0.000615
-0.000984
-0.001048
0.000197
0.000698
0.000248
0.000184
0.000305
0.000165
-0.000018
0.000257
0.000108
-0.000857
-0.000963
-0.000363
-0.000656
-0.000835
-0.000572
-0.000536
-0.000804
-0.000015
0.000856
0.000965
0.000582
0.000739
0.001506
0.001306
0.000909
0.000722
0.000352
0.000197
0.000227
0.000333
-0.000242
-0.000748
-0.000549
-0.000555
-0.000703
-0.000692
0.000323
0.000811
-0.000345
-0.000556
0.000762
0.000854
0.000330
0.000648
0.000979
0.000528
0.000502
0.000935
0.001000
0.000777
0.000673
0.001310
0.001544
0.000347
-0.000262
-0.000143
-0.000461
-0.000703
-0.000270
0.000033
-0.000167
0.000335
0.000488
0.000156
-0.000023
0.000458
0.001154
0.001247
0.001334
0.001430
0.000647
-0.000478
-0.000499
-0.000765
-0.001574
-0.001563
-0.000963
-0.000390
-0.000271
0.000190
0.001343
0.001049
0.000158
-0.000115
0.000225
0.000236
-0.000862
-0.001032
-0.000746
-0.000847
-0.000994
-0.001046
-0.000995
-0.000789
0.000537
0.001358
0.001493
0.001709
0.002193
0.002043
0.001217
0.000092
-0.000487
-0.000753
-0.001428
-0.000977
0.000085
-0.000035
-0.000387
-0.000164
0.000457
0.000781
0.001174
0.002477
0.002654
0.001798
0.001469
0.001269
-0.000263
-0.001886
-0.002001
-0.002029
-0.002016
-0.001394
-0.000480
0.000113
0.000321
0.001030
0.002565
0.003133
0.003659
0.004275
0.003998
0.002219
0.000489
-0.000261
-0.001106
-0.001741
-0.001870
-0.002443
-0.002696
-0.002340
-0.000693
0.000067
0.000064
0.000601
0.001899
0.002583
0.002301
0.001883
0.001671
0.000854
-0.000033
0.000026
-0.000117
-0.000961
-0.000941
-0.000534
-0.000648
-0.001185
-0.000437
0.000422
0.000579
0.000606
0.001655
0.002198
0.001345
0.001114
0.001798
0.001212
0.000084
0.000391
0.000071
-0.001477
-0.002137
-0.001313
-0.000665
-0.000505
-0.000338
-0.000311
-0.000467
-0.000371
0.000451
0.001217
0.001108
0.001028
0.001302
0.000619
-0.000235
-0.000014
0.000474
0.000381
-0.000165
-0.000126
-0.000323
-0.000405
0.000282
0.001776
0.002738
0.001987
0.001677
0.002357
0.002366
0.001989
0.001131
0.000181
-0.000757
-0.000951
-0.001229
-0.002048
-0.002237
-0.000801
0.001104
0.001173
0.001132
0.002057
0.002540
0.002337
0.002144
0.001637
0.000570
-0.000359
-0.000710
-0.001351
-0.001177
-0.000836
-0.000749
-0.000719
-0.000850
-0.000161
0.001380
0.002003
0.001785
0.002344
0.003346
0.002141
0.000766
0.000542
-0.000185
-0.001284
-0.002044
-0.001526
-0.000808
-0.001218
-0.000611
0.000978
0.001879
0.002350
0.002499
0.002485
0.001207
0.000243
-0.000061
-0.000869
-0.001714
-0.001390
-0.000984
-0.001757
-0.001449
-0.000214
0.001113
0.001373
0.001156
0.001603
0.001706
0.001450
0.001737
0.001913
0.001091
-0.000366
-0.000549
-0.000709
-0.001295
-0.001083
-0.000590
-0.000067
0.000416
0.000748
0.001098
0.000908
0.001127
0.001560
0.001534
0.001450
0.001057
0.000881
0.000538
-0.000183
-0.000395
-0.000456
-0.000589
-0.000132
0.000924
0.000870
0.000690
0.000522
0.000354
0.000046
-0.000144
0.000142
0.000193
-0.000016
-0.000126
0.000484
0.000751
0.000312
0.000741
0.001232
0.000533
0.000001
0.000777
0.000783
-0.000402
-0.000795
-0.000548
-0.000425
-0.000783
-0.000322
0.000222
0.000246
0.000359
0.001208
0.001675
0.000850
0.000984
0.001555
0.001023
0.000686
0.001289
0.000728
0.000139
-0.000098
-0.000381
-0.000621
-0.001506
-0.001135
-0.000699
-0.001198
-0.001194
-0.000471
0.000519
0.000443
0.000678
0.001486
0.002052
0.002345
0.002443
0.002834
0.001755
0.001159
0.001102
0.000314
-0.000342
-0.000110
0.000327
-0.000246
-0.000669
-0.000677
-0.000376
-0.000351
-0.000453
-0.000087
0.000556
0.000647
0.000537
0.001521
0.001374
0.000391
0.000941
0.001024
0.000024
-0.000689
-0.000580
0.000383
0.000417
0.000016
0.000065
-0.000095
-0.000686
-0.000349
0.000524
0.000623
0.001104
0.002454
0.002631
0.002244
0.001961
0.001529
0.000989
0.000494
-0.000405
-0.001260
-0.001709
-0.001818
-0.001252
-0.000597
-0.000271
0.000086
0.000307
0.000742
0.001479
0.002081
0.002563
0.001991
0.000940
0.000831
0.000568
-0.000206
-0.000566
-0.000068
-0.000138
-0.000498
0.000240
0.001051
0.000746
0.000599
0.001458
0.001447
0.001404
0.001114
0.000883
0.000033
-0.000561
-0.000469
-0.000536
-0.001498
-0.001967
-0.000769
0.000349
-0.000042
0.000428
0.001371
0.001488
0.001224
0.001865
0.001474
0.000350
0.000510
0.000915
0.000494
-0.000203
-0.000022
0.000178
-0.000031
-0.000232
0.000516
0.000945
0.000518
0.000911
0.001223
0.000437
-0.000210
-0.000187
-0.000160
-0.000747
-0.001488
-0.000996
-0.000480
-0.000746
0.000150
0.001308
0.001760
0.002565
0.003239
0.002792
0.002194
0.001764
0.001287
-0.000003
-0.001394
-0.001708
-0.001504
-0.001375
-0.001856
-0.001233
-0.000429
-0.001105
-0.000283
0.001034
0.001293
0.001412
0.001601
0.002486
0.002854
0.001422
0.000549
0.000645
0.000007
-0.000935
-0.001528
-0.001926
-0.002297
-0.001651
-0.000813
-0.000567
-0.000299
0.000493
0.000847
0.000752
0.001135
0.002155
0.002377
0.001598
0.001720
0.001581
0.000618
-0.000502
-0.001126
-0.001570
-0.002272
-0.002285
-0.001205
-0.001093
-0.000748
0.000075
0.001039
0.002169
0.002711
0.003272
0.003944
0.003314
0.002554
0.002109
0.001715
0.000231
-0.000078
-0.000575
-0.001801
-0.001912
-0.000946
0.000046
-0.000307
-0.000285
0.000329
0.000286
-0.000358
0.000488
0.000919
-0.000118
-0.000213
0.001051
0.001232
0.000471
0.000899
0.000893
0.000373
-0.000147
0.000119
0.001155
0.001255
0.000331
-0.000241
-0.000339
-0.000842
-0.001500
-0.001287
-0.001176
-0.000776
-0.000089
0.000582
0.000581
0.000585
0.001466
0.002168
0.002423
0.002197
0.002481
0.002253
0.001410
0.001493
0.000969
-0.000127
-0.000893
-0.001338
-0.001928
-0.002603
-0.002067
-0.001204
-0.001018
-0.000038
0.001781
0.002724
0.002319
0.003632
0.003938
0.002520
0.001700
0.000971
0.000692
-0.000624
-0.001343
-0.000546
-0.000395
-0.001849
-0.002116
-0.001010
-0.000266
-0.000294
-0.000178
-0.000184
-0.000114
0.000659
0.001187
0.001257
0.000619
0.000467
0.000466
-0.000899
-0.001056
0.000174
0.000847
0.000197
0.000105
0.001205
0.001849
0.001396
0.000424
0.000758
0.000741
-0.000044
-0.000219
0.000017
0.000354
0.000967
0.000961
0.000769
0.000333
0.000482
0.000875
0.000672
0.000353
0.000464
0.000565
-0.000848
-0.001049
-0.000795
-0.001515
-0.001784
-0.001288
-0.000475
-0.000004
0.001009
0.001461
0.002155
0.002518
0.002663
0.002916
0.001634
0.000656
0.000120
0.000194
-0.000862
-0.001505
-0.000657
-0.000297
-0.000396
-0.000350
-0.000116
-0.000015
-0.000076
0.000483
0.000671
-0.000277
-0.000044
0.000762
0.000407
0.000233
0.000340
0.000388
-0.000079
-0.000662
-0.000290
0.000527
0.000357
-0.000122
0.000188
0.000187
-0.000175
0.000429
0.001124
0.000377
-0.000489
-0.000158
0.000330
-0.000052
-0.000195
-0.000244
-0.000644
-0.000383
0.000685
0.001204
0.001180
0.001674
0.002147
0.002572
0.001718
0.001255
0.001582
0.001555
0.000784
0.000178
0.000177
-0.000587
-0.001107
-0.000327
0.000035
-0.001481
-0.001762
-0.000918
-0.001113
-0.000966
-0.000782
-0.000822
-0.000669
-0.000327
-0.000094
0.000156
0.000420
0.000688
0.001834
0.002513
0.001994
0.001879
0.002654
0.001271
-0.000128
-0.000234
-0.000684
-0.000991
-0.001593
-0.001140
-0.001009
-0.001090
-0.000527
0.000810
0.001889
0.002310
0.002465
0.002279
0.001781
0.001116
0.001404
0.001065
-0.000157
-0.000385
0.000084
0.000087
0.000018
-0.000328
-0.000300
-0.000534
-0.000064
0.000210
-0.000339
-0.000737
0.000193
0.001229
0.001246
0.001432
0.001829
0.001901
0.001642
0.001758
0.002062
0.001474
0.000445
0.000556
0.000207
-0.000984
-0.001214
-0.000378
-0.000868
-0.002055
-0.002422
-0.001707
-0.001634
-0.001922
-0.001150
-0.000252
0.000342
0.001252
0.002124
0.002436
0.002389
0.003346
0.003892
0.002791
0.002021
0.001622
0.000418
-0.001194
-0.002110
-0.002009
-0.001987
-0.002476
-0.002230
-0.000794
-0.000163
0.000205
0.001156
0.002017
0.001614
0.001889
0.002641
0.001552
0.000358
0.000112
0.000371
0.000066
-0.000805
-0.000813
-0.001368
-0.001100
-0.000534
0.000275
0.000599
0.000084
0.000245
0.000097
-0.000636
-0.000202
0.000948
0.001543
0.000633
0.001291
0.002171
0.001093
-0.000575
-0.000238
-0.000096
-0.001166
-0.001402
-0.000323
-0.000135
-0.000905
-0.000960
0.000312
0.000358
0.000200
0.001187
0.001548
0.000964
0.000926
0.001275
0.000920
0.000407
0.000496
0.000605
-0.000843
-0.001308
-0.001143
-0.001550
-0.001147
-0.000015
0.000032
0.000104
0.000771
0.001598
0.002238
0.002206
0.002853
0.002982
0.001826
0.000880
0.000674
0.000586
0.000488
-0.000333
-0.001137
-0.001488
-0.001903
-0.001802
-0.001194
-0.000900
-0.000791
-0.000622
-0.000577
-0.000225
0.000390
0.000954
0.001173
0.001131
0.001645
0.001737
0.002559
0.003259
0.003896
0.003808
0.002220
0.000756
0.000272
0.000043
-0.000570
-0.001286
-0.001473
-0.001433
-0.002127
-0.002407
-0.001602
-0.001102
-0.000046
0.001312
0.001037
0.000736
0.001347
0.001772
0.001706
0.001485
0.000687
0.001033
0.000931
0.000587
0.000939
0.000192
-0.000758
-0.000619
-0.000148
-0.000633
-0.001153
-0.000827
-0.000359
-0.000152
0.000625
0.001406
0.001227
0.000911
0.000853
0.001106
0.000672
0.000464
0.000654
0.000171
0.000065
-0.000046
-0.000006
-0.000010
-0.000998
-0.001415
-0.000916
-0.001023
-0.000860
0.000001
0.000442
-0.000189
-0.000216
0.000624
0.000348
0.000422
0.001048
0.001380
0.000979
0.001086
0.001737
0.001158
0.000095
-0.001337
-0.001877
-0.001490
-0.001406
-0.000429
0.000348
0.000324
0.000155
0.000243
0.000931
0.001344
0.001628
0.002970
0.002513
0.000982
0.000484
0.000449
0.000133
-0.000476
0.000108
0.000772
-0.000364
-0.001285
-0.000777
-0.000306
-0.000490
0.000186
0.001065
0.000881
0.000960
0.001414
0.001880
0.002001
0.002083
0.002428
0.002116
0.001085
0.000084
0.000006
-0.000401
-0.000958
-0.000585
-0.000555
-0.001337
-0.001340
-0.000214
-0.000133
-0.000462
-0.000395
0.000340
0.000768
0.000700
0.001047
0.000772
-0.000401
-0.000237
0.000970
0.001188
0.000652
0.000505
0.000590
0.000255
0.000035
0.000140
0.000155
-0.001420
-0.001877
-0.000508
0.000201
-0.000018
-0.000703
-0.001029
-0.000712
-0.000672
0.000384
0.000850
0.000526
0.001511
0.001967
0.001665
0.001659
0.001680
0.001718
0.001248
0.000679
0.000864
0.000660
-0.001156
-0.001011
-0.000845
-0.000913
-0.000637
-0.000525
-0.001207
-0.001488
-0.001221
-0.000988
-0.000847
-0.000562
0.000169
0.000761
0.000731
0.001459
0.002490
0.003012
0.003377
0.002946
0.002519
0.001719
0.000638
0.000226
-0.001066
-0.001859
-0.002297
-0.001960
-0.001925
-0.001728
-0.000606
-0.000100
-0.000561
-0.000024
0.000840
0.001781
0.001423
0.001362
0.001325
0.000500
-0.000347
0.000054
0.000310
0.000175
0.000556
0.001096
0.000932
0.000188
-0.000276
0.000519
0.000698
0.000001
0.000321
0.000736
-0.000118
-0.000189
0.001030
0.001912
0.001653
0.001801
0.001924
-0.000160
-0.004656
-0.008079
-0.008046
-0.004416
0.002935
0.011159
0.014831
0.011607
0.004488
-0.004154
-0.013594
-0.017400
-0.013965
-0.004857
0.003482
0.009523
0.013177
0.012578
0.008635
0.004426
0.002221
0.000904
-0.001898
-0.005236
-0.009032
-0.012831
-0.012527
-0.007833
-0.000769
0.006407
0.011323
0.012002
0.007241
-0.000046
-0.002621
-0.002501
-0.000568
0.002998
0.007280
0.007437
0.003293
-0.001229
-0.004802
-0.006218
-0.006321
-0.004474
0.000441
0.005652
0.007564
0.006306
0.001321
-0.005944
-0.009579
-0.008634
-0.004884
-0.000163
0.003997
0.005987
0.006267
0.006500
0.006316
0.004533
0.000234
-0.005031
-0.008293
-0.010203
-0.009479
-0.006157
-0.002022
0.003597
0.011420
0.018657
0.021664
0.019221
0.009697
-0.003571
-0.017663
-0.027924
-0.030385
-0.024852
-0.010758
0.005695
0.017140
0.019870
0.015419
0.005924
-0.001120
-0.002711
-0.001365
0.000374
0.001175
0.002045
0.005502
0.010722
0.012479
0.011502
0.010422
0.007685
0.001063
-0.008942
-0.021328
-0.035533
-0.046358
-0.047428
-0.037215
-0.017420
0.007693
0.034426
0.058098
0.070789
0.070634
0.056218
0.028524
-0.004106
-0.031977
-0.048488
-0.052432
-0.045056
-0.030422
-0.017033
-0.005678
0.003916
0.011843
0.014574
0.011750
0.008632
0.007778
0.006461
0.002170
-0.005047
-0.013875
-0.016760
-0.008114
0.013444
0.038481
0.056859
0.062935
0.056925
0.031653
-0.007844
-0.051066
-0.088779
-0.106157
-0.103239
-0.079318
-0.043435
-0.005210
0.031180
0.061556
0.080177
0.084540
0.077309
0.060421
0.041206
0.024117
0.009699
-0.004738
-0.021055
-0.037778
-0.052447
-0.060332
-0.060103
-0.051448
-0.039660
-0.028150
-0.016225
-0.003786
0.008549
0.020222
0.032490
0.045537
0.057622
0.065952
0.067336
0.058370
0.038705
0.014033
-0.010992
-0.034511
-0.052264
-0.062171
-0.067463
-0.069744
-0.068002
-0.059137
-0.040848
-0.014329
0.019806
0.055643
0.086370
0.102441
0.102981
0.086313
0.053358
0.013161
-0.027537
-0.062439
-0.084559
-0.090687
-0.083105
-0.064304
-0.039301
-0.011519
0.015820
0.038710
0.054725
0.061632
0.058195
0.047128
0.034164
0.021591
0.008509
-0.003920
-0.015225
-0.026322
-0.035987
-0.042435
-0.044725
-0.042440
-0.034234
-0.020114
-0.004268
0.010739
0.024365
0.035008
0.041023
0.043262
0.043828
0.042176
0.033742
0.015718
-0.006172
-0.027521
-0.045396
-0.055879
-0.058973
-0.054087
-0.041035
-0.021515
-0.000403
0.017319
0.031322
0.042694
0.049140
0.050209
0.045745
0.035852
0.022518
0.005606
-0.012103
-0.025554
-0.034868
-0.038230
-0.035788
-0.028521
-0.018501
-0.008156
-0.000974
0.001197
0.000587
-0.000541
-0.000972
0.000940
0.005039
0.011748
0.020089
0.028407
0.034276
0.034931
0.028911
0.015861
0.002158
-0.009633
-0.020221
-0.029197
-0.033413
-0.033809
-0.031927
-0.026457
-0.019369
-0.012174
-0.002439
0.011718
0.025856
0.036035
0.040612
0.039149
0.031239
0.019347
0.007152
-0.003735
-0.013745
-0.022246
-0.026658
-0.029814
-0.033111
-0.035500
-0.035298
-0.031598
-0.022008
-0.006171
0.014069
0.034651
0.052453
0.064278
0.067670
0.062354
0.047831
0.026716
-0.000683
-0.029016
-0.054099
-0.073416
-0.083315
-0.081912
-0.068896
-0.045401
-0.017225
0.013187
0.042393
0.064648
0.078569
0.083900
0.078797
0.062185
0.039438
0.012685
-0.016140
-0.042922
-0.063731
-0.075331
-0.076826
-0.069047
-0.050500
-0.026692
-0.001355
0.023013
0.043477
0.056409
0.060660
0.058582
0.049605
0.033611
0.012376
-0.008706
-0.026101
-0.037848
-0.041689
-0.039108
-0.030271
-0.018927
-0.007348
0.001834
0.008482
0.012270
0.014489
0.015471
0.014263
0.013211
0.012156
0.008705
0.004284
-0.001141
-0.007641
-0.014683
-0.019849
-0.019634
-0.015292
-0.009074
-0.000793
0.008438
0.015974
0.019562
0.020320
0.017780
0.012501
0.007267
0.001464
-0.004922
-0.011924
-0.016702
-0.018986
-0.018945
-0.015643
-0.008708
-0.000441
0.005786
0.010158
0.011601
0.010527
0.007131
0.004917
0.003993
0.003589
0.005209
0.007788
0.009451
0.008893
0.005265
0.000619
-0.006171
-0.014643
-0.021162
-0.023387
-0.021642
-0.014528
-0.002920
0.009922
0.020625
0.028355
0.031077
0.027116
0.016731
0.003472
-0.010614
-0.023082
-0.029540
-0.029522
-0.024121
-0.014438
-0.001623
0.010571
0.019826
0.025520
0.026606
0.024318
0.016884
0.005995
-0.003769
-0.012213
-0.018208
-0.021278
-0.022305
-0.020892
-0.017928
-0.013058
-0.006604
0.001980
0.011922
0.021816
0.028364
0.029767
0.026285
0.018043
0.006911
-0.002752
-0.009050
-0.011706
-0.012463
-0.012667
-0.012461
-0.013582
-0.016921
-0.020050
-0.021081
-0.018673
-0.011969
-0.001132
0.011172
0.022401
0.031594
0.036417
0.036388
0.032186
0.024546
0.013775
0.001141
-0.011151
-0.021944
-0.029588
-0.034323
-0.034975
-0.030908
-0.023007
-0.013892
-0.003489
0.007045
0.015269
0.021283
0.024848
0.025215
0.023373
0.019207
0.013487
0.006648
-0.001472
-0.007578
-0.010359
-0.011941
-0.011543
-0.007693
-0.003892
-0.002548
-0.002377
-0.004900
-0.009064
-0.012884
-0.014236
-0.012674
-0.007266
0.002989
0.015687
0.028309
0.037006
0.040100
0.036384
0.025348
0.009479
-0.009228
-0.027897
-0.043568
-0.053001
-0.054420
-0.047828
-0.033658
-0.014776
0.006113
0.025375
0.040720
0.050875
0.054494
0.050878
0.041121
0.027550
0.011753
-0.004315
-0.018737
-0.030472
-0.039860
-0.044931
-0.045244
-0.041345
-0.033334
-0.021115
-0.005457
0.010601
0.024905
0.036915
0.044121
0.045091
0.039856
0.028770
0.014204
-0.002072
-0.016299
-0.026575
-0.032264
-0.033829
-0.030224
-0.022476
-0.014481
-0.006221
0.000814
0.006386
0.011249
0.015263
0.019782
0.022681
0.023112
0.021190
0.015847
0.006983
-0.003496
-0.012859
-0.020675
-0.024898
-0.023747
-0.018381
-0.010199
-0.001782
0.006019
0.011843
0.013986
0.014072
0.013003
0.011758
0.009877
0.008066
0.004979
-0.001026
-0.008050
-0.014906
-0.020993
-0.024733
-0.024858
-0.020550
-0.012468
-0.002317
0.010392
0.021491
0.028581
0.032157
0.032007
0.027759
0.018597
0.008306
-0.000978
-0.009831
-0.017738
-0.023133
-0.025760
-0.027274
-0.026429
-0.022432
-0.018483
-0.013556
-0.006169
0.001828
0.009308
0.015842
0.021804
0.026385
0.029030
0.029635
0.028713
0.025252
0.018617
0.010164
-0.000001
-0.010554
-0.020600
-0.028314
-0.033460
-0.036110
-0.034585
-0.030204
-0.024371
-0.015711
-0.005054
0.006947
0.018769
0.029172
0.038159
0.044228
0.045176
0.042365
0.034329
0.021483
0.006641
-0.008873
-0.023409
-0.036507
-0.045933
-0.048344
-0.046413
-0.038800
-0.026722
-0.011687
0.002911
0.016115
0.028455
0.036525
0.039006
0.037492
0.032863
0.025675
0.014366
0.002127
-0.009327
-0.021127
-0.030914
-0.035991
-0.036617
-0.032965
-0.024387
-0.012252
0.001507
0.014625
0.026223
0.034160
0.036018
0.033397
0.026835
0.016686
0.004329
-0.007913
-0.019550
-0.029046
-0.035596
-0.037497
-0.034514
-0.027167
-0.016862
-0.003608
0.010342
0.023109
0.033866
0.040157
0.041270
0.036392
0.027363
0.016003
0.002285
-0.009829
-0.019738
-0.027688
-0.031515
-0.031388
-0.027125
-0.020946
-0.014014
-0.005731
0.002476
0.008740
0.014547
0.020269
0.022101
0.021303
0.019369
0.015752
0.009200
0.001920
-0.004301
-0.009666
-0.013121
-0.013744
-0.011438
-0.007325
-0.003429
-0.000118
0.001991
0.001921
-0.000392
-0.002826
-0.003627
-0.003992
-0.002726
-0.000071
0.003626
0.007842
0.011238
0.012808
0.012005
0.007551
0.002234
-0.003220
-0.008763
-0.011747
-0.012226
-0.011815
-0.009439
-0.005303
-0.001105
0.002742
0.006437
0.009615
0.010717
0.010394
0.009126
0.006624
0.003557
-0.000374
-0.004539
-0.008377
-0.011645
-0.013001
-0.011118
-0.007947
-0.003790
0.002078
0.008242
0.012535
0.015122
0.016022
0.013263
0.007326
0.001416
-0.003733
-0.009187
-0.012725
-0.012887
-0.010308
-0.005686
-0.000892
0.004334
0.007502
0.007668
0.006602
0.003959
-0.000310
-0.004123
-0.006099
-0.006200
-0.005457
-0.003578
0.000686
0.004978
0.007982
0.010151
0.011219
0.009515
0.005901
0.002407
-0.001861
-0.006817
-0.010326
-0.011803
-0.012278
-0.010740
-0.007223
-0.002896
0.001031
0.004265
0.008099
0.010115
0.008946
0.007145
0.004488
0.001321
-0.001556
-0.003153
-0.003205
-0.002492
-0.000756
0.002933
0.005794
0.006652
0.006294
0.005038
0.001770
-0.003951
-0.009390
-0.013127
-0.015836
-0.017249
-0.014987
-0.009491
-0.003426
0.004760
0.012081
0.017836
0.021599
0.021878
0.019972
0.015459
0.009206
0.001922
-0.005990
-0.013377
-0.018132
-0.020385
-0.021421
-0.020512
-0.016056
-0.009828
-0.003895
0.003205
0.010673
0.016543
0.018993
0.019837
0.018382
0.014295
0.009808
0.005785
0.001184
-0.002365
-0.004815
-0.006742
-0.008432
-0.009746
-0.010651
-0.010201
-0.010147
-0.009473
-0.006991
-0.003662
0.000189
0.003349
0.005517
0.007512
0.008161
0.008587
0.008515
0.007937
0.006371
0.006125
0.004790
0.003131
0.002147
0.000813
-0.001864
-0.006086
-0.009578
-0.012204
-0.014478
-0.014990
-0.012992
-0.008459
-0.002903
0.003419
0.010026
0.015237
0.018307
0.018258
0.016281
0.011738
0.005280
-0.000964
-0.007666
-0.012787
-0.015771
-0.016939
-0.015477
-0.012037
-0.007250
-0.000966
0.004672
0.009849
0.014607
0.016857
0.015823
0.012834
0.009042
0.003070
-0.003564
-0.008895
-0.012832
-0.015680
-0.015742
-0.012589
-0.007951
-0.002545
0.003825
0.010428
0.013617
0.014609
0.014094
0.011001
0.006061
0.000710
-0.003936
-0.008405
-0.012774
-0.015026
-0.014541
-0.011981
-0.008073
-0.002904
0.002375
0.007091
0.011366
0.014158
0.014879
0.013510
0.010626
0.006661
0.000729
-0.004854
-0.008408
-0.011486
-0.013636
-0.013261
-0.010098
-0.006221
-0.002345
0.001653
0.005523
0.007253
0.007389
0.007599
0.006916
0.005086
0.003365
0.002460
0.001245
0.000343
-0.000019
-0.000650
-0.001650
-0.002557
-0.002349
-0.001907
-0.001345
-0.000860
-0.000498
0.000061
0.000422
0.000368
-0.000421
-0.001901
-0.003754
-0.004446
-0.004269
-0.004073
-0.001883
0.001018
0.003152
0.005028
0.007205
0.008566
0.008421
0.007816
0.006513
0.004056
0.001484
-0.001073
-0.003456
-0.006796
-0.009233
-0.009668
-0.010320
-0.011035
-0.009134
-0.004910
-0.000874
0.003150
0.008515
0.012456
0.013725
0.013654
0.012191
0.008966
0.003250
-0.002578
-0.007464
-0.012727
-0.014718
-0.014250
-0.012814
-0.009531
-0.004795
0.001168
0.006116
0.009177
0.011709
0.012496
0.010752
0.008537
0.006355
0.003839
0.000290
-0.002766
-0.003507
-0.004908
-0.006459
-0.006332
-0.005894
-0.005581
-0.004356
-0.002604
-0.001273
-0.000397
0.001733
0.004240
0.004786
0.005325
0.005718
0.005413
0.004682
0.003946
0.003523
0.002000
0.000421
-0.000462
-0.000415
-0.000620
-0.001372
-0.000535
0.000425
-0.000296
-0.001310
-0.001698
-0.003116
-0.004248
-0.004452
-0.004517
-0.004362
-0.002864
0.000310
0.002076
0.004194
0.006599
0.008915
0.009645
0.008701
0.007411
0.004049
-0.000411
-0.004636
-0.008231
-0.009535
-0.009973
-0.008379
-0.005827
-0.003129
0.000140
0.003563
0.006900
0.008289
0.008135
0.008083
0.007234
0.004663
0.002486
0.000649
-0.002323
-0.005626
-0.007922
-0.009111
-0.009278
-0.008174
-0.005352
-0.001978
0.000854
0.003679
0.006802
0.007744
0.007960
0.008164
0.006592
0.004807
0.003313
0.001106
-0.001280
-0.003139
-0.004134
-0.004549
-0.005214
-0.006137
-0.005379
-0.003745
-0.002043
-0.000279
0.001396
0.002963
0.004207
0.005831
0.006510
0.004848
0.003007
0.002026
0.000014
-0.002087
-0.002723
-0.002593
-0.002630
-0.001747
0.000338
0.002109
0.001925
0.001799
0.002108
0.001635
0.000648
0.000206
0.000608
0.000001
-0.000831
-0.000280
0.000636
0.000883
0.001361
0.002854
0.002996
0.001838
0.001608
0.001422
0.000452
-0.000703
-0.001388
-0.001250
-0.001220
-0.001175
0.000216
0.001136
0.001489
0.002380
0.003049
0.001418
-0.001186
-0.002335
-0.003082
-0.004425
-0.005425
-0.003816
-0.001409
0.000655
0.003546
0.006988
0.008399
0.008286
0.007999
0.006446
0.003784
0.000593
-0.003101
-0.006325
-0.009230
-0.010179
-0.009986
-0.009486
-0.007437
-0.004137
-0.000726
0.002582
0.006104
0.009604
0.011521
0.011815
0.011790
0.011986
0.009754
0.005570
0.002099
-0.001573
-0.005659
-0.008421
-0.010075
-0.011333
-0.011694
-0.009977
-0.007128
-0.004382
-0.000957
0.002731
0.006085
0.008376
0.010271
0.012075
0.011949
0.009452
0.007483
0.004732
0.000211
-0.002843
-0.004791
-0.007063
-0.008328
-0.008406
-0.007228
-0.005393
-0.003532
-0.001027
0.001396
0.003435
0.005013
0.006322
0.006420
0.005908
0.005265
0.004017
0.002557
0.000539
-0.001631
-0.003038
-0.003750
-0.004558
-0.003982
-0.002743
-0.002203
-0.001183
0.001063
0.002458
0.003018
0.004322
0.003857
0.002899
0.002631
0.001366
-0.000237
-0.000982
-0.000955
-0.000661
-0.000522
-0.000620
0.000770
0.001515
0.001682
0.002340
0.002023
0.000067
-0.001057
-0.001153
-0.001131
-0.002369
-0.002694
-0.001787
-0.000851
0.000385
0.002443
0.004493
0.005296
0.005476
0.005161
0.003925
0.002193
-0.000129
-0.001906
-0.003270
-0.004263
-0.003810
-0.002271
-0.000620
0.001391
0.003563
0.005193
0.005350
0.004856
0.003723
0.000981
-0.002043
-0.004164
-0.006534
-0.007986
-0.007911
-0.006118
-0.003716
-0.001519
0.001611
0.005447
0.008675
0.009914
0.010329
0.010414
0.008029
0.004455
0.001817
-0.001784
-0.005039
-0.006380
-0.007205
-0.007597
-0.006930
-0.004529
-0.001566
0.000137
0.001140
0.002813
0.003640
0.003212
0.002807
0.002480
0.001131
0.000966
0.001480
0.001145
0.000775
0.001383
0.001700
0.001726
0.001020
0.000257
0.000464
-0.000681
-0.001987
-0.001603
-0.000518
-0.000140
-0.000058
0.001022
0.000696
0.000146
0.000473
0.000056
-0.000724
-0.001234
-0.000437
0.000001
-0.000382
0.000185
0.001306
0.001801
0.002563
0.003854
0.004434
0.004149
0.002411
0.000344
-0.001542
-0.003403
-0.004219
-0.005080
-0.004994
-0.003802
-0.001640
0.000559
0.001718
0.003135
0.004964
0.005361
0.004933
0.003968
0.002478
0.000104
-0.002261
-0.003704
-0.003979
-0.004748
-0.005130
-0.003714
-0.001954
-0.000474
0.001244
0.003001
0.002944
0.003531
0.004466
0.004471
0.003475
0.002254
0.000611
-0.001248
-0.002620
-0.003151
-0.003331
-0.004051
-0.004960
-0.004162
-0.002636
-0.001649
0.000105
0.002966
0.005251
0.006653
0.007463
0.007700
0.006452
0.004114
0.002782
0.000461
-0.002925
-0.005464
-0.007168
-0.007882
-0.007875
-0.006299
-0.004269
-0.001861
0.001393
0.004787
0.007299
0.007983
0.008254
0.008256
0.007184
0.005273
0.003269
0.000711
-0.002298
-0.004304
-0.005154
-0.005666
-0.006413
-0.006099
-0.004335
-0.002829
-0.001413
0.000627
0.002553
0.003854
0.003986
0.004448
0.004331
0.003220
0.002987
0.002217
0.000853
-0.000471
-0.001407
-0.002351
-0.003284
-0.003469
-0.003226
-0.002373
-0.001106
-0.000100
0.000866
0.001725
0.002391
0.003410
0.004032
0.003699
0.003021
0.001845
-0.000079
-0.001268
-0.001747
-0.002423
-0.002951
-0.002920
-0.001874
-0.001437
-0.001140
0.000250
0.001891
0.002649
0.003022
0.003547
0.003525
0.003011
0.001759
0.000480
0.000134
-0.001287
-0.002531
-0.002540
-0.002526
-0.002226
-0.001216
0.000165
0.000417
0.001450
0.002287
0.002050
0.000945
0.000634
0.000944
0.000128
-0.000087
0.000279
0.000605
0.000615
0.000796
0.001333
0.001302
0.000805
0.000265
-0.000259
-0.000730
-0.000913
-0.000759
0.000126
0.000250
-0.000231
0.000167
0.000468
-0.000442
-0.000779
-0.000616
-0.001256
-0.001077
0.000025
0.000103
-0.000034
0.000313
0.001619
0.002228
0.001947
0.002464
0.002728
0.002695
0.002072
0.001532
0.001331
-0.000325
-0.002222
-0.003071
-0.004169
-0.004710
-0.004155
-0.003051
-0.001711
-0.000614
0.000712
0.001804
0.002547
0.003304
0.004291
0.005008
0.005002
0.004699
0.004175
0.002741
0.000519
-0.001022
-0.003145
-0.005666
-0.006264
-0.005912
-0.005607
-0.004946
-0.003368
-0.000513
0.002118
0.004313
0.005730
0.005995
0.005420
0.004357
0.002538
0.000419
-0.000648
-0.000896
-0.001462
-0.002137
-0.001682
-0.000774
-0.000837
-0.000993
-0.000233
0.000229
0.000067
0.000781
0.001670
0.001679
0.001628
0.001406
0.001107
0.000449
-0.000054
0.000722
0.001594
0.001636
0.001331
0.000789
-0.000091
-0.000681
-0.001850
-0.001993
-0.001689
-0.001786
-0.001064
0.000162
0.000478
0.001317
0.001875
0.002191
0.002219
0.001002
-0.000188
-0.000918
-0.001925
-0.001573
-0.000780
-0.001130
-0.000248
0.000543
0.000621
0.000911
0.000712
0.001267
0.001435
0.001309
0.001609
0.001581
0.000891
0.000780
0.000408
0.000154
0.000090
0.000468
-0.000301
-0.001586
-0.001297
-0.000887
-0.000404
0.000019
0.000672
0.000954
0.000439
0.000380
0.001063
0.001367
0.001148
0.000855
0.000628
0.000458
-0.000663
-0.001162
-0.001229
-0.002344
-0.002400
-0.001133
-0.000863
-0.001148
-0.000653
-0.000072
0.000510
0.000347
0.001135
0.001367
0.001091
0.000897
0.000923
0.000647
-0.000626
-0.000591
0.000444
-0.000154
-0.001155
0.000346
0.001740
0.001169
0.001177
0.001694
0.001418
0.000601
-0.000115
-0.000143
-0.001001
-0.001539
-0.000721
-0.000206
-0.000635
-0.000431
0.000754
0.001367
0.000991
0.001749
0.003056
0.002915
0.002463
0.002157
0.001278
0.000047
-0.000652
-0.000979
-0.001627
-0.002008
-0.002131
-0.001646
-0.001706
-0.001512
-0.000503
0.000006
0.000790
0.001312
0.002345
0.003745
0.003395
0.003149
0.003026
0.001464
0.000487
0.000218
-0.000335
-0.001467
-0.001793
-0.001501
-0.001763
-0.001525
-0.000715
-0.000434
-0.000416
-0.000491
-0.000226
0.000090
-0.000543
-0.000396
0.000044
0.000461
0.000827
0.001522
0.002247
0.001707
0.001276
0.000963
0.000509
-0.000000
-0.000546
-0.000625
-0.001014
-0.001481
-0.001485
-0.000669
0.000001
0.000394
0.000768
0.000382
-0.000173
0.000686
0.001087
0.000606
0.000799
0.001674
0.001824
0.000769
-0.000227
-0.000879
-0.001730
-0.001724
-0.001595
-0.001745
-0.002089
-0.002000
-0.000672
0.000147
0.000437
0.001332
0.002410
0.002961
0.002795
0.002706
0.002786
0.002546
0.001790
0.001018
0.000361
-0.000849
-0.002456
-0.002676
-0.002928
-0.004000
-0.003928
-0.003554
-0.003420
-0.002555
-0.000449
0.000650
0.001533
0.002976
0.004005
0.004809
0.004971
0.005118
0.004949
0.003383
0.001970
0.000701
-0.000750
-0.002996
-0.004075
-0.004155
-0.004712
-0.004177
-0.002669
-0.001802
-0.001030
0.000048
0.001242
0.002092
0.002383
0.002777
0.002805
0.001842
0.000539
0.000568
0.000310
-0.000970
-0.000780
0.000266
0.000819
0.000362
0.000915
0.001955
0.001730
0.001194
0.001021
0.000525
-0.001387
-0.002447
-0.001690
-0.001662
-0.001830
-0.000381
0.000900
0.001158
0.002180
0.003008
0.003144
0.002307
0.001524
0.000746
-0.000348
-0.001076
-0.001197
-0.001938
-0.002978
-0.003041
-0.001937
-0.001314
-0.000970
0.000024
0.000930
0.001302
0.001186
0.002076
0.002036
0.001080
0.001368
0.001187
-0.000144
-0.001181
-0.001366
-0.001258
-0.001355
-0.001728
-0.001059
-0.000132
-0.000664
-0.000720
0.000224
0.000486
0.000434
0.000392
0.000800
0.000607
0.000797
0.000289
-0.000526
-0.001098
-0.001137
-0.000785
-0.001334
-0.001717
-0.000405
0.000761
0.001302
0.002043
0.002193
0.002284
0.002386
0.002392
0.002050
0.000903
-0.000584
-0.000600
-0.000620
-0.001734
-0.002206
-0.001451
-0.000643
-0.000855
-0.001433
-0.000874
-0.000269
0.000457
0.001338
0.001710
0.001775
0.002440
0.002720
0.001995
0.001891
0.002228
0.001641
0.000566
-0.000772
-0.001437
-0.001659
-0.002297
-0.002204
-0.001706
-0.001433
-0.001475
-0.000393
0.000674
0.000932
0.001685
0.002597
0.002599
0.002339
0.002339
0.002278
0.000733
-0.000922
-0.001050
-0.001230
-0.002007
-0.002815
-0.001780
-0.000737
-0.000786
0.000327
0.001618
0.001708
0.002201
0.002444
0.002805
0.001657
0.000379
0.000688
-0.000252
-0.001254
-0.000559
-0.000157
-0.001035
-0.000879
-0.000033
-0.000265
-0.001163
-0.000857
-0.000827
-0.001101
-0.000485
0.000188
0.000365
0.000453
0.000783
0.002214
0.002757
0.002467
0.002781
0.002757
0.002098
0.001844
0.001542
0.000189
-0.001299
-0.001674
-0.001508
-0.001660
-0.001989
-0.001539
-0.000914
-0.001169
-0.001157
-0.000236
0.000283
-0.000128
-0.000043
0.001269
0.001959
0.001689
0.001470
0.001908
0.001245
0.000874
0.000739
0.000453
0.000332
-0.000497
-0.000467
-0.000457
-0.000157
0.000304
0.000074
-0.000388
-0.000762
-0.000434
-0.000855
-0.001971
-0.002697
-0.002613
-0.002339
-0.001839
-0.000674
0.000471
0.000645
0.001183
0.002703
0.003003
0.001995
0.001088
0.001374
0.000335
-0.001596
-0.001789
-0.001341
-0.001961
-0.002176
-0.000999
-0.000839
-0.000969
0.000177
0.001497
0.001460
0.000836
0.000792
0.001161
0.000820
0.000802
0.000990
0.000741
0.000720
0.001750
0.001755
0.001688
0.001684
0.001412
0.001077
-0.000520
-0.000950
-0.001127
-0.001582
-0.002014
-0.002109
-0.002169
-0.001957
-0.001156
-0.000718
-0.000028
0.000263
0.000442
0.001349
0.001655
0.001164
0.000899
0.000697
-0.000020
-0.000348
-0.000095
0.000157
-0.000528
-0.000480
0.000088
-0.000482
-0.000562
0.000365
0.000366
0.000023
0.000852
0.001606
0.001951
0.001913
0.001863
0.001372
0.000229
-0.000253
-0.000086
0.000054
-0.001028
-0.001278
-0.000442
0.000036
0.000151
0.000085
0.000518
0.000373
-0.000050
0.000594
0.000482
-0.000763
-0.000738
-0.000098
0.000293
0.000627
0.000236
0.000828
0.001524
0.001802
0.002064
0.001960
0.001220
0.001359
0.001883
0.001142
0.000113
-0.000331
-0.000920
-0.001908
-0.002798
-0.003154
-0.003191
-0.003209
-0.003091
-0.001669
-0.000598
0.000056
0.001540
0.002796
0.003515
0.003361
0.003782
0.003796
0.002709
0.002520
0.002017
0.000639
-0.000903
-0.001661
-0.002253
-0.003129
-0.003260
-0.002267
-0.001373
-0.000636
0.000429
0.000748
0.000710
0.000793
0.001467
0.001287
0.000326
0.000328
0.000017
-0.000211
-0.000726
0.000088
0.000366
-0.000022
0.000153
0.001003
0.001173
0.000485
0.000049
-0.000026
-0.000471
-0.000362
-0.000506
-0.000552
-0.000314
-0.000416
0.000121
0.000721
0.001062
0.000621
0.000685
0.001358
0.000954
0.001221
0.001532
0.001198
0.000140
-0.000884
-0.000830
-0.001083
-0.001327
-0.000753
-0.000498
-0.000385
0.001044
0.001983
0.001899
0.001902
0.002127
0.002098
0.000904
0.000137
-0.000424
-0.000721
-0.001351
-0.001498
-0.001830
-0.002306
-0.002695
-0.001435
-0.000642
-0.000079
0.001434
0.002080
0.001944
0.002133
0.002343
0.001992
0.001750
0.001922
0.002442
0.001950
0.000244
-0.000568
-0.000361
-0.001270
-0.002271
-0.001549
-0.001584
-0.002696
-0.001899
-0.000151
0.000376
0.000332
0.001863
0.003377
0.002370
0.002084
0.002712
0.001909
0.000598
0.000837
-0.000009
-0.000918
-0.001369
-0.001453
-0.000653
-0.000103
-0.000506
-0.000967
-0.000862
-0.000652
0.000088
0.000531
0.000520
0.000427
0.001021
0.001739
0.001414
0.001301
0.001846
0.001858
0.001393
0.001433
0.000590
0.000361
-0.000655
-0.001493
-0.001987
-0.002604
-0.002741
-0.002364
-0.002176
-0.002113
-0.000922
0.000268
0.000997
0.001603
0.002388
0.003290
0.003279
0.003724
0.004155
0.002963
0.001213
-0.000071
-0.000462
-0.001262
-0.002404
-0.001685
-0.001660
-0.001975
-0.000983
0.000072
0.000131
0.000583
0.001591
0.001978
0.002180
0.002121
0.001647
0.000872
0.000035
-0.000005
0.000572
-0.000105
-0.000989
-0.000477
-0.000046
-0.000397
-0.000038
0.000918
0.000590
-0.000194
-0.000018
0.000072
-0.000273
-0.000406
-0.000444
-0.000625
-0.000496
0.000765
0.001089
0.000826
0.000764
0.001689
0.001711
0.000474
-0.000671
-0.000447
0.000068
-0.000451
-0.000687
-0.000408
-0.000409
-0.000028
0.000405
0.000122
-0.000015
0.000101
0.000386
-0.000207
-0.000532
0.000004
0.000403
0.000841
0.000782
0.001435
0.001754
0.001543
0.001576
0.001826
0.001589
0.000050
-0.000638
-0.000820
-0.001037
-0.001812
-0.002168
-0.001369
-0.001466
-0.001025
-0.000583
-0.000662
-0.000289
0.000224
0.001037
0.000506
0.000452
0.001563
0.001727
0.001122
0.000326
0.000501
-0.000151
-0.001739
-0.001256
-0.000106
0.000184
0.000045
0.000487
0.000637
-0.000332
-0.000908
-0.000751
-0.001247
-0.001740
-0.000993
0.000239
0.001298
0.001167
0.000749
0.000704
0.000345
0.000541
0.001081
0.000845
0.000050
-0.000503
-0.000455
-0.000879
-0.001285
-0.000469
0.000153
0.000587
0.000761
0.001091
0.001242
0.001345
0.002200
0.002812
0.002724
0.001925
0.000921
-0.000554
-0.001705
-0.002974
-0.003484
-0.003662
-0.004097
-0.003386
-0.002346
-0.001883
-0.000257
0.001628
0.003176
0.003624
0.003569
0.003351
0.002987
0.002570
0.001848
0.001304
0.000490
0.000155
-0.000581
-0.002232
-0.004433
-0.005134
-0.004506
-0.003815
-0.002407
-0.000230
0.001452
0.003023
0.004505
0.005006
0.003662
0.002672
0.002292
0.001222
-0.001151
-0.002582
-0.002314
-0.002172
-0.002628
-0.002909
-0.002301
-0.001081
0.000029
0.001950
0.003595
0.003977
0.003562
0.003480
0.002988
0.001320
-0.001094
-0.002800
-0.003575
-0.003793
-0.001825
0.000627
0.001502
0.001521
0.002126
0.002671
0.001415
-0.001244
-0.003107
-0.004900
-0.006091
-0.004966
-0.002879
-0.000645
0.002329
0.006194
0.008423
0.009185
0.009365
0.008265
0.005437
0.002476
-0.000453
-0.003000
-0.005694
-0.008689
-0.010403
-0.010414
-0.010129
-0.007507
-0.003375
0.001085
0.004832
0.008446
0.011158
0.011119
0.009326
0.006838
0.004184
0.000176
-0.003190
-0.005016
-0.006582
-0.006160
-0.003601
-0.001388
-0.001114
0.000309
0.001967
0.001486
0.000785
0.000345
-0.000026
-0.000405
-0.001332
-0.001216
-0.000312
-0.000290
0.000518
0.001358
0.002042
0.002880
0.004344
0.005550
0.005387
0.003526
0.000792
-0.001869
-0.005362
-0.007180
-0.006528
-0.005450
-0.003545
-0.000848
0.002064
0.003990
0.005018
0.005528
0.005250
0.003451
0.000879
-0.001064
-0.003496
-0.004437
-0.004511
-0.003055
-0.000287
0.002880
0.005445
0.006099
0.005548
0.003848
0.001676
-0.001479
-0.004485
-0.005031
-0.004914
-0.004853
-0.004058
-0.001982
0.000314
0.001689
0.003225
0.004077
0.004198
0.004606
0.005396
0.005210
0.003169
0.000902
-0.001349
-0.004586
-0.006977
-0.007390
-0.006207
-0.004541
-0.002610
0.000686
0.002843
0.003722
0.004689
0.005183
0.004958
0.004131
0.003501
0.003213
0.002014
0.000343
-0.000031
-0.000486
-0.002789
-0.004046
-0.004433
-0.005499
-0.005399
-0.003180
0.000009
0.003525
0.006269
0.007959
0.007945
0.006171
0.003673
0.000272
-0.003258
-0.006327
-0.007351
-0.006553
-0.004873
-0.002434
0.000760
0.003809
0.005740
0.006925
0.007044
0.004792
0.001915
-0.000561
-0.003674
-0.005875
-0.006258
-0.004943
-0.003750
-0.002923
-0.001394
0.000568
0.001707
0.002985
0.003739
0.003541
0.003096
0.002336
0.001322
-0.001008
-0.002657
-0.003011
-0.002984
-0.002040
-0.000388
0.002421
0.005325
0.005902
0.005032
0.004009
0.002679
-0.000210
-0.002352
-0.003788
-0.005541
-0.006878
-0.006712
-0.004658
-0.002435
-0.000004
0.002505
0.003817
0.005871
0.007578
0.007521
0.006552
0.005920
0.005467
0.003341
0.000444
-0.001874
-0.004204
-0.007167
-0.009366
-0.009458
-0.008580
-0.006898
-0.003529
0.001301
0.005082
0.007552
0.009166
0.009373
0.007491
0.004562
0.001323
-0.002092
-0.004596
-0.005519
-0.004935
-0.003089
-0.001744
-0.000666
0.000949
0.001449
0.000499
-0.001048
-0.002014
-0.003286
-0.004168
-0.003577
-0.001088
0.002200
0.005071
0.006803
0.006575
0.005612
0.004427
0.002165
-0.001848
-0.004958
-0.006278
-0.006965
-0.006981
-0.006100
-0.002974
-0.000408
0.001641
0.005282
0.007352
0.007815
0.007460
0.007130
0.005600
0.002604
-0.000226
-0.002759
-0.004564
-0.006528
-0.007435
-0.005689
-0.004534
-0.002993
-0.001141
0.000266
0.001645
0.003226
0.004928
0.005654
0.005550
0.005565
0.004645
0.003846
0.002361
0.002141
0.002049
0.000113
-0.002062
-0.003557
-0.005483
-0.006029
-0.005640
-0.005592
-0.004866
-0.001664
0.002694
0.005823
0.007409
0.007730
0.006550
0.004597
0.001852
-0.000198
-0.003242
-0.005728
-0.005056
-0.002935
-0.001724
-0.001335
0.000477
0.002070
0.002484
0.001917
0.001663
0.001245
-0.000157
-0.001072
-0.000221
0.000382
0.000035
0.000591
0.001610
0.002198
0.002091
0.002470
0.002074
0.000380
-0.000824
-0.001544
-0.001847
-0.003121
-0.004155
-0.002793
-0.000814
0.000693
0.003063
0.005789
0.007582
0.007616
0.005577
0.002447
-0.000657
-0.003016
-0.006060
-0.008779
-0.008035
-0.005131
-0.002389
0.000341
0.004390
0.007165
0.008477
0.009478
0.009478
0.007245
0.003163
-0.000158
-0.004081
-0.007798
-0.009692
-0.008907
-0.006626
-0.004655
-0.001389
0.002520
0.005798
0.007459
0.007465
0.006906
0.005286
0.002882
-0.000246
-0.003232
-0.006074
-0.008187
-0.008559
-0.007961
-0.006251
-0.002549
0.001252
0.003843
0.006540
0.008990
0.009023
0.007370
0.005330
0.003487
0.000599
-0.002963
-0.004846
-0.004666
-0.004405
-0.004719
-0.003544
-0.002046
-0.001245
-0.000178
0.001246
0.001947
0.001341
0.001935
0.003578
0.004134
0.004130
0.004261
0.004381
0.003157
0.001257
0.000467
-0.002150
-0.005465
-0.006194
-0.006083
-0.005530
-0.004192
-0.001936
-0.000095
0.001087
0.003143
0.005173
0.005634
0.004891
0.004231
0.004010
0.001949
-0.000609
-0.000694
-0.001764
-0.003226
-0.003561
-0.004514
-0.004783
-0.004837
-0.004149
-0.002156
-0.000179
0.001998
0.004393
0.005582
0.006059
0.006465
0.006251
0.004280
0.001154
-0.000442
-0.002301
-0.004793
-0.005450
-0.005222
-0.004889
-0.004138
-0.001926
0.000109
0.000761
0.001042
0.001539
0.002248
0.002646
0.002994
0.002745
0.001989
0.000971
0.000099
0.000047
-0.000773
-0.001339
-0.001323
-0.001632
-0.001668
-0.001735
-0.000723
0.000191
-0.000049
0.000907
0.002688
0.003575
0.003627
0.003355
0.003761
0.003453
0.002107
0.000733
-0.001859
-0.004451
-0.005233
-0.005845
-0.006444
-0.005602
-0.002350
0.000909
0.002587
0.004718
0.006561
0.006695
0.005764
0.005249
0.004521
0.001480
-0.001229
-0.003071
-0.004369
-0.004827
-0.004054
-0.003114
-0.002945
-0.002283
-0.000557
0.001270
0.002210
0.002577
0.003525
0.003752
0.002864
0.002757
0.002306
0.001369
0.000323
-0.000137
-0.001172
-0.003095
-0.003252
-0.002168
-0.001268
-0.001215
-0.001039
0.000340
0.001022
0.001592
0.003673
0.004301
0.003632
0.003051
0.003073
0.001749
0.000007
-0.000800
-0.002275
-0.002953
-0.003709
-0.003179
-0.001985
-0.001162
-0.000092
0.001595
0.002519
0.002683
0.002801
0.003277
0.001615
0.000033
0.000078
-0.000028
-0.001339
-0.001605
-0.001085
-0.000239
0.000039
0.000621
0.001644
0.001750
0.001518
0.001566
0.001519
0.000889
-0.000073
-0.000605
-0.001733
-0.002331
-0.001215
-0.000804
-0.001239
-0.000334
0.000758
0.001255
0.001536
0.001888
0.001907
0.001738
0.001052
0.000968
-0.000155
-0.001638
-0.001942
-0.001711
-0.002025
-0.002029
-0.001308
-0.000338
0.000874
0.001783
0.002956
0.003724
0.002960
0.001808
0.001038
-0.000496
-0.002561
-0.002743
-0.001993
-0.001431
-0.000730
0.000386
0.001582
0.002151
0.002585
0.003262
0.003173
0.001518
0.000302
-0.000467
-0.001203
-0.001380
-0.000649
-0.000178
-0.000943
-0.001146
0.000149
0.000465
0.000558
0.001586
0.002078
0.001891
0.001232
0.001106
0.000449
-0.001292
-0.002054
-0.001779
-0.001941
-0.002053
-0.001004
0.000523
0.000853
0.000496
0.001359
0.001002
0.000042
-0.000059
0.000331
-0.000866
-0.002270
-0.001404
-0.000088
0.000890
0.001051
0.001891
0.002565
0.001505
0.000696
0.000395
-0.001034
-0.002417
-0.002924
-0.003098
-0.003100
-0.002854
-0.001255
0.000290
0.001059
0.002025
0.002425
0.001794
0.001909
0.002858
0.002770
0.001314
0.000166
-0.000457
-0.000830
-0.001011
-0.000926
-0.000636
-0.001274
-0.001701
-0.000367
0.000774
0.000474
0.001085
0.001519
0.002457
0.002326
0.001092
0.000880
-0.000035
-0.001197
-0.001289
-0.001438
-0.002724
-0.002472
-0.001303
-0.000992
-0.000336
0.000825
0.001018
0.000728
0.001418
0.002428
0.001830
0.001000
0.000946
0.000865
0.000016
-0.001100
-0.000711
0.000156
-0.000036
0.000334
0.001500
0.001437
0.000457
-0.000492
-0.000674
-0.001188
-0.001526
-0.001357
-0.001234
-0.001539
-0.001241
0.000106
0.000422
0.000402
0.001682
0.002278
0.002051
0.002197
0.001988
0.001979
0.001198
-0.000052
-0.001119
-0.002275
-0.002724
-0.002387
-0.001781
-0.001660
-0.001493
-0.000261
0.001004
0.001126
0.001958
0.002885
0.002484
0.001328
0.001075
0.000869
-0.000176
-0.000575
-0.000488
-0.000539
-0.001077
-0.000984
0.000368
0.000471
0.000180
0.001166
0.001589
0.001204
0.000892
0.000870
0.000471
-0.000611
-0.000968
-0.001119
-0.000677
-0.000703
-0.000989
-0.000140
-0.000163
-0.000175
0.000613
0.001256
0.001183
0.000754
0.000243
-0.000057
-0.000233
0.000052
0.000158
-0.000281
0.000381
0.001158
0.000962
0.000734
0.001202
0.001541
0.000995
0.000691
0.000506
0.000106
-0.000523
-0.000796
-0.000078
0.000215
-0.000367
0.000082
0.000981
0.000728
0.000144
0.000331
0.000667
0.000454
-0.000125
-0.000143
-0.000162
-0.000048
0.001486
0.002075
0.001794
0.001496
0.001909
0.002362
0.001767
0.000745
0.000618
0.000094
-0.000591
-0.000526
-0.000740
-0.001456
-0.001657
-0.001192
-0.000231
-0.000582
-0.000605
0.000305
0.000270
-0.000236
0.000688
0.001111
-0.000047
0.000440
0.001354
0.000828
-0.000086
0.000026
0.000281
0.000083
-0.001213
-0.000957
-0.000095
-0.000784
-0.001242
0.000171
0.000669
0.000669
0.001347
0.001516
0.000838
0.000308
0.000513
0.000264
-0.000882
-0.001517
-0.000809
-0.000461
-0.000717
-0.000730
-0.000966
-0.000708
-0.000252
0.001720
0.002410
0.001556
0.001885
0.002560
0.001540
0.000451
0.000032
-0.000350
-0.001556
-0.001884
-0.000911
-0.000692
-0.001753
-0.001317
-0.000107
0.000237
0.000490
0.001278
0.002111
0.001018
0.000638
0.000972
0.000182
-0.000020
-0.000485
-0.000647
-0.001367
-0.002217
-0.001851
-0.001508
-0.001785
-0.001462
-0.000032
0.000843
0.000224
0.000402
0.001863
0.001431
0.000410
0.001206
0.001823
0.001100
0.000469
0.000612
0.000274
-0.000606
0.000129
0.000967
0.000065
-0.000579
-0.000147
0.000136
-0.000369
-0.000775
0.000178
-0.000049
-0.000770
0.000273
0.000538
-0.000139
-0.000605
0.000263
0.000004
-0.000713
-0.000180
0.000678
0.000234
-0.000092
0.000213
0.000647
0.000080
-0.000730
0.000261
0.000277
-0.000735
-0.000958
-0.000545
-0.000909
-0.001817
-0.001420
-0.000664
-0.000156
0.000374
0.001929
0.001669
0.001312
0.002165
0.002667
0.001870
0.000942
0.001211
0.001004
-0.000883
-0.001462
-0.000682
-0.001292
-0.002237
-0.001314
-0.000452
-0.000126
0.000634
0.001810
0.002493
0.002210
0.002182
0.002521
0.001772
0.000593
0.000001
-0.000566
-0.001934
-0.002765
-0.002289
-0.001976
-0.001955
-0.001406
-0.000450
-0.000016
0.000377
0.001395
0.002259
0.001880
0.001555
0.002780
0.003160
0.001492
0.000495
0.000977
-0.000513
-0.001380
-0.000793
0.000104
-0.000713
-0.001601
-0.000018
0.000751
-0.000216
-0.000318
0.000973
0.000899
-0.000017
-0.000258
-0.000172
-0.000681
-0.000905
-0.000395
0.000390
0.000532
0.000413
0.001008
0.001049
0.000787
0.002000
0.002819
0.001918
0.001141
0.000781
-0.000287
-0.001807
-0.001873
-0.000818
-0.001275
-0.001932
-0.001079
-0.000564
-0.000758
0.000002
0.000733
0.001074
0.001276
0.001780
0.002259
0.001539
0.000881
0.001008
0.000972
-0.000699
-0.001357
-0.000456
-0.000831
-0.001682
-0.000964
0.000269
-0.000253
-0.000445
0.001015
0.001615
0.001440
0.001851
0.002182
0.001038
0.000306
0.000768
0.000885
-0.000005
-0.000180
0.000111
0.000409
-0.000342
-0.000149
0.000338
0.000064
-0.000028
0.000110
0.000172
-0.000363
-0.000552
-0.000232
0.000090
0.000097
0.000756
0.001259
0.001149
0.000630
0.001398
0.001959
0.000537
0.000202
0.000643
-0.000220
-0.001572
-0.001640
-0.001172
-0.001684
-0.002087
-0.001024
-0.000017
-0.000220
0.000108
0.001132
0.001517
0.001422
0.001335
0.001434
0.000995
0.000484
0.001528
0.002046
0.000888
0.000940
0.001548
0.000823
0.000073
-0.000498
-0.000794
-0.001172
-0.001468
-0.000803
-0.000632
-0.001296
-0.001209
0.000447
0.001309
0.000925
0.001453
0.001999
0.001242
0.000933
0.002060
0.001788
0.000417
-0.000007
-0.000081
-0.000453
-0.001252
-0.001475
-0.000606
-0.000578
-0.000417
0.000728
0.001354
0.000944
0.001069
0.001747
0.000879
-0.000005
0.000013
0.000235
-0.000694
-0.000806
-0.000187
-0.000463
-0.000784
-0.000743
-0.000121
0.000370
0.000339
0.000202
0.000295
-0.000190
-0.000169
0.000273
-0.000356
-0.001828
-0.001739
-0.001133
-0.001431
-0.001568
-0.000222
0.000566
0.000766
0.000753
0.001290
0.001955
0.001840
0.002133
0.002085
0.001246
0.000481
0.000100
0.000112
-0.001431
-0.002166
-0.001032
-0.001002
-0.001744
-0.001106
0.000130
0.000685
0.000935
0.002226
0.002904
0.001730
0.001465
0.002213
0.000481
-0.000649
-0.000587
-0.000666
-0.001375
-0.001851
-0.000622
0.000184
-0.000309
0.000346
0.001094
0.000674
0.000394
0.000620
0.000793
-0.000682
-0.002046
-0.001670
-0.001429
-0.001502
-0.001271
-0.000173
0.000495
0.001092
0.002105
0.002180
0.001662
0.001391
0.001674
0.000795
-0.000645
-0.000765
-0.001007
-0.002047
-0.002894
-0.001682
-0.001209
-0.001804
-0.001061
0.000276
0.000555
0.001259
0.002037
0.002381
0.001776
0.001267
0.001784
0.001602
0.000884
0.000453
0.000435
-0.000072
-0.000676
-0.000331
0.000093
0.000023
-0.000367
-0.000235
-0.000080
-0.000563
-0.000101
0.001276
0.001384
0.000725
0.000308
0.000497
0.000133
0.000028
0.000581
0.000490
0.000081
-0.000286
0.000429
0.000530
0.000133
0.001098
0.001070
0.000986
0.000896
0.000590
0.000376
-0.000164
-0.000343
0.000027
-0.000531
-0.001041
-0.000344
-0.000037
-0.000800
-0.000860
0.000148
-0.000204
-0.001059
-0.000371
0.000719
0.000173
0.000012
0.001469
0.001533
0.000490
0.000359
0.000770
0.000473
-0.000002
0.000098
0.000353
0.000350
0.000191
0.000583
0.000796
0.000427
0.000228
0.000777
0.000646
-0.000340
0.000428
0.000852
-0.000500
-0.001067
-0.000257
-0.000367
-0.000850
0.000018
0.000801
0.000337
0.000389
0.002032
0.002452
0.002226
0.002414
0.002274
0.002694
0.001779
-0.000036
-0.000403
-0.001015
-0.001962
-0.001988
-0.001716
-0.002133
-0.001439
-0.000295
-0.000337
-0.000203
0.001319
0.002436
0.002302
0.001693
0.001699
0.001643
0.000164
-0.000232
0.001003
0.000380
-0.001067
-0.001177
-0.000404
-0.000318
-0.000283
0.000797
0.001109
0.000800
0.000917
0.001194
0.001266
0.000449
0.000028
0.000283
-0.000991
-0.001321
-0.000922
-0.001427
-0.001410
-0.000898
0.000297
0.000617
0.000357
0.000475
0.001465
0.000927
0.000806
0.002171
0.001663
0.000193
0.000054
0.000833
0.000356
-0.000805
-0.000226
0.000420
-0.000323
-0.000439
0.000876
0.000806
0.000002
0.000320
0.001263
0.000199
-0.000381
0.000746
0.000630
-0.000541
-0.000268
0.000263
0.000083
-0.000328
0.000354
0.001268
0.001233
0.001016
0.001189
0.001860
0.001490
0.001226
0.001408
0.000255
-0.001277
-0.000870
-0.000408
-0.001095
-0.001085
0.000516
0.000899
-0.000052
0.000341
0.001193
0.001529
0.000945
0.000755
0.001168
-0.000069
-0.001004
-0.000335
-0.000506
-0.001348
-0.000717
0.000581
0.000440
-0.000011
0.002113
0.003324
0.001869
0.001127
0.001911
0.001637
0.000272
0.000386
0.001161
0.000077
-0.000849
-0.000658
0.000371
0.000358
-0.000259
0.000627
0.001201
0.000752
0.000805
0.000909
0.000285
0.000140
0.000644
0.000796
0.000491
0.000555
0.000798
0.000239
-0.000410
0.000501
0.000885
0.000424
0.000095
0.000626
0.001311
0.000312
-0.000116
0.001492
0.001578
0.000944
0.001517
0.001946
0.001216
0.000845
0.000946
0.000077
-0.001094
-0.000945
-0.000618
-0.000759
-0.001290
-0.001307
-0.000936
-0.000616
-0.000995
-0.000038
0.000869
0.000121
0.000976
0.002041
0.001913
0.001814
0.001836
0.001819
0.001674
0.001514
0.001819
0.001258
-0.000236
-0.000087
0.000537
0.000391
0.000153
0.000488
0.000906
0.000507
-0.000189
0.001080
0.000844
-0.000908
-0.000785
-0.000393
-0.000895
-0.001288
-0.000755
0.000504
-0.000498
-0.000246
0.001128
0.001665
0.001567
0.001530
0.002286
0.001426
0.000853
0.001614
0.001211
0.000119
-0.000581
-0.000505
-0.000035
-0.000534
-0.000405
0.000651
0.000264
0.000183
0.001062
0.000851
0.000487
0.000721
0.000679
-0.000354
-0.001410
-0.001078
-0.000109
-0.000717
-0.001247
0.000085
0.000814
0.000964
0.001652
0.002412
0.001936
0.001279
0.002085
0.002078
0.000525
-0.000310
-0.000651
-0.001237
-0.001935
-0.001374
-0.001277
-0.001112
-0.000570
0.000478
0.000991
0.000114
0.000989
0.002643
0.002302
0.001013
0.000548
0.000722
-0.000076
0.000271
0.000708
-0.000330
-0.001289
-0.000899
0.000055
-0.000346
-0.000628
0.000145
0.001605
0.000945
0.000293
0.001794
0.001827
0.000315
0.000273
0.001425
0.000356
-0.000765
-0.000150
-0.000364
-0.000882
-0.001052
0.000157
0.000298
-0.000852
-0.000005
0.000841
0.000385
0.000160
0.001416
0.001666
0.000593
0.000268
0.000951
0.001325
0.000834
0.000648
0.000637
0.000364
-0.000048
0.000493
-0.000042
-0.001225
-0.000828
0.000385
0.000177
-0.000652
0.000035
0.000847
0.000462
0.000352
0.001391
0.001560
0.000673
0.000674
0.001311
0.000242
-0.000568
-0.000201
0.000089
-0.000613
-0.000937
0.000460
0.000469
0.000128
0.000704
0.001372
0.001034
0.000168
0.000690
0.001393
0.000221
-0.001049
-0.000863
-0.000746
-0.002024
-0.001821
-0.000997
-0.001311
-0.001161
-0.000350
-0.000129
-0.000464
-0.000274
0.001264
0.001987
0.001775
0.002044
0.002179
0.001369
0.000694
0.000648
0.000439
-0.000466
-0.000788
-0.000500
-0.001064
-0.001237
-0.000521
0.000442
0.000190
-0.000525
0.000239
0.000264
-0.000932
-0.001467
-0.000148
-0.000009
-0.000284
0.000608
0.001325
0.001034
0.000919
0.001975
0.002047
0.000543
0.000551
0.001297
0.000432
-0.000404
-0.000047
0.000279
-0.000466
-0.000978
0.000034
0.000875
0.000176
-0.000001
0.001245
0.001495
0.000846
0.001213
0.002404
0.001055
0.000045
0.000711
0.000898
-0.000683
-0.001169
-0.000046
-0.000198
-0.001057
-0.000388
0.000283
-0.000259
0.000109
0.000953
0.001250
0.000797
0.000642
0.001289
0.001194
0.000341
0.000373
0.000789
-0.000376
-0.000907
-0.000074
-0.000673
-0.001264
-0.000602
0.000346
-0.000103
-0.000312
0.000250
0.000514
-0.000303
-0.000571
0.000927
0.000386
-0.000977
-0.000447
0.000449
0.000112
-0.000253
0.000397
0.001220
0.000883
-0.000083
0.000463
0.000318
-0.000121
0.000110
0.000412
-0.000191
-0.000394
0.000310
0.000549
0.000363
0.000673
0.001314
0.001126
0.000764
0.001031
0.001178
0.000123
-0.000570
-0.000321
-0.000093
-0.000475
-0.000860
-0.000778
-0.000975
-0.001148
-0.000703
0.000642
0.000686
0.000787
0.001538
0.001485
0.000750
0.001065
0.001938
0.001256
0.000316
0.000713
0.001129
0.000707
-0.000184
-0.002385
-0.005296
-0.007494
-0.006828
-0.003262
0.001327
0.006338
0.010980
0.012666
0.009527
0.002769
-0.003838
-0.010351
-0.014720
-0.014517
-0.010122
-0.004479
0.001921
0.009427
0.013927
0.012790
0.009212
0.007206
0.004652
-0.000280
-0.004103
-0.005746
-0.008156
-0.010915
-0.010141
-0.007311
-0.004630
-0.002175
0.001519
0.005148
0.007552
0.008558
0.008597
0.006142
0.000744
-0.002908
-0.004992
-0.005722
-0.004027
-0.001556
0.000794
0.002383
0.003719
0.005940
0.005265
0.002499
0.000429
-0.002477
-0.006210
-0.006349
-0.004741
-0.004577
-0.003225
0.000447
0.003701
0.006400
0.008610
0.009957
0.009707
0.007214
0.004028
0.000157
-0.006812
-0.014576
-0.018509
-0.017289
-0.011972
-0.003342
0.007920
0.015774
0.017645
0.016245
0.011351
0.002562
-0.006333
-0.011655
-0.011814
-0.006821
0.000645
0.010155
0.017460
0.017617
0.011000
-0.000607
-0.013036
-0.022451
-0.025172
-0.024105
-0.020497
-0.011871
-0.000201
0.010356
0.019598
0.026250
0.027701
0.024221
0.016405
0.007713
0.000253
-0.005448
-0.008941
-0.010621
-0.012626
-0.015934
-0.017401
-0.016735
-0.012091
-0.003166
0.008617
0.019409
0.026664
0.028710
0.022899
0.008330
-0.008843
-0.021222
-0.028584
-0.031036
-0.028831
-0.021982
-0.013199
-0.002069
0.012937
0.027810
0.036826
0.038063
0.033068
0.022772
0.007896
-0.006614
-0.016011
-0.020814
-0.021838
-0.020963
-0.019364
-0.016542
-0.010129
0.001549
0.011862
0.016786
0.017015
0.012039
0.002191
-0.010965
-0.019208
-0.019294
-0.012317
-0.000340
0.012896
0.025173
0.033021
0.034554
0.028330
0.012073
-0.008261
-0.025258
-0.036765
-0.040171
-0.033816
-0.018919
-0.003671
0.007365
0.013324
0.015080
0.013468
0.012536
0.013478
0.013000
0.004864
-0.006227
-0.014017
-0.017005
-0.015264
-0.008030
0.002860
0.013623
0.018604
0.018308
0.013993
0.008051
0.006047
0.007456
0.007607
0.000678
-0.012083
-0.027678
-0.041606
-0.045712
-0.036041
-0.015093
0.008403
0.029702
0.046657
0.053180
0.048065
0.033835
0.015710
-0.004230
-0.023770
-0.036762
-0.042643
-0.041688
-0.032661
-0.016528
-0.000728
0.012726
0.020974
0.022797
0.018576
0.012327
0.007983
0.004151
-0.000628
-0.005127
-0.006802
-0.006139
-0.004471
-0.001482
0.002975
0.006703
0.009912
0.012868
0.013605
0.009347
0.001770
-0.006282
-0.016099
-0.025237
-0.029031
-0.024546
-0.014619
-0.002195
0.009567
0.018256
0.022678
0.025057
0.023742
0.018489
0.010528
0.001822
-0.006685
-0.016085
-0.023371
-0.026292
-0.025751
-0.019389
-0.007230
0.007734
0.020389
0.026634
0.026612
0.021771
0.012285
0.003521
-0.001719
-0.006032
-0.011877
-0.015857
-0.017974
-0.019437
-0.018201
-0.012102
-0.002054
0.007853
0.016471
0.023575
0.026521
0.024138
0.017886
0.011584
0.005172
-0.000432
-0.004147
-0.008573
-0.016939
-0.026608
-0.032483
-0.034783
-0.031858
-0.020561
-0.004354
0.010828
0.022402
0.027697
0.027419
0.024408
0.021022
0.018724
0.015410
0.009740
0.003607
-0.001866
-0.007265
-0.009970
-0.010741
-0.012295
-0.014912
-0.016594
-0.015751
-0.012285
-0.005936
0.004108
0.012972
0.016100
0.013578
0.004939
-0.007297
-0.017411
-0.020795
-0.017021
-0.006936
0.004809
0.017357
0.026339
0.030638
0.031572
0.028567
0.019845
0.007795
-0.005583
-0.020049
-0.035532
-0.047749
-0.051721
-0.046873
-0.031642
-0.008329
0.019456
0.042536
0.056185
0.061176
0.056982
0.042427
0.022460
0.000164
-0.021904
-0.040927
-0.050928
-0.050779
-0.043783
-0.031233
-0.014212
0.004059
0.018906
0.027976
0.031892
0.030081
0.022072
0.011231
0.000530
-0.008674
-0.015215
-0.016773
-0.015716
-0.013341
-0.008555
-0.001809
0.004170
0.010347
0.017110
0.021735
0.022237
0.018564
0.012661
0.005564
-0.001813
-0.007814
-0.012692
-0.017687
-0.023421
-0.025702
-0.024926
-0.021010
-0.013015
-0.000756
0.013198
0.023690
0.029278
0.029727
0.024918
0.016536
0.007360
-0.000389
-0.006605
-0.011211
-0.012427
-0.011804
-0.010297
-0.008302
-0.004949
-0.003446
-0.004970
-0.004847
-0.004141
-0.003825
-0.001006
0.004042
0.008968
0.012758
0.016309
0.018060
0.017950
0.015785
0.011037
0.005198
-0.002598
-0.010122
-0.015827
-0.021330
-0.025900
-0.026556
-0.023962
-0.019764
-0.013363
-0.003556
0.007008
0.016494
0.023945
0.030720
0.033963
0.032479
0.027533
0.019920
0.007896
-0.006854
-0.019280
-0.028249
-0.032540
-0.032471
-0.026751
-0.017780
-0.008888
0.002041
0.012937
0.019857
0.024276
0.025870
0.022718
0.014745
0.006054
-0.003345
-0.012350
-0.019859
-0.023151
-0.022388
-0.018824
-0.014152
-0.006707
0.002030
0.010027
0.018861
0.026015
0.028398
0.025365
0.019100
0.010881
0.000825
-0.008577
-0.014972
-0.018936
-0.020562
-0.019484
-0.014977
-0.010768
-0.006341
0.000289
0.006836
0.011171
0.012470
0.012068
0.010277
0.006321
0.001956
-0.001782
-0.003434
-0.004030
-0.002490
-0.000492
-0.000868
-0.001889
-0.001585
-0.000814
-0.000467
0.002370
0.006784
0.009555
0.011112
0.011810
0.009778
0.003418
-0.004978
-0.011757
-0.018130
-0.021890
-0.021827
-0.017462
-0.010535
-0.003293
0.006085
0.014470
0.019618
0.021667
0.022240
0.020741
0.015622
0.008367
0.000326
0.000198
-0.001231
-0.012371
-0.014958
-0.016957
-0.017753
-0.016201
-0.012604
-0.007423
-0.000664
0.008135
0.014443
0.016333
0.017102
0.014294
0.007552
0.000325
-0.004109
-0.006751
-0.007978
-0.006271
-0.002992
-0.000244
0.001657
0.003785
0.005177
0.005542
0.005723
0.005736
0.002715
-0.002515
-0.005659
-0.008439
-0.011689
-0.012650
-0.010738
-0.008195
-0.005492
-0.000733
0.005326
0.009317
0.011979
0.014448
0.014895
0.013399
0.010535
0.007967
0.004501
0.000318
-0.003112
-0.006218
-0.009466
-0.012009
-0.012162
-0.012940
-0.014432
-0.013179
-0.009247
-0.005602
-0.001343
0.004496
0.010072
0.014967
0.018785
0.020461
0.018876
0.014593
0.008518
0.002671
-0.004047
-0.010718
-0.013917
-0.014942
-0.014216
-0.012148
-0.006793
-0.000958
0.002798
0.005809
0.007980
0.007589
0.003209
-0.001231
-0.004400
-0.008124
-0.009470
-0.008255
-0.005265
-0.001527
0.003031
0.009203
0.014385
0.016015
0.017831
0.018396
0.014920
0.007761
-0.000221
-0.009243
-0.018552
-0.024026
-0.024509
-0.022114
-0.016900
-0.007396
0.003400
0.011258
0.016752
0.018605
0.017272
0.013128
0.007546
0.001544
-0.004611
-0.010057
-0.011937
-0.011955
-0.011033
-0.008195
-0.003009
0.002880
0.007472
0.011921
0.014600
0.014216
0.011584
0.008618
0.005435
-0.000098
-0.005315
-0.008596
-0.011730
-0.015390
-0.016664
-0.015849
-0.013107
-0.009397
-0.003197
0.004473
0.009197
0.013437
0.015697
0.015051
0.012327
0.008861
0.005436
0.000828
-0.003379
-0.004819
-0.005164
-0.005640
-0.005392
-0.003347
-0.002074
-0.001498
-0.000131
0.001770
0.002632
0.002248
0.002825
0.002922
0.001376
-0.000215
-0.002348
-0.004863
-0.006519
-0.006361
-0.005011
-0.003125
0.001002
0.006189
0.008734
0.009210
0.008960
0.008089
0.005154
0.001141
-0.002052
-0.005480
-0.008258
-0.008428
-0.006116
-0.004194
-0.002502
0.000924
0.004184
0.006073
0.008275
0.010053
0.010351
0.008261
0.004147
-0.000435
-0.006885
-0.014074
-0.018239
-0.019147
-0.017950
-0.012792
-0.003972
0.006463
0.014626
0.020900
0.023941
0.023031
0.018798
0.013053
0.006302
-0.002647
-0.010757
-0.014975
-0.018391
-0.020217
-0.018317
-0.012367
-0.006451
-0.000681
0.006246
0.011625
0.013121
0.012370
0.010873
0.006351
-0.000208
-0.004997
-0.008254
-0.010821
-0.011452
-0.009120
-0.005434
-0.001321
0.003628
0.010053
0.013912
0.014258
0.013198
0.010960
0.006219
0.000304
-0.003433
-0.006945
-0.010552
-0.011834
-0.011826
-0.012227
-0.012034
-0.008169
-0.003123
0.000413
0.003802
0.007892
0.010996
0.012295
0.012402
0.011906
0.008849
0.004521
0.000789
-0.003209
-0.006480
-0.007916
-0.007869
-0.006828
-0.005003
-0.001634
0.002578
0.004401
0.006024
0.008788
0.007677
0.004906
0.002465
0.000525
-0.003300
-0.006304
-0.007439
-0.007598
-0.007296
-0.006214
-0.003628
0.000364
0.003082
0.004909
0.006622
0.006756
0.004315
0.002385
0.000901
-0.001422
-0.002702
-0.002094
-0.001307
-0.001243
0.000268
0.002364
0.003389
0.003992
0.004087
0.003427
0.001909
0.000479
-0.000585
-0.003205
-0.006083
-0.006453
-0.005990
-0.005985
-0.005779
-0.003301
-0.000094
0.001822
0.003623
0.005992
0.007323
0.007212
0.006925
0.007230
0.005510
0.003254
0.002086
0.000037
-0.003097
-0.005049
-0.005982
-0.007789
-0.008297
-0.006083
-0.003046
-0.001475
0.000402
0.003179
0.004174
0.004010
0.004395
0.004697
0.003648
0.001849
0.001335
0.000846
0.000243
0.001246
0.003443
0.004589
0.005079
0.005165
0.004862
0.002033
-0.002721
-0.006719
-0.010974
-0.015574
-0.018065
-0.016785
-0.013366
-0.008542
-0.001165
0.007399
0.013974
0.018860
0.022410
0.023117
0.019622
0.012996
0.005750
-0.002557
-0.011095
-0.016086
-0.017434
-0.018000
-0.016054
-0.010547
-0.004056
0.000230
0.003786
0.007463
0.008628
0.007651
0.006326
0.004457
0.000923
-0.001361
-0.001788
-0.001676
-0.001427
0.000874
0.004681
0.007068
0.008099
0.009372
0.008643
0.004843
0.001231
-0.001818
-0.006352
-0.010852
-0.012759
-0.012517
-0.011341
-0.009097
-0.004749
0.000812
0.005025
0.008751
0.012292
0.012801
0.011807
0.010371
0.007542
0.003361
-0.000149
-0.002758
-0.005746
-0.008340
-0.009006
-0.008784
-0.008289
-0.006806
-0.003262
0.000309
0.002382
0.004304
0.006457
0.006841
0.005601
0.005368
0.004589
0.002240
-0.000582
-0.001987
-0.002813
-0.005772
-0.006190
-0.004667
-0.004951
-0.005081
-0.002830
-0.000345
0.000870
0.002746
0.005631
0.007791
0.007843
0.007860
0.008207
0.005715
0.001361
-0.001592
-0.003930
-0.007461
-0.009020
-0.007616
-0.006014
-0.004637
-0.001581
0.002419
0.003592
0.003682
0.004620
0.004667
0.002825
0.000767
0.000444
-0.000421
-0.001606
-0.001170
-0.000369
0.000069
0.001300
0.002604
0.003262
0.002764
0.001650
0.000696
-0.000768
-0.002842
-0.002906
-0.001817
-0.001461
-0.001056
0.001389
0.003404
0.003416
0.003477
0.003158
0.001436
-0.001487
-0.002589
-0.002728
-0.004235
-0.004486
-0.002490
-0.000309
0.000951
0.002863
0.005968
0.007620
0.008220
0.007843
0.005558
0.003420
0.000470
-0.002603
-0.005445
-0.008098
-0.009020
-0.008764
-0.008881
-0.008187
-0.004588
-0.001195
0.002009
0.005683
0.010226
0.013015
0.013133
0.013439
0.012429
0.007783
0.002485
-0.001977
-0.007292
-0.012162
-0.014601
-0.014539
-0.014040
-0.011977
-0.006774
-0.000290
0.004642
0.009250
0.013885
0.015949
0.015297
0.013369
0.010710
0.005391
-0.000614
-0.004751
-0.008948
-0.011948
-0.012330
-0.010706
-0.008131
-0.005620
-0.001728
0.003106
0.004679
0.006055
0.007911
0.008810
0.006916
0.005112
0.004349
0.002810
0.000533
-0.001049
-0.001667
-0.002344
-0.002464
-0.001795
-0.002305
-0.003713
-0.003130
-0.001961
-0.001589
-0.000714
0.000161
0.001320
0.002284
0.003207
0.003621
0.003859
0.002434
0.001343
0.001163
-0.000133
-0.001352
-0.001436
-0.000826
-0.000947
-0.001511
-0.000120
0.000884
0.000133
0.001011
0.002440
0.002245
0.001649
0.002202
0.001591
-0.000280
-0.000949
-0.001074
-0.001808
-0.003487
-0.003454
-0.002171
-0.001320
-0.000539
0.001685
0.004010
0.004050
0.004217
0.005539
0.004135
0.001576
-0.000072
-0.001145
-0.003640
-0.005470
-0.004343
-0.003289
-0.003114
-0.000218
0.003295
0.004225
0.005266
0.007593
0.007246
0.004925
0.003224
0.001985
-0.000570
-0.003378
-0.005201
-0.006458
-0.006335
-0.005858
-0.004560
-0.001572
-0.000565
0.000864
0.003285
0.004943
0.004444
0.004885
0.005216
0.003892
0.003167
0.002949
0.001874
-0.000363
-0.001956
-0.001880
-0.003020
-0.004684
-0.004628
-0.004231
-0.003936
-0.003344
-0.001844
-0.000186
-0.000075
0.001399
0.003028
0.003423
0.004431
0.005254
0.005325
0.004219
0.003012
0.001927
0.000032
-0.002618
-0.003564
-0.003099
-0.003627
-0.003673
-0.001792
0.001006
0.002830
0.003160
0.003942
0.004048
0.002591
0.001360
-0.000446
-0.002811
-0.003613
-0.003154
-0.001908
-0.000179
0.002143
0.005138
0.006657
0.006370
0.006558
0.006300
0.003102
-0.001192
-0.004774
-0.007637
-0.010102
-0.010920
-0.009446
-0.007185
-0.004740
-0.000237
0.004790
0.007675
0.010539
0.013460
0.013440
0.011419
0.009041
0.006430
0.002390
-0.001768
-0.004476
-0.006951
-0.009343
-0.010020
-0.009451
-0.008429
-0.006811
-0.004189
-0.000896
0.001141
0.002689
0.005474
0.007829
0.007840
0.007691
0.008370
0.007554
0.006685
0.005738
0.003623
0.000786
-0.002154
-0.003319
-0.004463
-0.006645
-0.007926
-0.007181
-0.006627
-0.006898
-0.004790
-0.003061
-0.002354
-0.000350
0.002227
0.005094
0.006408
0.007395
0.009199
0.008992
0.007548
0.006467
0.004461
0.000823
-0.002741
-0.004518
-0.007104
-0.008960
-0.008404
-0.005828
-0.004175
-0.002868
0.000025
0.002949
0.003939
0.004123
0.004472
0.003997
0.002462
0.001248
0.000672
-0.000312
-0.001013
-0.000086
0.001108
0.001659
0.002554
0.003255
0.003166
0.001508
0.000882
0.000613
-0.001231
-0.002376
-0.002262
-0.001974
-0.002080
-0.001687
0.000462
0.001633
0.001745
0.003171
0.004049
0.002948
0.001734
0.001697
0.000747
-0.001242
-0.002099
-0.001502
-0.001818
-0.001508
0.000012
0.001467
0.002105
0.002209
0.003619
0.003374
0.002009
0.001665
0.000411
-0.001550
-0.002371
-0.002120
-0.002808
-0.003273
-0.001973
-0.000088
0.000181
0.000283
0.001541
0.002128
0.002036
0.002026
0.001991
0.001507
0.000316
-0.000794
-0.001158
-0.001937
-0.002902
-0.003334
-0.002397
-0.001821
-0.001335
0.000700
0.002174
0.002763
0.004109
0.005190
0.004344
0.002880
0.002517
0.001066
-0.001675
-0.003574
-0.003827
-0.003411
-0.003178
-0.002259
-0.000345
0.000851
0.001933
0.004116
0.005830
0.004847
0.002466
0.001317
-0.000184
-0.002697
-0.004346
-0.003904
-0.003544
-0.003660
-0.001530
0.001269
0.002546
0.004050
0.005262
0.004527
0.002910
0.002173
0.001191
-0.001395
-0.004580
-0.005261
-0.005152
-0.005416
-0.004030
-0.001734
0.000133
0.001685
0.004489
0.007670
0.008005
0.007452
0.006790
0.005310
0.001854
-0.001343
-0.003690
-0.006950
-0.009008
-0.008346
-0.008095
-0.008205
-0.006879
-0.003809
-0.001106
0.000967
0.004189
0.006847
0.007441
0.007770
0.008152
0.007783
0.006245
0.004117
0.002395
0.001028
-0.001726
-0.003451
-0.004300
-0.005440
-0.005584
-0.004331
-0.003593
-0.003571
-0.002104
0.000205
0.001775
0.002490
0.003371
0.003726
0.003384
0.002681
0.002327
0.001623
-0.000518
-0.001184
-0.001176
-0.001720
-0.002358
-0.001314
0.000164
0.000019
0.000540
0.001983
0.002984
0.002744
0.002688
0.003260
0.001892
-0.000109
-0.000343
-0.000688
-0.002123
-0.002356
-0.001157
-0.000746
-0.001658
-0.001571
-0.000216
-0.000597
-0.000313
0.001307
0.001267
0.001218
0.001846
0.002614
0.002633
0.002528
0.002372
0.002404
0.001523
0.000306
0.000442
-0.000277
-0.002602
-0.003631
-0.003623
-0.003854
-0.004020
-0.003113
-0.001507
-0.000434
0.000948
0.003014
0.004549
0.004217
0.004295
0.005605
0.004435
0.002154
0.001682
0.000544
-0.001637
-0.002679
-0.002513
-0.001337
-0.000457
0.000299
0.001291
0.001857
0.002058
0.002087
0.001933
0.000242
-0.001231
-0.001758
-0.003027
-0.004449
-0.004530
-0.003358
-0.002641
-0.001604
0.000640
0.003304
0.005570
0.007166
0.008277
0.007728
0.005545
0.003898
0.001722
-0.001979
-0.005197
-0.006939
-0.007572
-0.007942
-0.006869
-0.003024
-0.000971
0.000145
0.002750
0.005094
0.005510
0.005128
0.004669
0.003093
0.000726
-0.000413
-0.000654
-0.001552
-0.002931
-0.002757
-0.001530
-0.001503
-0.001386
0.000626
0.001768
0.001568
0.001779
0.002156
0.001346
-0.000011
-0.000065
-0.000180
-0.001109
-0.001225
-0.000606
-0.000113
-0.000290
0.000745
0.001858
0.001091
0.000381
0.000605
0.000818
-0.000333
-0.000765
-0.000122
0.000177
-0.000256
0.000494
0.002207
0.002375
0.001790
0.001916
0.001709
0.000644
0.000051
-0.000357
-0.001706
-0.002601
-0.002139
-0.001997
-0.002230
-0.001674
0.000077
0.001315
0.001108
0.001741
0.002848
0.002507
0.002062
0.001852
0.000540
-0.000618
-0.000954
-0.000056
-0.000075
-0.000145
0.000305
0.001581
0.001695
0.002087
0.002745
0.002885
0.002290
0.001221
0.000243
-0.000918
-0.002691
-0.003167
-0.002703
-0.002511
-0.002387
-0.001071
0.000164
0.001260
0.002638
0.003716
0.004114
0.003861
0.003969
0.003723
0.002220
0.000474
-0.000120
-0.001655
-0.003296
-0.004060
-0.003810
-0.003201
-0.003297
-0.002104
-0.000186
0.000762
0.001495
0.003351
0.004657
0.004154
0.003792
0.003860
0.003279
0.001923
0.001765
0.001742
0.000402
-0.001052
-0.001262
-0.001438
-0.002783
-0.002210
-0.000970
-0.001407
-0.001670
-0.000839
0.000260
-0.000087
-0.000406
0.001084
0.001330
0.000496
0.000413
0.001295
0.001516
0.000950
0.001388
0.001763
0.000867
0.000799
0.000830
0.000517
0.000192
0.000763
0.001431
0.000426
0.000050
0.000709
0.000495
-0.000181
-0.000464
-0.000219
-0.001625
-0.003318
-0.003037
-0.002092
-0.002086
-0.002395
-0.001013
0.000854
0.001720
0.002542
0.004207
0.004919
0.004615
0.003964
0.003331
0.001639
-0.000446
-0.000667
-0.001138
-0.002361
-0.002442
-0.001917
-0.002130
-0.002021
-0.000681
0.000546
0.001044
0.001904
0.002081
0.002176
0.001492
0.001272
0.001771
0.001496
0.001356
0.001409
0.001261
0.000915
0.000886
0.002350
0.002331
0.001433
0.001737
0.001506
0.000662
-0.000684
-0.001894
-0.002398
-0.003279
-0.003377
-0.001961
-0.001055
-0.000979
-0.000082
0.001250
0.001803
0.002266
0.002979
0.002729
0.001817
0.001792
0.000992
-0.000989
-0.001831
-0.001805
-0.000802
-0.000688
-0.000697
0.001565
0.002421
0.002031
0.002512
0.003212
0.002862
0.002243
0.001374
0.000585
-0.001073
-0.002956
-0.003144
-0.003460
-0.004133
-0.003571
-0.001390
-0.000559
-0.000042
0.002091
0.004440
0.004803
0.004661
0.005029
0.004594
0.002668
0.001844
0.000978
-0.000106
-0.001349
-0.001604
-0.001054
-0.001648
-0.001726
-0.001335
-0.001092
-0.000963
-0.000669
-0.000369
-0.001363
-0.001742
-0.000431
-0.000457
-0.000972
0.000076
0.001696
0.001340
